479.647014 -1964.882500 -643.732145 -791.629974 775.918306 -629.964083 747.685185
479.646193 -1964.880208 -643.729583 -791.629810 775.917845 -629.965798 747.685101
479.641076 -1964.878465 -643.729039 -791.627992 775.917571 -629.967472 747.685026
479.638220 -1964.876587 -643.727739 -791.627094 775.917229 -629.969103 747.684958
479.635513 -1964.874786 -643.726484 -791.626245 775.916906 -629.970702 747.684898
479.632957 -1964.873059 -643.725277 -791.625446 775.916600 -629.972267 747.684845
479.630554 -1964.871405 -643.724116 -791.624698 775.916314 -629.973798 747.684798
19121938697.768654 -9385475746.927759 14032568090.528368 -3542330436.106022 3944518695.453769 -1948064821.734403 747.684759
19121936247.657089 -9385470753.677862 14032566138.360319 -3542333613.263478 3944519472.458644 -1948067049.566572 747.684726
19121934025.904251 -9385466275.154951 14032564338.194330 -3542336330.110786 3944520136.682585 -1948069032.896030 747.684698
19121932020.168907 -9385462288.914173 14032562680.907236 -3542338608.638815 3944520692.436432 -1948070782.660685 747.684674
19121930218.109833 -9385458772.510551 14032561157.375923 -3542340470.838447 3944521144.031039 -1948072309.798442 747.684653
19121925202.292412 -9385421035.209385 14032550354.537746 -3542360578.400258 3944521804.402803 -1948078924.933295 747.684640
19121923770.562351 -9385418391.145536 14032549071.149237 -3542361673.914896 3944522060.611439 -1948080039.629722 747.684633
19121922505.484943 -9385416149.583126 14032547894.146950 -3542362419.074210 3944522225.593379 -1948080964.512999 747.684627
19121921394.719070 -9385414288.076805 14032546814.407572 -3542362835.869142 3944522303.659428 -1948081710.520958 747.684624
19121920425.923515 -9385412784.181080 14032545822.807749 -3542362946.290692 3944522299.120417 -1948082288.591436 747.684628
19121919586.757141 -9385411615.450428 14032544910.224148 -3542362772.329851 3944522216.287141 -1948082709.662233 747.684630
19121918864.878757 -9385410759.439138 14032544067.533403 -3542362335.977695 3944522059.470427 -1948082984.671164 747.684637
19121918247.947239 -9385410193.701414 14032543285.612123 -3542361659.225307 3944521832.981087 -1948083124.556026 747.684645
19121924952.748581 -9385368664.333422 14032538489.594414 -3542386221.230378 3944523970.433259 -1948089101.800758 747.684657
19121924508.687195 -9385368611.804539 14032537801.844023 -3542385129.651583 3944523617.531549 -1948089004.250561 747.684670
19121924132.549240 -9385368782.211195 14032537147.492910 -3542383863.646185 3944523207.889657 -1948088804.389725 747.684680
19121923811.993633 -9385369153.107218 14032536517.417578 -3542382445.205431 3944522745.818393 -1948088513.156017 747.684694
19121923534.679234 -9385369702.046305 14032535902.494572 -3542380896.320584 3944522235.628560 -1948088141.487179 747.684706
19121931405.392277 -9385335831.421955 14032533181.229145 -3542401136.990467 3944524084.117642 -1948092578.905362 747.684731
19121930756.604889 -9385341563.043509 14032529611.932961 -3542395929.988168 3944522641.397263 -1948091105.270902 747.684675
19121931536.815056 -9385343219.769585 14032530424.315977 -3542395082.419064 3944522441.130141 -1948090486.444076 747.684706
19121932180.444622 -9385366432.183630 14032530995.070421 -3542379246.725019 3944520005.952918 -1948085281.011336 747.684800
19121934628.664047 -9385385544.646679 14032532426.807686 -3542367732.610236 3944518864.733470 -1948081206.860528 747.684827
19121931744.337273 -9385347446.889879 14032532308.092525 -3542393229.575608 3944521210.007329 -1948088516.082711 747.684686
19121917898.864922 -9385294230.022932 14032526497.646551 -3542425346.765065 3944523400.569646 -1948101095.056156 747.684567
19121923846.951248 -9385356347.494236 14032522676.891127 -3542380799.130738 3944517387.549386 -1948087298.498785 747.684682
19121925916.111977 -9385346995.624437 14032523587.234371 -3542387149.632169 3944517800.998684 -1948087977.154112 747.684658
19121929874.244827 -9385317297.658092 14032519387.619061 -3542406382.730245 3944519072.487438 -1948093721.523144 747.684569
19121922084.780384 -9385311763.989698 14032513068.071989 -3542406232.591343 3944517977.675316 -1948096455.599324 747.684499
19121922134.419144 -9385279950.688410 14032516577.338877 -3542427301.859347 3944520512.808671 -1948101886.319995 747.684512
19121926510.617775 -9385309578.468687 14032515400.507669 -3542407249.328965 3944517446.224806 -1948094572.635927 747.684535
19121931780.161366 -9385325867.913189 14032517135.021196 -3542395985.882858 3944515900.469288 -1948089438.980318 747.684589
19121928265.786060 -9385310854.538187 14032514835.464420 -3542403889.403840 3944516356.024282 -1948092633.439054 747.684536
19121923369.231483 -9385280568.080643 14032513485.535765 -3542421947.957856 3944518347.012431 -1948099923.247236 747.684527
19121920791.923035 -9385305290.525732 14032507846.703398 -3542401664.254918 3944515397.274011 -1948095948.406027 747.684586
19122118377.165424 -9385136164.726433 14032582442.304646 -3542550226.379950 3944552023.490006 -1948111529.795081 747.684737
19122101859.573277 -9385057797.880333 14032577256.508858 -3542600132.578384 3944556894.949156 -1948130273.350112 747.684544
19122087057.050842 -9385042598.722553 14032565961.423512 -3542605991.444562 3944555411.246499 -1948136314.177121 747.684373
19122090670.650993 -9385045211.505241 14032570303.703295 -3542606158.218993 3944556692.405894 -1948135553.933979 747.684442
19122110613.126396 -9385093249.788603 14032581972.691223 -3542579528.843206 3944555959.729197 -1948122253.815144 747.684650
19122106192.023788 -9385080439.594933 14032578898.429052 -3542588346.277179 3944556523.619545 -1948125871.707476 747.684528
19122100336.197548 -9385047270.674494 14032577206.114782 -3542608219.121281 3944558616.668431 -1948133335.541671 747.684480
19122109079.371319 -9385069315.224863 14032580277.358696 -3542594878.069904 3944558014.458129 -1948127420.385093 747.684558
19122112979.728561 -9385089581.650749 14032581940.917229 -3542582705.710040 3944556456.611552 -1948122251.665951 747.684613
19122118077.361195 -9385121570.188856 14032583146.520197 -3542562784.383710 3944554227.224454 -1948114999.872389 747.684645
19122162561.926094 -9385322569.820675 14032665259.563736 -3542461597.489218 3944558354.971902 -1948079622.610326 747.684553
19122150884.665504 -9385292711.636736 14032660580.145353 -3542480184.536111 3944559442.768605 -1948088103.377326 747.684465
19122158681.749462 -9385342207.754875 14032663304.037872 -3542447850.142896 3944556503.375270 -1948077135.971567 747.684623
19122166102.544563 -9385347232.270723 14032670271.636494 -3542448451.997190 3944557478.310643 -1948074518.770475 747.684667
19122162375.027000 -9385324776.622677 14032669005.103848 -3542462486.076934 3944558289.285687 -1948078856.915915 747.684586
19122162370.049824 -9385320152.232283 14032669199.789803 -3542464664.676072 3944559334.278006 -1948080225.250494 747.684612
19122168083.942619 -9385327201.062492 14032675356.062119 -3542462174.298108 3944560237.381962 -1948077828.465943 747.684721
19122178161.995907 -9385353447.382975 14032681926.009972 -3542448269.522809 3944559725.943715 -1948070638.205456 747.684818
19122182320.676708 -9385355889.831598 14032684486.121183 -3542447792.915002 3944560566.322545 -1948069476.625792 747.684819
19122177146.641766 -9385314930.088009 14032684232.796267 -3542474360.888734 3944563484.026736 -1948078267.386335 747.684711
19122175228.194096 -9385285672.130251 14032687797.462641 -3542493821.227378 3944566471.901003 -1948084393.901783 747.684803
19122181290.736694 -9385364621.115072 14032684560.690561 -3542440190.626623 3944559826.676176 -1948067726.649843 747.684933
19122182906.628944 -9385359355.822901 14032686895.215414 -3542446213.168513 3944561128.496473 -1948068813.215246 747.684901
19122156090.799484 -9385279965.578730 14032675223.458752 -3542494016.797105 3944564046.140618 -1948089860.807453 747.684790
19122076516.584965 -9385254136.340012 14032619510.685226 -3542493825.313667 3944552256.884446 -1948112248.067938 747.684393
19120627382.842945 -9387900434.747356 14032245722.971367 -3540643801.314759 3944230573.939585 -1947858536.168633 747.683541
19120525419.862015 -9387907271.217701 14032172955.455973 -3540621135.798522 3944213074.899471 -1947880898.387311 747.682792
19120450832.393959 -9387900698.210409 14032120552.138639 -3540611893.241971 3944201651.761763 -1947899580.770662 747.682145
19120445855.630138 -9387901400.263592 14032118377.975216 -3540611826.799070 3944201345.589375 -1947901121.215028 747.681881
19120548590.243637 -9387918011.312136 14032189976.599585 -3540619129.177386 3944216799.625638 -1947874036.709695 747.682422
19120733022.557251 -9387968583.111368 14032318981.265520 -3540620650.083201 3944243288.181705 -1947822202.398763 747.683746
19120920123.172398 -9388024939.433069 14032448784.291906 -3540617856.197893 3944269357.558637 -1947768440.220746 747.685128
19121092235.134941 -9388072284.406429 14032569212.326485 -3540620234.601553 3944294375.665013 -1947720539.537463 747.686436
19121206055.979092 -9388075067.628122 14032650669.743925 -3540638316.429609 3944313124.905983 -1947693678.625471 747.687359
19121293180.195812 -9388133238.129745 14032706507.933332 -3540614675.310796 3944322288.839906 -1947663147.290354 747.688124
19121322279.213745 -9388153070.623146 14032727663.953707 -3540606442.992227 3944325475.057374 -1947652775.454396 747.688509
19122207461.091129 -9386359695.946974 14032910733.232449 -3541835057.312079 3944525909.358978 -1947843855.032867 747.688408
19122190103.011971 -9386353738.715052 14032896792.367853 -3541833455.718284 3944523770.195458 -1947849535.741953 747.688234
19122199952.288960 -9386337268.341909 14032904026.783533 -3541845861.562388 3944526822.683227 -1947850429.196230 747.688220
19122244451.427197 -9386385251.317163 14032934324.046717 -3541821805.011534 3944530727.475052 -1947831764.044082 747.688619
19122334821.304813 -9386448225.756338 14032992752.740036 -3541812716.687385 3944540572.997765 -1947800539.620392 747.688656
19122448506.728630 -9386370553.064169 14033086404.826622 -3541908545.246710 3944570761.719143 -1947792344.561717 747.689237
19122413696.004936 -9386323438.933165 14033060596.688110 -3541936030.906022 3944569878.770566 -1947810098.038907 747.689037
19122263259.951618 -9386327157.818615 14032951691.439533 -3541901695.887784 3944544203.145511 -1947843824.952699 747.688102
19125404419.521065 -9384319120.870617 14034494847.460379 -3543871436.498277 3945154078.264719 -1947974933.761261 747.687310
19125304640.182728 -9384369376.482433 14034413689.796732 -3543805986.165133 3945130480.975467 -1947986917.175692 747.686787
19125209085.429306 -9384294273.981432 14034347301.249897 -3543813170.790826 3945117800.142816 -1948019501.581751 747.686453
19125185031.519714 -9384288214.034584 14034330534.973812 -3543791525.856900 3945112012.678966 -1948023504.418333 747.686795
19125203993.741295 -9384338981.374483 14034341156.917194 -3543743858.787121 3945108264.288004 -1948006944.737689 747.687243
19125360578.750282 -9384480802.413944 14034444713.852665 -3543667683.688814 3945120717.943590 -1947942393.359787 747.688368
19125712679.070881 -9384595722.080383 14034694980.846565 -3543659459.195967 3945169848.866529 -1947838303.698897 747.690572
19123154172.372238 -9385898128.640572 14033382425.152571 -3542219621.593727 3944676945.171901 -1947720649.434233 747.694118
19123670948.302277 -9386061470.096716 14033752165.043682 -3542233024.307670 3944753989.897905 -1947575891.811343 747.697862
19124055759.099167 -9386186955.180525 14034027543.785084 -3542240032.771887 3944810924.379102 -1947467787.830773 747.695891
19124292982.657833 -9386267552.257835 14034201132.997728 -3542247732.093950 3944846962.444998 -1947401468.701761 747.702816
19124294252.459385 -9386304538.707447 14034209415.993460 -3542235249.862101 3944847444.305497 -1947396427.838312 747.703265
19129450774.677143 -9381760908.417414 14036503332.919487 -3546172093.039831 3945881203.793680 -1947761135.858638 747.702514
19129266141.402046 -9381792945.914265 14036371520.343359 -3546095515.322315 3945844025.666906 -1947793714.003943 747.701862
19129098225.364197 -9381769821.666159 14036258744.529423 -3546063441.524933 3945816103.233510 -1947833780.753437 747.701109
19101758225.225231 -9394659243.349407 14021701437.069439 -3531476744.760200 3940617430.323775 -1947561154.126215 747.700771
19101722607.950325 -9394667276.079752 14021685042.737833 -3531464591.412662 3940612247.322385 -1947568124.389607 747.700842
19130004812.024559 -9381173692.275776 14036699315.119215 -3546667982.141544 3945997942.216543 -1947921184.931375 747.701214
19129997870.158875 -9381241980.353127 14036697039.857233 -3546622082.878524 3945991492.345583 -1947909913.606847 747.701424
19129993850.705200 -9381243761.273516 14036703775.863770 -3546625235.060117 3945992501.833807 -1947911077.108745 747.701529
19129996729.112244 -9381242333.277243 14036716554.024399 -3546634208.753256 3945995771.770307 -1947911768.093612 747.701642
19125295872.079212 -9384784536.063324 14034497020.930111 -3543384451.417308 3945068042.667375 -1947663517.312907 747.701861
19125315745.834152 -9384825058.560961 14034519424.831795 -3543373403.743682 3945070672.555636 -1947652509.908241 747.701980
19125381337.612682 -9384888104.627956 14034572061.806177 -3543358042.812348 3945079232.216363 -1947627388.442971 747.702200
19124260742.746220 -9383465490.286308 14033576830.415466 -3543815589.689354 3944907037.836478 -1947822089.946571 747.703143
19124478405.052845 -9383540287.359535 14033735251.789415 -3543827217.460357 3944940387.182499 -1947760867.449694 747.704523
19124648749.962669 -9383598419.044786 14033863260.923235 -3543842258.585093 3944968610.247132 -1947714786.696814 747.705644
19124764477.319252 -9383657576.586521 14033949859.081533 -3543844978.341321 3944987041.481333 -1947680782.820263 747.706368
19122675300.195927 -9385687253.176149 14033061754.631598 -3542178576.613790 3944568912.826285 -1947524832.727243 747.706503
19122654957.765213 -9385705500.016832 14033056294.507717 -3542185005.772701 3944568098.583655 -1947529165.384577 747.706257
19122612539.092766 -9385819931.945761 14033024647.719086 -3542121986.759317 3944554212.522876 -1947520379.087905 747.705664
19122637369.962852 -9385898704.212368 14033045469.570652 -3542099330.747665 3944555918.154087 -1947503735.747281 747.705281
19116194845.722664 -9389555303.673700 14029747624.396557 -3538340123.356742 3943316989.779603 -1947339569.840928 747.705965
19116391234.178246 -9389700670.827797 14029890833.019806 -3538311125.295258 3943342321.135828 -1947271414.830381 747.707087
19116573418.083828 -9389771986.801826 14030027477.485037 -3538331169.177660 3943371642.609149 -1947220579.724412 747.708087
19116684950.359890 -9389878702.848125 14030106646.812075 -3538309689.192705 3943385387.088029 -1947178905.434043 747.708682
19120604829.824249 -9388305470.778427 14032242119.231916 -3540308793.893118 3944133433.760525 -1947226387.784519 747.708960
19120421400.345642 -9388462570.555393 14032073570.730164 -3540191603.931380 3944091050.034490 -1947245220.146201 747.706953
19120134151.034443 -9388509011.826441 14031846723.921913 -3540136426.765416 3944044106.248800 -1947311112.348652 747.703852
19119822988.790016 -9388392922.180695 14031641178.757946 -3540189197.827294 3944010761.209704 -1947412313.863221 747.700855
19119572245.152279 -9388269346.887602 14031490105.999672 -3540265093.395044 3943989179.263837 -1947500965.523889 747.698319
19119386979.840469 -9388109807.527788 14031392682.131716 -3540379648.686461 3943982192.350831 -1947580963.893339 747.696177
19115603983.305717 -9386419664.456808 14028688989.404230 -3540323059.363181 3943356644.625272 -1948012336.571442 747.694913
19115660644.008068 -9386414576.318823 14028753454.046951 -3540378341.364533 3943374871.944293 -1948006043.160147 747.694727
19115738329.248386 -9386311981.213369 14028845211.320456 -3540502530.630374 3943405650.164068 -1948012460.793564 747.694749
19115792826.155392 -9386142080.443815 14028946260.496489 -3540672471.539938 3943442376.487461 -1948037872.906395 747.695011
19115837984.165726 -9385973594.273001 14029032123.602091 -3540832569.825260 3943474581.393568 -1948063344.033298 747.695303
19133948167.718590 -9374520366.057756 14038140489.640749 -3552251056.895836 3947028827.303820 -1948786002.242383 747.695701
19133856579.505276 -9374475871.101389 14038106954.621548 -3552275317.274760 3947022045.537231 -1948816027.421069 747.695451
19133825981.389896 -9374518790.503319 14038115676.505625 -3552267346.084356 3947020194.074260 -1948818082.826903 747.695539
19133816767.496166 -9374532538.300007 14038123528.200413 -3552277250.040974 3947022175.501741 -1948820645.984265 747.695564
19133722887.894932 -9374515591.625906 14038082895.568401 -3552294129.140278 3947013938.980970 -1948848037.324226 747.695022
19133634232.050030 -9374529883.022301 14038033769.178488 -3552259889.932174 3946996983.859598 -1948862354.352524 747.694886
19133663675.931366 -9374633620.346514 14038066894.378553 -3552206612.648198 3946995090.169272 -1948835809.810820 747.695395
19133761898.310013 -9374750586.444798 14038145889.345522 -3552162606.494085 3947005376.499332 -1948793628.577223 747.695996
19133994601.309517 -9374834410.410061 14038329187.703857 -3552173707.933210 3947043061.987101 -1948727353.489405 747.697588
19134260395.011509 -9374835883.227171 14038542288.050991 -3552245127.119266 3947092401.078733 -1948667540.020954 747.699481
19125396029.390594 -9385685260.470316 14035273657.571836 -3543687788.062977 3945221868.343986 -1947480673.895433 747.701592
19125452777.239445 -9385670598.720667 14035342395.767263 -3543715337.595662 3945236905.416821 -1947470789.944384 747.702686
19125389513.150368 -9385549398.899267 14035356945.133337 -3543807454.754142 3945245449.283912 -1947507871.093247 747.702784
19125611922.320812 -9385098732.094177 14035533957.693024 -3544130431.245255 3945317015.738091 -1947532730.991096 747.702469
19125622795.212471 -9384826263.123262 14035573975.607460 -3544221070.905055 3945329389.687099 -1947562572.757257 747.703892
19125941142.067753 -9384636086.554127 14035790295.902908 -3544207286.874491 3945361401.277021 -1947484071.393260 747.709500
19119471793.178585 -9387790946.016884 14032387635.122620 -3540416508.900257 3944082624.425800 -1947278787.215588 747.718159
19121198050.342499 -9393105444.426489 14034612737.347719 -3537643352.736904 3944209016.443027 -1946250048.507042 747.724437
19121622559.139175 -9393183209.325342 14034849361.256607 -3537477540.351928 3944237117.090600 -1946104702.398760 747.730624
19101756793.930508 -9407396425.889349 14025193972.702913 -3524087449.256788 3940324104.611472 -1945334534.000091 747.737096
19102206503.043365 -9407569460.237230 14025409981.488777 -3523795005.028330 3940337640.575449 -1945159288.391205 747.744686
19102629621.282032 -9407801175.022829 14025570927.321426 -3523432202.958941 3940335240.755693 -1944976409.001987 747.752042
19102993386.098354 -9408036085.225677 14025695680.501190 -3523090427.458217 3940331066.382787 -1944817338.596895 747.758199
19101309250.924194 -9405735877.141792 14024051547.086443 -3523699886.933686 3940049538.931052 -1945142624.690044 747.762422
19101488068.184422 -9405648451.462931 14024042461.255188 -3523661636.251547 3940063457.674624 -1945112923.080775 747.763106
19101575231.907963 -9405246896.361378 14023879577.763853 -3523879013.447229 3940094394.612193 -1945181544.367678 747.758440
19101377033.915798 -9404512543.045050 14023271269.481657 -3524257828.847005 3940081435.343634 -1945352718.216184 747.743888
19101648585.628159 -9399734326.410099 14021614341.503160 -3527136589.125796 3940242760.144651 -1946241502.440798 747.712188
19100693097.330627 -9398528263.773188 14019152799.877426 -3527487151.565753 3940019792.300773 -1946629014.119364 747.657837
19099417987.435753 -9397022852.342516 14015524433.981295 -3527875501.340094 3939699498.978607 -1947199985.193233 747.576328
19097846603.277561 -9395218923.748125 14010645752.319773 -3528267364.367049 3939286889.944377 -1947964047.361367 747.466221
19096135773.278973 -9393237540.636513 14004469972.296661 -3528605477.712844 3938780446.685337 -1948854854.965007 747.324794
19099207285.352741 -9394333823.680815 14000726219.382412 -3528683232.481515 3939032317.645383 -1949514659.339549 747.155290
19097448748.069466 -9392759133.548462 13992169895.302668 -3528493182.653186 3938342663.567075 -1950540862.349873 746.958321
19095736051.534203 -9391416958.606615 13982582815.561110 -3528116481.079859 3937586361.244201 -1951644978.022635 746.736444
19093796215.007622 -9390745073.571476 13972137872.157148 -3527307651.577119 3936700683.656163 -1952728318.324414 746.497841
19091393241.484615 -9390779151.573933 13961042264.604342 -3526024592.942997 3935660313.456947 -1953769789.840711 746.249738
19088531326.959614 -9391751142.316736 13949638181.344110 -3524134933.629454 3934461774.283087 -1954677770.188275 746.002340
19084968485.212158 -9394407984.107815 13938357123.037983 -3521215455.948070 3933035945.140924 -1955234339.071302 745.769163
19121338955.192909 -9427372053.602489 13959414044.190805 -3517571139.677621 3939047903.877182 -1955120642.361827 745.555996
19115794882.512745 -9432827059.559706 13949923827.971481 -3513200279.157426 3937199161.293172 -1954676944.147728 745.379452
19109465956.482403 -9439768290.938396 13942487610.805883 -3508146411.405398 3935193226.244658 -1953432536.040582 745.251251
19102413128.940872 -9448263083.313438 13937822961.271749 -3502436394.286111 3933080844.258716 -1951256232.415830 745.185281
19094715606.761646 -9458756521.049425 13936829306.894642 -3495912668.458177 3930941923.827972 -1948082366.855643 745.199299
19086896961.940182 -9470649166.764494 13940421928.601444 -3489071313.658089 3929000429.854484 -1944033431.902650 745.306627
19079127387.777225 -9484126100.963305 13949203370.662561 -3481727930.220415 3927280220.128808 -1938878255.235634 745.519112
19071471395.722771 -9498877050.185865 13963975523.500496 -3474174145.904800 3925901482.762419 -1932605785.570557 745.848972
19063850176.546185 -9514970183.160440 13985215006.396048 -3466319735.816645 3924948574.940762 -1925315190.372841 746.308865
19056149477.760956 -9532257242.023071 14013281680.883394 -3458198026.458515 3924521440.021274 -1917184865.200237 746.909444
19048430868.187923 -9549182243.958532 14048747742.706137 -3450834114.413011 3924849823.500174 -1908522554.236772 747.663230
19157496485.216389 -9573914223.203880 14167911118.277006 -3486937232.036365 3949983782.680311 -1910159745.623303 748.579144
19150867536.686947 -9589348382.252441 14220284083.748335 -3481946149.753586 3952322867.178422 -1900641211.909667 749.665155
19145075862.019138 -9603815983.975979 14281469855.838434 -3478180177.451090 3955744053.021291 -1890633282.445219 750.924154
19139526908.681381 -9618151163.237932 14351437174.732590 -3474932020.816414 3960102033.504252 -1879910803.605679 752.360280
19134267820.452240 -9632532378.339975 14430163196.810299 -3472185956.288272 3965357654.155469 -1868493648.880218 753.967966
19129237980.267109 -9646370460.189060 14517341275.553963 -3470237844.468347 3971504557.595015 -1856554276.824035 755.747410
19124016568.917439 -9659809699.272175 14612532650.455273 -3468955425.054183 3978479157.668413 -1844286262.383843 757.693062
19119695320.023224 -9672704512.838697 14716075455.095514 -3468510899.455359 3986456471.710880 -1831729325.086246 759.796348
19354437325.654163 -9392619773.499537 14919589853.302217 -3695419203.470377 4045056988.983988 -1844314255.905259 762.035418
19355668812.460812 -9405881404.497419 15044552406.745022 -3694265997.222139 4055492735.688011 -1828775330.071286 764.530416
19352906346.694901 -9413146335.800394 15171827645.609079 -3699850026.733102 4067086848.351988 -1819579868.355209 767.157069
19350577439.019184 -9417688326.424757 15304517976.021341 -3707874724.902103 4079822378.990476 -1812284810.279749 769.913147
19348436656.637196 -9420490711.023970 15442002489.372314 -3717862484.729627 4093642475.539652 -1807233795.494372 772.791629
19345458168.883263 -9422443404.171349 15582916094.826345 -3729294362.323000 4108335202.322301 -1804819057.327550 775.782844
19339888236.956543 -9423343450.114647 15725060340.546333 -3741714267.927231 4123475713.790461 -1805192368.337501 778.872383
19330361322.213051 -9421605277.331882 15866320759.271681 -3755771621.926734 4138787596.510127 -1808636283.781894 782.042036
19318095092.734730 -9415173925.591093 16006214042.328390 -3773368930.813238 4154565637.141072 -1815825606.845903 785.273374
19477260495.049614 -8287520842.033673 15990286223.771700 -4254265751.250369 4182300835.032953 -1743263727.947375 788.546590
19466402922.842552 -8273386872.891642 16128406419.449511 -4272496736.903721 4198345711.434883 -1751273327.917719 791.831828
19451918283.738068 -8252283159.348137 16263815681.962204 -4296300973.939715 4214995231.320220 -1764263525.428934 795.223579
19084089955.531441 -7605802553.264964 15977276865.264929 -4271402849.445127 4118088615.855536 -1574651052.616673 798.618128
19056563216.526173 -7572961034.817330 16092244034.044901 -4303947894.126694 4133805984.602782 -1600201623.761540 801.998336
19026036298.739178 -7534475973.285812 16200431043.040197 -4340938577.785356 4149495786.486430 -1629788722.183119 805.349592
18992390835.973576 -7490560880.350052 16301013644.320757 -4382627956.467190 4165058710.570111 -1663503438.555572 808.654495
18533221873.807640 -7120453658.067848 15986429613.471882 -4123345044.008496 4035989171.750720 -1409347286.669595 811.888255
18497385482.959679 -7068699923.022875 16069990038.902414 -4168629994.318819 4050635483.205224 -1447560766.570728 815.039905
18461982064.705215 -7015106238.492698 16147649200.660639 -4215754847.860939 4065053008.212343 -1487088760.741961 818.093309
18427633553.685043 -6961192081.872212 16219917855.483297 -4263029714.982687 4079077247.119949 -1526762488.167636 821.042643
18218174154.572941 -6947426472.486851 16160060664.301189 -4163690604.814197 4044512399.186077 -1499730267.370389 823.883245
18188109199.753147 -6895844573.512183 16223116239.446804 -4207550997.335545 4057552286.812165 -1537097240.908628 826.610573
18161887678.753979 -6847297184.081315 16283881524.430967 -4248682750.230660 4070283961.818067 -1572319484.366251 829.220743
18139301765.799213 -6802541642.938126 16342688481.960743 -4286043408.998803 4082576137.122328 -1604752331.949144 831.721227
18119344867.502872 -6761984684.301597 16399257109.635263 -4319094358.099496 4094234242.284101 -1634244206.303214 834.112220
18101556838.143864 -6725323291.369462 16453616556.502134 -4347949355.487782 4105205933.855399 -1660677797.205168 836.394166
18086157714.330612 -6692154911.121890 16506387179.545067 -4372896986.687967 4115612900.539662 -1683896592.645567 838.561932
18073345358.011978 -6660809251.237503 16557930075.387789 -4395176215.956137 4125624618.412232 -1704065030.845975 840.619746
17756219191.111584 -6843058722.449298 16420116832.547327 -4106329413.481028 4055575983.682443 -1617221068.110115 842.568941
17747339829.407013 -6813455771.645083 16468787688.187641 -4124415013.284318 4064921945.078041 -1631766241.876614 844.407512
13179502745.500830 -10186715454.999826 14773288980.794922 -604864271.178412 4133641427.309644 -938401609.318950 846.142770
17490514407.058464 -7016691301.478524 16439960745.114058 -3942793697.215240 4031992537.972192 -1632682627.779099 847.783552
17483084584.846329 -6980286741.417731 16483999237.140947 -3961101394.149447 4041082167.034571 -1641114130.722723 849.333874
17478127801.041168 -6940061220.009149 16527851938.655466 -3982130307.154907 4049639838.022525 -1648298571.366111 850.798884
17471402249.008583 -6897007816.107388 16569505422.615784 -4003747856.940318 4057732931.231906 -1654335453.629176 852.179682
17109414354.589212 -7369297950.867928 16467474041.004150 -3679408161.426801 3999398404.726497 -1653746821.801859 853.486598
17099605649.090586 -7319084033.595897 16505200698.193295 -3703900166.343189 4007037294.587919 -1658851076.129587 854.725961
17086511034.940960 -7266404842.864551 16540571616.586277 -3728368470.138141 4014099769.055926 -1662981714.150296 855.881293
17071217619.831242 -7210046866.300110 16574690378.188528 -3754127910.357904 4021001217.432429 -1666673594.616332 856.978831
17053730591.115946 -7151656505.632455 16608108143.311460 -3780500397.751132 4027818156.659137 -1670234554.850697 858.017747
17034131320.626602 -7090711827.223136 16640930059.946484 -3807198490.450805 4034519868.932148 -1673223713.855072 858.999794
16942773609.371056 -7196195433.068761 16665200861.449444 -3706897192.747295 4024899494.796520 -1651802732.444338 859.946571
16914045262.358608 -7135003080.708318 16694557832.177200 -3732041283.008661 4030711713.107747 -1654318286.718452 860.847952
16881653802.463913 -7074126330.960139 16722769308.436810 -3756422521.784168 4036169371.169424 -1656143292.661932 861.688449
16846059983.562544 -7016680734.459149 16751060339.627987 -3773785740.348063 4040645460.111984 -1653143570.743867 862.300034
16805657982.705902 -6958884662.950647 16778839457.551146 -3790816198.943450 4044963552.243812 -1650003906.392147 863.060349
16563196695.628283 -7392655202.199768 16783310959.722929 -3388792462.304799 3994875938.957843 -1542269357.465011 863.721994
16517738153.159651 -7329810006.407264 16806897863.489349 -3407508503.676807 3998700060.102809 -1538912151.146821 864.120606
16256013627.186123 -7797731501.074870 16808102486.685625 -2825053332.652577 3921630509.955095 -1310086768.906213 864.672736
16208099957.598387 -7727042899.871460 16829732629.449675 -2850371283.903637 3926361909.695188 -1311444287.798481 865.137764
16224222171.011780 -7747837822.074418 16937716190.618301 -2531620617.793930 3898030698.399892 -1066565743.001815 865.538968
16162461944.567560 -7675298837.342530 16947040336.920446 -2557550225.340841 3901113298.226566 -1072887479.638445 866.071708
16098023986.078915 -7603830432.642241 16952339009.497915 -2584644300.863135 3903854933.599245 -1080682795.743667 866.351274
16038393652.069044 -7536598678.114164 16962298660.204485 -2607630188.405074 3907316752.313761 -1086049698.968768 866.560566
15922587440.904648 -7476399420.280702 16921885812.764025 -2533064604.779982 3886619345.851105 -1033552610.636364 866.706381
15860873787.553423 -7411361917.853046 16927446054.055401 -2555123944.081125 3889944057.162858 -1041024160.157526 866.792383
15826907338.514843 -7352411431.384667 16958770043.011131 -2451231919.957220 3879614288.277647 -951693607.723548 866.800106
15764394473.524300 -7289568650.051160 16960797426.014946 -2471370604.814624 3882984075.134593 -961065564.326400 866.739296
15704749885.869129 -7226254516.637461 16963322947.283594 -2492548087.754435 3887140943.331490 -971660535.686853 866.612755
15647804043.836195 -7163001634.238306 16966150996.812983 -2513904159.116702 3891925006.035971 -983190838.473820 866.420774
15591550592.971502 -7100572654.520459 16967670091.087706 -2534559116.844081 3896932147.896877 -995776036.084545 866.196146
15529946520.780233 -7037750595.366873 16961579474.319042 -2558893451.605972 3901490282.841670 -1013295939.929661 866.245886
15475101552.221577 -6952834961.841129 16950491073.920267 -2323939663.755634 3865559163.201607 -834900985.213300 865.970837
15423687957.419334 -6893550149.394512 16948214946.420227 -2342070688.794508 3870844141.576030 -849527597.988887 865.621192
15345123108.037558 -6827799363.080778 16915083199.944424 -2307319452.760998 3862265306.150952 -830444227.922411 865.171821
15301050763.290985 -6770858566.085544 16914974953.602707 -2321872216.310531 3868122924.176976 -843265410.092910 864.626450
14838891925.728636 -6661519191.802603 16492893812.856796 -2042738254.464538 3745743221.538077 -716735869.831717 863.997498
14802618509.473034 -6609667717.837712 16495359838.020802 -2051105380.600083 3751830608.820879 -726749414.935613 863.240620
14768214552.399014 -6561216538.051221 16498471819.292442 -2055401995.955480 3757762675.752077 -735234438.550787 862.375329
14735571340.872034 -6515978380.493639 16502151833.896997 -2055982847.127565 3763546902.943278 -742361993.047201 861.401148
14625429017.726757 -6466593521.687902 16427062037.920403 -2022297453.836605 3748698057.191277 -740281626.470189 860.239165
14599456189.121632 -6422490064.194690 16433728295.969872 -2019084878.975678 3754930882.902879 -744530908.444436 858.886448
14575975945.651344 -6380899471.129520 16442294738.647511 -2012862560.729002 3761381657.276480 -747413840.172080 857.325862
14380647656.543474 -6329658816.753725 16278159824.871565 -1944331157.436004 3724084153.536782 -738345094.227693 855.540118
14360549391.286123 -6291581055.119056 16288781578.143248 -1933742680.365955 3730746643.481883 -739178947.785400 853.495594
14342265436.975952 -6254338260.344678 16300566689.515715 -1922269554.249570 3737675924.946636 -739338388.143331 851.222646
14324557641.247404 -6220037441.988392 16312932944.563417 -1908556194.765296 3744585054.346667 -738800189.491713 848.691331
14306493165.884487 -6189328898.205017 16325131415.800917 -1891924908.779763 3751214057.389633 -737530919.633953 845.919965
14287832450.746723 -6162387525.904635 16336876613.739382 -1872743374.572959 3757531346.493744 -735923325.289691 842.950025
13846853709.764700 -6073886977.917214 15906720416.404882 -1733653120.168917 3655173630.708540 -711666545.538944 839.768824
13826034721.249092 -6056597329.326482 15915722469.104040 -1708085788.991804 3660089076.265904 -709138513.732764 836.381297
13803034139.178194 -6045745293.414827 15923040532.327843 -1677081254.094427 3664013973.777387 -705557994.685876 832.775110
13777547722.308777 -6042253174.337086 15928456532.491711 -1639663288.722292 3666816397.237181 -700738784.376152 828.991997
13749901150.707594 -6045715827.741437 15931888553.124708 -1595505373.270150 3668391294.390485 -694080395.310780 824.952619
13560023125.791704 -6027358376.416696 15762968065.769989 -1488479437.442339 3625087340.895127 -667058592.173848 820.616575
13529329376.443638 -6044521520.971238 15763030176.021929 -1430023455.825772 3624152121.032517 -655814929.078596 815.998910
13496111452.372114 -6069301138.559758 15760715304.420042 -1363002472.964403 3621704117.785138 -642105927.686560 811.146536
13460568888.421114 -6101067609.585174 15755793289.669296 -1287739186.501595 3617696445.932809 -625887770.202608 806.055273
13122920513.341148 -5862357769.742558 15342890293.331795 -1177956984.251711 3516839627.273836 -541081549.362847 800.797397
13080467975.604719 -5909072721.040596 15330077686.461317 -1085384829.182253 3509005181.472082 -520148610.638741 795.344404
13010839524.710058 -5993155702.070936 15301410344.457670 -950332394.089336 3493243128.929920 -490459671.845398 790.389427
12938900963.836201 -6082793012.247380 15267843049.355646 -803681005.873731 3475507393.242691 -458129422.636278 784.829401
12893433662.779232 -6142068701.513978 15246207799.693159 -690283410.069386 3463857674.424347 -432516592.708520 779.279399
12815104542.621178 -6240481804.400503 15203840253.505913 -528644026.557804 3442594307.600151 -396625930.428821 774.275816
12734718105.695328 -6343901783.356196 15156704176.472897 -356802696.675279 3419753506.503829 -359336912.616788 768.649024
6182808514.761289 -15590225133.391544 13856099031.740988 5465241745.284425 5746352291.190753 -6222387959.946404 766.783918
20135729430.891651 9841975750.783596 16257645028.107702 -11835242465.302624 4727198760.609375 -429246065.016536 764.092338
12820951872.892309 -6002190743.621309 15072247254.549496 -354432710.888729 3413161431.534452 -284170658.196334 764.398489
12779639990.064236 -6048529180.923836 15030717497.116575 -239640313.656823 3398103185.764441 -260753953.628779 772.558825
12740613036.641884 -6092660700.667997 14987049019.391331 -125196774.085228 3382631939.045589 -236875658.459598 779.441804
13255537397.186647 -5178852988.751963 15124296169.226471 -760578109.889774 3475802088.743460 -234399398.354190 789.420018
13202328582.879662 -5253419872.628028 15074029944.773056 -621641022.625935 3456875884.831070 -210711589.052159 801.854663
13147150056.385515 -5327955401.418684 15019311824.635998 -478484768.166092 3436830693.736475 -186261503.805260 814.981770
14599412102.941036 -2976898054.470079 15535950516.385149 -2349929088.105766 3724303635.505431 -257080362.767430 -18107.040548
14544245754.269772 -3064962089.089722 15483843320.469912 -2211881721.889975 3704298107.733119 -239863022.245487 834.170009
14485764429.407104 -3155814602.262254 15427285505.728107 -2070119057.510078 3683148543.951595 -223182155.081018 838.998209
15220198422.108288 -2062247441.248784 15709054997.133747 -2977548255.404915 3829342983.897380 -280708918.526861 842.934531
15159020494.840303 -2166972207.372811 15652574808.836832 -2833246729.835677 3807281677.050768 -268013754.802398 846.025455
15096180501.363340 -2276792463.247648 15594608199.772343 -2684791384.521125 3784673171.767159 -255648452.675485 847.260716
15031955263.959435 -2394688764.258008 15536619417.490435 -2530681284.793653 3761770747.163362 -243863185.473075 847.787643
14968604458.123508 -2519541696.165470 15480636260.542055 -2373513612.891661 3739348155.803816 -233738537.269062 847.853949
14906816322.993744 -2650291536.460715 15427094069.988262 -2214014027.745521 3717552358.098079 -225619287.307590 847.608663
15254791764.406551 -2141143210.471528 15547390282.154337 -2660513516.840415 3783742490.552059 -280458840.419137 847.173613
15203169250.714661 -2288456447.154957 15509823696.999632 -2502083302.528003 3765353107.384844 -280771257.754167 846.621091
15153044593.836496 -2444106917.974961 15476049596.446947 -2337210416.186370 3747513160.938508 -282169182.822129 846.070683
15109328085.933104 -2603300966.760742 15449208141.260588 -2170117744.459538 3731314998.807170 -284686758.218138 845.424379
15076670065.368649 -2762096072.903995 15432550966.929222 -2003747903.435942 3717572659.234177 -287532463.209128 844.752728
15048386976.176081 -2925912773.352090 15421426862.663965 -1830398657.158192 3704427907.875553 -288522136.642102 844.037959
15025018192.241976 -3094385334.233238 15416235913.211414 -1650830207.595420 3692160216.924561 -287745744.373286 843.407582
15902681334.530508 -1934301798.801964 15857645417.821388 -2836733568.688243 3873653907.778443 -460463010.972634 842.766184
15893715262.354155 -2118387503.196157 15876701169.226301 -2657483802.143109 3864227500.088032 -463753340.651833 842.003825
15892682646.473663 -2302257915.878801 15903275717.367321 -2477157828.007229 3856668292.494710 -465892580.781916 841.201018
15896517579.812656 -2483719148.104290 15933817056.475262 -2295168537.678228 3850341930.807104 -466120267.650813 840.379211
15904897598.013056 -2660277792.589011 15967239132.777836 -2112434201.960659 3845319799.688250 -463930557.080917 839.553600
15920443524.982513 -2828410073.813527 16005056459.531082 -1933155774.789604 3842392425.394573 -460163305.589618 838.737218
16793538286.847075 -1191706974.600324 16354408023.929234 -3588910052.562440 4010009206.396271 -698203430.526967 837.952807
16816282240.624323 -1362494406.481433 16410061313.915623 -3422529068.417186 4010681171.079024 -699933936.342169 837.215387
16842953728.822002 -1526351787.566410 16467746578.162479 -3258410707.879948 4013728730.477962 -701200141.175657 836.539364
16871782012.405380 -1681274134.206762 16525277410.610352 -3097576217.169189 4018998303.972264 -702131099.067217 835.931867
16451156545.153526 -403743370.659606 15787268225.152281 -4074875309.987881 3888564836.396661 -804274798.480027 835.416431
16477648864.550756 -549444768.445964 15849606344.885796 -3932291101.674788 3897850248.434426 -809488573.488563 834.988935
16504949232.614691 -687368014.060953 15911090209.461102 -3792292470.995060 3909774969.440341 -814554270.812060 834.650538
16531703993.287569 -818312577.593942 15970707861.645988 -3653506041.130848 3924263943.268215 -818918843.421591 834.405018
15299847832.408739 -245088497.670504 14666981545.047441 -3721346121.816545 3622558073.261588 -743518142.811150 834.245404
15322092983.470608 -353969708.559492 14721979522.497850 -3606249757.782712 3640844850.238831 -749866041.999835 834.165795
15335875555.460388 -458537259.247011 14768391337.360796 -3488920780.454175 3659749004.261152 -755301203.221458 834.173617
15343395534.480906 -559143582.775569 14808357026.998816 -3371231787.364042 3679668295.822098 -760968747.741885 834.255302
14251189062.438019 -309195425.204131 13724550297.295681 -3163954076.401687 3424610099.409589 -636251286.950976 834.408942
14229955587.919678 -403149684.760325 13737931424.498352 -3049255569.667976 3441565441.072894 -643116088.211510 834.635367
14190107027.881952 -499104086.092374 13734166230.575624 -2926374616.405695 3456660026.503806 -650163536.959951 834.931666
13014347307.258841 -265454903.046409 12579905384.582666 -2643171926.210442 3183528974.857722 -478591163.441087 835.298235
13000817377.916052 -317477657.191711 12596245243.887585 -2583134232.675965 3208316585.159420 -499084599.080947 835.743074
11980448136.775621 45292968.853362 11576772031.175850 -2462003102.589921 2970847372.238703 -328823659.133870 836.325335
11870487230.910757 -39063680.794133 11508481329.369226 -2339295018.767740 2976766031.270334 -332942424.592815 836.959050
11819280671.004402 -71932852.866575 11490753993.182432 -2293305933.786179 2998926509.280432 -352603419.256740 837.650437
11766432460.554129 -92170216.923903 11470659392.380568 -2258802445.320642 3023205565.093152 -372611608.900916 838.479005
11200373020.487663 106997154.714675 10928365050.715290 -2185492837.195842 2910934137.136830 -269640301.410124 839.324131
11041434077.516802 28891878.154039 10814629459.271450 -2050989215.743107 2913918779.583471 -266129301.236360 840.161444
10871016249.475691 -56711469.716078 10689795867.071598 -1903941947.275841 2915837012.159055 -260900109.328993 840.970972
10691464567.111685 -149330891.114481 10555551912.086683 -1746989714.923687 2916712304.402009 -255476792.783764 841.726462
10146191159.310287 -9151208.726883 10048146709.206173 -1605790338.943683 2813753914.925292 -125398930.567909 842.426526
9950340259.419445 -103706407.720846 9897698211.346436 -1442206014.572556 2810646024.084997 -115977984.272116 843.067944
9755324131.383215 -196850291.793006 9746329004.906078 -1278502239.866508 2807766914.868424 -106167141.634725 843.636445
9569040697.528070 -286418692.028859 9601768556.041618 -1119496632.698499 2806959487.904841 -96943871.370748 844.126697
8640042158.364971 434208279.044386 8736504337.902401 -1282584115.364612 2582171547.646067 267019106.597811 844.539417
8491203987.047677 344365609.333378 8639854914.684671 -1143990767.501738 2590445369.565357 278230433.364243 844.865628
8364353624.021538 248282119.889256 8563602061.519969 -997830309.998454 2605037060.851585 291183546.773180 845.101408
8256141432.232140 148142634.966093 8504267595.892071 -848059095.698140 2624689895.276827 304168687.769208 845.227239
8168018325.347363 48864743.892315 8463868913.033322 -701281595.756869 2649505790.083008 316472174.320512 845.224058
7439147086.740167 779903422.035266 7892707821.427003 -1103701333.338469 2471795285.035809 621068415.516689 845.092461
7391744301.441491 690495695.225375 7912776237.574171 -991283565.057667 2507048550.464578 634835426.075116 844.839392
7369109589.627172 610457404.021596 7960986050.517880 -893203310.445045 2549383427.065629 648666961.848202 844.479379
7373518527.137429 539630799.314170 8041126947.540366 -810738778.779523 2599939005.373519 662410568.139692 844.033109
7401687920.666317 475875040.128783 8150510359.174809 -741702144.690142 2658070582.061630 675979913.440791 843.522663
6563872390.159740 1291869815.729463 7611528511.728252 -1383735729.370495 2432843636.539624 973165441.181754 842.963735
6606825319.267452 1234818623.457274 7767505505.281853 -1349729292.115660 2495494998.774117 988244952.647589 842.380860
6655220844.754527 1183188917.360683 7935341512.936665 -1325352618.924356 2560327274.094976 1003868963.951380 841.795705
6702218683.570049 1139077055.562976 8109042507.201255 -1311904630.644123 2625198292.513393 1021152810.368608 841.231535
6748398756.995904 1103212452.554240 8290461449.774936 -1313158879.679245 2690048760.193308 1038810283.769633 840.707038
6791670571.220680 1074010129.293706 8477049736.982646 -1327099697.675736 2754114830.503745 1056984806.288142 840.235483
5022316782.298063 2104840165.758693 7161081155.428344 -2245783425.468760 2184829230.997680 1413687613.938938 839.830346
5048455616.254677 2085380828.525989 7364628959.253589 -2307224959.466810 2239456099.133732 1430368837.086669 839.500753
5066437959.504123 2069009226.229928 7566018221.836878 -2377255980.112621 2290955343.098609 1447096255.466710 839.247286
5074148866.659427 2055914798.570875 7762612058.034550 -2456048280.926588 2338245722.705419 1463818988.416768 839.076690
5071486760.358976 2047520324.803208 7954982091.024137 -2546344899.983737 2380887818.753763 1480400103.770335 838.993802
5056248546.853250 2042194564.778002 8138598865.158722 -2645207131.587687 2417734029.100152 1496832634.756002 839.006589
5025410373.519578 2040678016.764976 8309511291.213182 -2752585126.270778 2447360762.499584 1513742580.259906 839.121079
4977073856.575376 2043145095.495658 8464416946.616718 -2866701839.625730 2468776186.731750 1532297801.296851 839.354870
2540035453.050722 3004957582.959457 6419245735.772875 -3748002954.272116 1597712789.596302 1887493020.530648 839.675599
2457001278.311408 3011009054.591393 6538376026.836533 -3894840652.835113 1592543329.885604 1897296365.201223 840.107102
2359068453.511074 3015431849.245116 6633710033.397905 -4035820341.374166 1578578303.494465 1908653884.502588 840.640058
2248423307.038860 3014682716.807033 6701566442.732744 -4164819811.379598 1556020274.279950 1920132501.481252 841.276288
2129930432.097322 3006937240.041192 6743819084.660554 -4278553921.332301 1526555873.340688 1930666264.286427 842.021546
2006524638.421575 2990928587.071671 6760339820.312910 -4373377969.731037 1491354551.380858 1939625756.900084 842.873251
1881740955.782245 2965463578.058950 6752509477.867879 -4445498169.865187 1452294695.631536 1946945713.570017 843.831609
-830196198.140621 3824663292.024655 4157129926.097155 -5055700327.707089 422744410.292285 2327289615.212903 844.886676
-932665377.304373 3781013322.305242 4128202670.887188 -5104934307.564192 379951938.295628 2317964913.307909 846.019738
-1023968259.931124 3729572582.102889 4092793559.703057 -5134953436.129726 340051902.713619 2306321649.677571 847.227129
-1105256062.310822 3673455807.265731 4055111401.112772 -5149850510.686462 303886347.700525 2294686052.891171 848.481459
-1165069655.929502 3614914518.139497 4038042203.770549 -5146242023.859340 280992778.008709 2293423227.307995 849.740101
-1224323118.942307 3550517651.872326 4017992986.762635 -5133337004.968891 259087418.196897 2291201345.335987 850.888109
-1298973285.573274 3489366851.623733 3971171992.870234 -5126609856.987527 226763304.399690 2280185547.430089 851.987183
-5500437391.750903 4787410067.978662 -354832970.933646 -5780040485.912951 -1398554522.219065 2903511558.663883 853.036220
-5559256043.108752 4730358673.690250 -389938339.737028 -5791885380.460571 -1433932465.342000 2883163271.455752 854.472299
-5622966920.667216 4674301377.811638 -431930948.828921 -5798464679.939535 -1470357368.435449 2866180691.989817 856.318115
-5693453778.631409 4618156349.644145 -483539781.475534 -5798282658.098670 -1508494243.071449 2852094759.247006 855.505265
-5766419599.726534 4559378753.095323 -540692959.257643 -5790232262.279912 -1546792030.374861 2839217621.098659 855.975174
-8711045645.516195 5518988328.886516 -3444458806.932198 -6343924981.775636 -2678816081.494319 3353457811.755135 856.181552
-8769395874.645506 5448074733.787438 -3487975862.030713 -6339767202.078239 -2716110394.483722 3331775364.141778 855.989291
-8817580703.423735 5369916162.040737 -3519716070.736361 -6330060653.723972 -2747967064.013253 3308909296.974608 855.496166
-10644303476.987125 5946956373.724593 -5244003196.914070 -6553348113.408024 -3387942901.703962 3771926485.888437 854.654064
-10669048533.643034 5849666072.243252 -5251093706.258185 -6534239089.483640 -3407865277.731194 3746030275.240756 853.542896
-11752949499.933121 6091193434.605437 -6389545735.731118 -6513460846.817765 -3788697602.972162 4002575068.104133 852.017877
-11744298876.814480 5970458714.850183 -6371180590.015480 -6476349629.818311 -3791682551.900392 3970202284.782997 850.134712
-12141189169.027878 5961541925.351468 -6834634951.271953 -6408131531.862738 -3938967501.653984 4028476067.863571 847.994178
-12089088740.920898 5818949088.380247 -6773693366.214027 -6355242531.973261 -3919398127.238323 3990487893.464690 845.618670
-12017685327.468626 5667093378.420239 -6690630330.840869 -6296818430.676882 -3889431065.049144 3950153457.042775 852.595110
-12374012387.890701 5629362899.334442 -7142116554.345977 -6203396441.014925 -4017902042.777122 3995783970.017735 833.623427
-12263925279.092093 5462095021.820107 -7008098121.966433 -6146568806.970674 -3968494037.453419 3951261803.008008 837.488506
-12137506611.900682 5287505343.315066 -6849607366.817179 -6087934723.935155 -3909810351.667628 3907213103.935029 834.405412
-11999419118.858662 5106536694.245656 -6672621042.490722 -6027525379.984930 -3844029950.330918 3864072612.014812 831.270279
-11852846602.834080 4920457629.545915 -6479117076.320809 -5967335301.624815 -3772601128.083000 3822452426.860382 827.713251
-11700470736.467705 4729787346.243290 -6273783994.178305 -5906818802.766251 -3696871034.685753 3782157559.061484 823.901460
-11545135062.027761 4535177766.922816 -6062567586.736822 -5844661424.324446 -3618292905.158217 3743014757.526651 819.827088
-11387729057.422247 4336915286.957801 -5848727594.500006 -5779750561.714119 -3537516201.637445 3704684263.194295 815.504342
-11232246865.028025 4137448014.579217 -5632456530.350707 -5717794267.304432 -3456430312.676703 3667142245.816677 810.694509
-11081463448.162956 3938567706.724684 -5414386953.474339 -5661625855.652071 -3376231730.701373 3630837425.851959 805.987589
-11307931693.780390 3829576979.659677 -5765348921.917649 -5544768417.446834 -3449124418.258193 3665163193.825514 800.768726
-11174995339.536579 3635702932.516568 -5555390704.216608 -5509116852.882314 -3376506298.917989 3631203331.488795 795.328873
-11053590958.219868 3445517745.860429 -5350358324.422692 -5481388978.061901 -3307877341.515946 3599456665.041104 789.681467
-10947723685.162567 3260326167.710649 -5153089275.487446 -5463215834.761351 -3244703645.812596 3570900818.729282 783.789595
-10795728383.219875 3062041324.066354 -4948909872.002571 -5391545518.255435 -3159876502.773538 3539313698.449687 777.311349
-10677925880.025972 2872348614.460800 -4758066510.971985 -5347087393.436884 -3088331519.486737 3512558606.519236 770.295275
-11193336307.878355 2827270842.511057 -5815966104.479999 -5044356266.144023 -3288891395.881116 3620410697.306833 762.756423
-11210571023.618809 2677876495.545848 -5678584649.229431 -5131836853.857150 -3277066023.175980 3612590957.495090 754.699646
-11254972576.990908 2533937618.575560 -5558609095.268279 -5233397345.246773 -3275493747.813406 3610580456.522038 746.137882
-11325688281.842064 2394610811.933928 -5452714971.090115 -5350549377.894303 -3283624664.485301 3614265644.360516 737.007541
-11421367107.770424 2259167868.221510 -5361725139.209637 -5482042667.670676 -3301154906.591925 3623092803.534639 727.215104
-11472002688.602831 2115061900.054918 -5284401258.694036 -5555834697.758665 -3300895808.193857 3626821830.823369 716.209903
-12549032571.161724 178203360096.089233 -13098442968.597246 -56370134146.751205 -22063697860.026360 32872382896.336678 704.402745
28340579022.089535 4045325601.159610 -175189435639.874695 131685797634.537155 868934332.421598 -1885818892.013640 691.576032
-12621408008.175285 2003232072.119777 -8861557350.811298 -4539078532.195848 -3868160136.223630 3888912679.025756 677.413339
-12501940955.184286 1962261089.602400 -10568011700.981646 -3517528867.683007 -3923782675.085202 3895262975.793028 661.487251
-12099096821.324821 1896052989.208235 -11844342947.162233 -2569099203.691695 -3884738139.854924 3817227807.540921 643.420612
-12220841340.497671 1805453494.575596 -11821347508.975266 -2802601017.058363 -3936036677.439043 3833582605.498657 622.504848
-12325483848.134068 1711357213.788043 -11792387209.015234 -3020371208.686571 -3980258212.937961 3847528056.982488 598.027346
-12322178634.366825 1621074122.851754 -11887429159.241133 -3077548720.514940 -3996237773.126616 3843719047.393104 569.220169
-12407281428.579443 1526851946.058526 -11865487758.161539 -3275388796.961763 -4034588918.512115 3854074726.929985 534.905874
-12484468377.069828 1432651595.684176 -11844590221.364586 -3465782565.249046 -4069807009.978374 3863026316.387915 493.862629
-12457083147.983446 1351317813.654516 -11954527459.783875 -3505616189.164237 -4079578977.523663 3854822823.636392 444.338456
-12627165032.873121 1266148395.354133 -11985954891.082365 -3769030577.077060 -4153642884.906181 3877606915.268371 387.742710
-12799428218.396748 1184055816.951964 -12020850096.162558 -4028958348.467978 -4227337432.080293 3900885112.252448 319.207605
-12876556970.863810 1099790223.864766 -12016725311.585629 -4212396442.495512 -4260428391.820264 3910845956.323571 237.310664
-12948337842.198627 1017866566.247908 -12013433753.400116 -4390345071.127450 -4290370919.618323 3920597324.363542 139.861022
-13014540871.746933 938463068.877682 -12010545387.737661 -4562423302.320902 -4316912188.702829 3930258587.329550 24.382114
-12760680527.863472 951294237.058798 -12542957262.180935 -4278542073.766677 -4291821569.409955 3884602169.147367 -112.646956
-12818218292.670696 883432977.144490 -12541511179.439480 -4447910883.254288 -4313058376.294565 3895588861.651011 -276.059992
-12875896835.017338 817276123.770444 -12537493226.882074 -4616408710.214136 -4332689697.074967 3907627281.951051 -472.833478
-12892810579.617735 757364237.370498 -12539327102.788694 -4741927679.274199 -4336242668.919385 3915215691.565851 -709.432003
-12858713709.955965 749959347.884827 -12832965688.918573 -4763272742.627619 -4364196524.693406 3906314498.182016 -1000.359476
-12932193112.255941 685656118.325909 -12809185449.630224 -4952395970.946655 -4386580478.698842 3922045126.527718 -1346.524342
-12999768947.466002 620074497.057541 -12774025684.401079 -5136454159.533894 -4406272440.057982 3936378848.692145 -1755.556502
-13061392661.789188 551791275.068076 -12722773539.812853 -5317480356.918157 -4423460984.943530 3948553005.604888 -2235.625350
-13121672138.210361 479901255.109894 -12657024606.627054 -5499309061.828141 -4440318343.715506 3959118417.697349 -2794.156148
-13018232937.138775 585013208.631668 -13424997796.991062 -5506710966.422318 -4573742344.567091 3874472147.717384 -3434.548728
-13044077328.022943 520178028.400799 -13353592390.858740 -5667075250.526369 -4581772987.091910 3878187138.370754 -4168.653851
-13105590503.341646 443265651.212924 -13257717050.813017 -5865748305.347142 -4602846819.565788 3884273847.197099 -4993.244590
-13159891672.964746 364309871.253986 -13156607916.517443 -6057924846.998818 -4622084704.003766 3887699327.291828 -5904.476851
-13230235360.249533 421815842.436880 -13737332886.088472 -6225913600.320715 -4769375893.049537 3862308512.359559 -6883.698110
-13275117879.946749 344154903.756849 -13635774213.488045 -6417713072.803893 -4787723381.633808 3862024065.934368 -7876.587353
-13319907161.428659 265801894.385828 -13536158631.325106 -6608365316.182543 -4805483732.632350 3861678472.615317 -8821.417054
-13367310428.126253 185177172.764042 -13433235910.842289 -6801398971.004227 -4822928335.443899 3861693022.512186 -9651.824304
-13414551101.276018 103310792.999865 -13328619113.509745 -6993445406.398573 -4838847821.718376 3862132628.981555 -10386.633356
-13459856222.129000 21278384.361458 -13225205031.733128 -7181529836.669488 -4852737983.076869 3863257504.766887 -11111.814695
-13426216830.999229 167143968.943897 -14011537909.868153 -7225291259.448788 -4959099440.186054 3853832576.617504 -11935.819964
-13474830628.720867 88517508.029124 -13914379546.739824 -7421086697.388223 -4973920274.999019 3857088697.590119 -12876.354472
-13520265667.117821 10553093.572109 -13820606679.639353 -7610865402.307623 -4987696480.869781 3860569324.922043 -13840.083374
-13563402773.164221 -67601277.533264 -13728180326.747175 -7795731750.430023 -5001033447.691160 3864158738.977321 -14631.023394
-13602966852.484270 -145658830.759605 -13636638590.998137 -7974822892.819689 -5013678427.239028 3867347962.650233 -15052.907249
-13528609356.420586 -27678902.163370 -14197319203.346561 -8031262343.460035 -5076857742.327682 3854414141.980906 -14957.226188
-13561674444.354092 -104814426.398773 -14100659684.047125 -8208749174.647749 -5089094602.218255 3855981444.826343 -14133.088782
-13593083541.253185 -183024402.993721 -14002817239.123968 -8383833705.401183 -5101786631.758969 3856650219.383130 -12605.725060
-13683048045.459063 -279058646.038124 -13905715228.542149 -8615645861.880627 -5139907658.939617 3863565048.224667 -9454.045225
-13779468091.981091 -374137806.673308 -13812445236.599360 -8847225822.799873 -5181156075.449209 3870840730.465738 -7088.359298
-13703300261.740677 -238463122.025791 -14384425865.018780 -9005483418.366852 -5292129647.051878 3821556154.119668 -4854.319810
-13731913290.422256 -301316264.442456 -14327334759.639376 -9170434695.458334 -5310294238.971890 3821996519.170275 -2360.869695
-13767750001.714109 -363251181.855828 -14270900844.522533 -9341900732.257082 -5330163228.322312 3823079714.383389 -1303.394717
-13826501043.867199 -438106928.996844 -14189867036.695099 -9534478129.773699 -5356641952.919085 3825468675.651050 -566.651435
-13883626725.047836 -508009061.686885 -14119156310.704063 -9721293915.779900 -5382089908.458453 3828165786.630158 -113.056287
-13992135281.773663 -594081913.875820 -14043135532.647379 -9955810051.979864 -5427032241.801024 3836347285.673950 162.886045
-14103827866.712229 -675420579.748012 -13972387285.353128 -10184895189.211432 -5472465421.493590 3844595629.646409 318.392844
-14172900415.733322 -734177755.183744 -13919102796.513699 -10366515588.526854 -5499045089.895793 3849037125.213990 376.769837
-13981208553.553209 -495664966.580733 -14563480441.168200 -10398689570.088779 -5543951224.375449 3806172917.740493 418.405949
-14047158705.462210 -539584620.028323 -14518632773.108250 -10573343897.845400 -5564414178.322918 3811202893.439547 447.517901
-14106133153.438072 -575964241.045687 -14477302194.614460 -10737034549.683458 -5580068442.196218 3815221553.627940 467.694472
-14156964674.676868 -604591624.556596 -14440598163.834232 -10889801993.270454 -5590982077.330731 3818118642.816726 482.534702
-14206043293.060221 -628258605.943713 -14406804677.412073 -11037774869.157606 -5599903539.429777 3820532489.010613 493.480545
-14251574745.303410 -646580880.926574 -14375308682.879099 -11179513587.091778 -5606190839.892346 3822186156.026320 501.298988
-14293263066.991728 -660233478.523808 -14344690847.239397 -11314982817.195002 -5609884830.786977 3822956114.793339 507.234746
-14179261718.020761 -481297626.183853 -14730763532.240278 -11388213767.849888 -5627609009.680736 3794431007.198661 511.753570
-14215254071.002670 -485029435.136778 -14702594947.169254 -11517232240.659435 -5627923163.250605 3793743436.574162 514.927371
-14246392205.701014 -484011853.526984 -14677390988.663942 -11639148760.852407 -5625870108.288578 3792344130.755240 518.302540
-14279008147.973173 -483493415.722208 -14646019406.282095 -11762413462.092918 -5623818936.434097 3789849980.180185 519.102193
-14317671273.503862 -488193522.670225 -14601719285.031109 -11891473695.398113 -5624359561.824473 3785659456.667945 519.308286
-14470174052.280224 -383562610.576286 -15000913516.139988 -12451096126.207453 -5865778371.823833 3693169946.259232 519.173967
-14508290246.954006 -389284269.275177 -14942130434.923384 -12578963987.227158 -5865007839.085921 3686811687.170912 519.000954
-14550245055.255079 -399359547.407610 -14873511873.768213 -12709579761.918314 -5865238510.868062 3679378636.642065 518.209982
-14597706528.942661 -414730684.715923 -14794925896.095314 -12844695174.289310 -5867893139.533496 3670733718.159250 517.236303
-14646812134.715157 -433540458.805039 -14708805784.712870 -12979546158.632193 -5871165389.461278 3661070652.249390 516.165387
-14727761577.137625 -299399686.510948 -15076421320.044861 -13553748178.236050 -6121122040.243387 3522741530.911375 514.747833
-14813405843.269718 -344792881.242826 -14950005844.013388 -13718918312.408188 -6138721644.889810 3511494133.387125 513.481635
-14872233583.187428 -375643974.755592 -14837385679.356243 -13855823103.575375 -6146640537.767282 3497945287.229783 512.111634
-14930656580.363747 -409852089.965734 -14719501288.405403 -13990011034.431856 -6155189013.322165 3483198194.813270 510.745920
-14990145337.016685 -448097270.232438 -14597393895.537214 -14123080529.086668 -6165381900.697273 3467364913.280077 509.351879
-15049197911.258572 -489020938.139938 -14473292183.720814 -14253838318.553030 -6177037949.192461 3450386788.621483 507.909482
-15131108854.385050 -550717717.606900 -14326206179.442995 -14404840331.263025 -6199590323.990892 3432366939.901007 506.221483
-15211726261.182873 -612234320.050860 -14181283663.869816 -14548026027.862747 -6222976742.612440 3413721463.282984 504.734717
-15224673052.620434 -489066139.784749 -14434552438.166166 -14863301704.600119 -6351809664.573353 3330298165.092506 503.273909
-15278266897.039383 -534771989.134975 -14310197528.359650 -14975252935.738708 -6367323016.794809 3310405774.525451 501.856064
-15327407353.772713 -579409570.863606 -14189975618.994028 -15079563944.499086 -6382373687.688925 3290302785.603559 500.393446
-15372069738.797363 -622942909.738318 -14073974767.562035 -15176212796.013794 -6396851488.510984 3270068061.278493 498.885325
-15412299231.210716 -665245199.899138 -13962649771.763498 -15265438396.393761 -6410669249.841287 3249839948.457115 497.242610
-15447368043.745699 -704939413.544997 -13858187150.897224 -15346574336.446117 -6423153169.644394 3230172144.730348 495.518662
-15477810855.510054 -741785173.007043 -13761471920.399853 -15420039738.768343 -6434204697.346796 3211415914.320662 493.748126
-15504165618.199389 -775664967.154628 -13672585541.371788 -15486453546.756187 -6443929017.215540 3193585662.771882 491.738380
-15524971915.170485 -805274925.735373 -13592601394.344032 -15544816252.794580 -6451688044.853850 3176689840.745068 489.249307
-15539707661.147114 -830458359.414761 -13521736123.833691 -15594850200.262936 -6457296218.796130 3160798898.324066 486.194385
-15550475827.539812 -852939255.144976 -13458724023.431610 -15638709479.270693 -6461668582.181923 3146034759.691020 482.597412
-15557802350.802713 -872484052.467843 -13403857314.240906 -15676710162.710320 -6464939669.969552 3132489326.034393 478.154201
-15561497120.007298 -889253413.148230 -13356605331.664650 -15708967603.165888 -6467100015.837792 3120104264.963764 472.583622
-15562448754.922199 -903925512.062483 -13316314987.376345 -15736263238.816488 -6468528685.587499 3108965928.434685 465.963472
-15525183479.487101 -738220797.451722 -13659648228.139011 -15965790613.016924 -6578261581.331907 3039576691.546807 458.523740
-15521589810.810772 -749461950.906868 -13630574118.995262 -15984238170.146536 -6578477491.553083 3030482485.586028 450.821960
-15517142273.607792 -760418285.457568 -13605333536.829603 -15999665005.974808 -6578732100.302245 3022271057.455995 443.725757
-15512163340.215654 -770855936.668289 -13583502881.996367 -16012577143.992357 -6578964114.033969 3014854737.344444 437.375663
-15506917204.179653 -780895611.029012 -13564112906.303745 -16023523033.679558 -6579160962.778027 3008087637.055472 431.362288
-15493727975.946125 -785387839.197023 -13551037251.613008 -16002009494.135042 -6563512567.135497 3012027496.696426 414.757143
-15489603634.193663 -795631830.418086 -13538004350.892700 -16009369080.898314 -6564774147.732987 3007202334.295159 406.546624
-15484510693.943094 -804558009.246315 -13528017916.936205 -16013668468.603132 -6565136861.436682 3003308722.160603 829.533140
-15479771816.096699 -812838620.932775 -13520054114.704069 -16016638294.800882 -6565223901.823021 3000185775.342431 394.437817
-15475313054.553518 -820479431.535475 -13513679427.056715 -16018459744.455471 -6565125597.444808 2997578313.598175 391.083207
-15471132062.611580 -827331112.503510 -13508665220.118647 -16019310381.367458 -6564924341.220455 2995239293.131466 388.199073
-15467069316.333874 -833671985.163676 -13504704119.523966 -16019297778.895182 -6564807635.421006 2992972292.699195 384.537685
-15338606100.023037 -1079285810.652414 -12829135064.386236 -15507672256.321760 -6318244657.432008 3059100648.848432 380.984515
-15334891894.695938 -1085276578.233461 -12826483206.814909 -15506669323.066959 -6318791913.208621 3057058472.997364 379.250599
-15331231323.616011 -1091307424.954335 -12823611244.621853 -15505577089.428188 -6319615164.046885 3054927767.014583 379.197763
-15327574029.016418 -1097302485.871991 -12820390367.731865 -15504567761.362097 -6320739333.502291 3052596868.452650 379.749547
-15323880564.217693 -1103341397.210798 -12816670471.935499 -15503782428.154263 -6322212352.982983 3050022150.858574 381.206771
-15320196832.860323 -1109459129.921708 -12812289897.128412 -15503458854.411768 -6324072046.504730 3047174672.549489 383.796482
-15316626289.488991 -1115496020.034586 -12807334656.171051 -15503702460.890202 -6326275982.665265 3044060624.025875 386.628363
-15313311144.744699 -1121354647.254976 -12801863798.367840 -15504565887.020557 -6328822782.258418 3040738393.033453 388.776856
-15310362769.464128 -1127037023.251765 -12795995050.665743 -15506074299.354557 -6331608240.100480 3037363281.177099 391.406734
-15113789652.637409 -1122961175.933330 -12616452773.273071 -15241480506.395760 -6216713631.445687 3025121196.469288 389.557461
-15111848127.336256 -1128006180.165620 -12610665330.009598 -15243466270.320496 -6219841066.119441 3022017250.113111 391.590137
-15110029375.884966 -1132426040.688661 -12605001658.245729 -15245683174.307121 -6222698647.240910 3019118704.559218 393.320687
-15108459506.440975 -1136514429.914929 -12599104738.991646 -15248191699.620649 -6225282489.648206 3016420231.314634 394.724627
-15107204127.576792 -1140432259.592527 -12592983241.448278 -15251036316.962517 -6227666159.519371 3013881664.366250 394.125161
-14951442764.296549 -1116399147.244599 -12494087501.209034 -15084014781.441832 -6158343307.487964 2991500394.153556 394.280483
-14950514363.413010 -1119585371.800589 -12488452901.717979 -15086641634.356176 -6160462149.450605 2989401266.763096 394.081095
-14949631310.822721 -1122778653.140722 -12482848685.805611 -15089252617.166584 -6162491505.580221 2987388287.460844 393.317019
-14948811176.889299 -1126041870.804534 -12477334816.191980 -15091849231.636997 -6164505578.640782 2985462113.230467 392.673770
-14921110355.727804 -1101714400.482984 -12507851937.435053 -15083448833.260342 -6162988513.393159 2978959481.093524 391.767377
-14920492753.288681 -1104890744.228184 -12502751653.452631 -15085968742.126787 -6164883060.290886 2977307922.085440 391.046320
-14919983547.022469 -1107952712.131709 -12497909860.646753 -15088406457.613935 -6166729842.203173 2975783433.324339 390.191151
-14919676123.805679 -1110623574.866828 -12493535811.653315 -15090677338.304714 -6168453731.662418 2974514436.011401 389.652770
-14919257262.082874 -1113070777.777833 -12489384693.838125 -15092613645.544582 -6170079736.434520 2973289652.529509 389.385260
-14918767439.014095 -1115298788.376745 -12485469293.908783 -15094261213.250616 -6171624790.688590 2972087986.831503 388.984586
-14918254397.130480 -1117345545.440877 -12481832944.690258 -15095680710.248306 -6173060328.706510 2970957123.693712 388.717526
-14917740170.392088 -1119207364.410269 -12478517543.849405 -15096894522.745722 -6174379243.787401 2969904511.499599 388.539183
-14917236497.427605 -1120822407.689520 -12475577520.256470 -15097877419.491619 -6175573856.300253 2968940444.086839 388.454678
-14929846571.390932 -1130849546.622704 -12466358214.805578 -15119374849.502876 -6186397812.402452 2964949033.848667 388.734921
-14929351595.666529 -1131876171.288799 -12464231255.145981 -15119848546.621323 -6187292138.698100 2964141216.041779 388.319877
-14928929205.151140 -1132505060.814543 -12462636016.624504 -15120027383.043530 -6188009144.797864 2963507422.343749 388.535509
-14928506785.403593 -1132748820.414816 -12461538842.021418 -15119889594.121021 -6188546081.975801 2962966534.056861 388.415497
-14928098287.039305 -1132677587.834665 -12460921407.707922 -15119460355.507927 -6188910152.316101 2962535174.752950 388.171540
-14912489266.311785 -1124700498.900784 -12463008475.523170 -15105340706.516665 -6183590141.129807 2960353537.765608 387.784065
-14912069155.572502 -1124289618.505720 -12463144309.794062 -15104465208.790701 -6183668475.203222 2960102325.576422 387.162451
-14911651680.128746 -1123844976.924529 -12463517235.985453 -15103473932.471685 -6183646771.820923 2959941591.055339 386.657433
-14913319927.515793 -1139869506.936816 -12428112814.943659 -15093733515.519213 -6179323925.419999 2959868520.337565 385.907110
-14912997041.907715 -1139196379.050730 -12429118081.242094 -15092470505.236738 -6179060745.525921 2959958752.318045 385.272408
-14912725549.714739 -1138674699.880909 -12430081466.435232 -15091317903.384684 -6178789953.504802 2960112859.269178 384.343357
-14923731039.218195 -1156671865.094911 -12400528079.598211 -15093701923.613922 -6179619032.693895 2960746040.015783 384.066479
-14923550661.636513 -1156708262.983915 -12401016810.458941 -15093028690.071564 -6179450552.958055 2960950979.118316 383.743577
-14924434519.582823 -1162041262.805130 -12390774344.504824 -15091073689.355192 -6178584425.703355 2961002126.432607 473.516832
-14924411712.642418 -1162528582.162135 -12390728093.535961 -15091001922.458765 -6178560952.716012 2961236280.006682 383.123067
-14924469022.482925 -1163133155.878326 -12390605803.153059 -15091104644.678518 -6178543885.632169 2961537335.202049 382.747910
-14924583712.616447 -1163780754.483145 -12390523698.662729 -15091289603.781677 -6178497195.126186 2961908883.450100 383.497462
-14924781436.451757 -1164235556.668153 -12390596485.692402 -15091504048.540205 -6178401877.328118 2962299562.469216 385.205210
-14911422078.783485 -1154720797.156448 -12399301726.885885 -15081057639.620825 -6173950278.035441 2961235775.475919 387.341318
-14911600906.627251 -1154662802.420986 -12399465706.273638 -15081228277.659786 -6173867856.949505 2961364924.839542 389.414109
-14911721329.474882 -1154331486.844272 -12399661411.825130 -15081319069.377108 -6173796515.798704 2961338031.545880 390.142645
-14911840157.408344 -1153895217.960069 -12399883024.766447 -15081395964.362209 -6173728708.083503 2961268930.429275 389.853300
-14911921909.827515 -1153558993.777477 -12400030220.942547 -15081477586.779055 -6173683786.313279 2961192621.109831 389.517898
-14911980991.937887 -1153261254.359086 -12400166511.455564 -15081520905.867292 -6173652851.684108 2961123275.783138 388.985886
-14907578082.478645 -1148732376.845023 -12405641573.709921 -15079077702.897169 -6172715039.496981 2960520414.871642 388.297651
-14907553373.016691 -1148662924.261644 -12405634404.411844 -15079080062.932449 -6172721496.533382 2960465827.278412 387.576118
-14907536020.237553 -1148672556.649286 -12405618392.336390 -15079080004.957441 -6172724389.151296 2960462163.819556 387.105110
-14907544353.899292 -1148730522.740326 -12405607513.325909 -15079089640.491570 -6172725319.837674 2960488800.119899 387.157538
-14916102679.185226 -1151336624.884920 -12408339332.519485 -15092248777.563675 -6178766413.301535 2959612429.026153 387.332793
-14916110731.085602 -1151368515.715806 -12408324863.656496 -15092261146.160839 -6178772343.447548 2959617547.608094 387.487952
-14916117383.498520 -1151363754.043246 -12408330293.901920 -15092260290.596552 -6178772957.457160 2959617800.905018 387.494882
-14921391642.086849 -1153552494.402677 -12408621489.889956 -15095960342.611813 -6180156017.236668 2960831509.783094 387.587162
-14921383373.107128 -1153555721.088185 -12408608322.033562 -15095962506.474007 -6180161665.369113 2960819477.577859 387.693139
-14921378126.946432 -1153532871.581789 -12408611400.116749 -15095957668.271309 -6180163260.476190 2960805897.151651 387.604829
-14921371142.363525 -1153530872.550428 -12408604712.206306 -15095957166.994452 -6180166557.619538 2960795126.584054 387.420275
-14921376648.285007 -1153538032.839163 -12408607337.778351 -15095958624.998077 -6180165765.651814 2960802829.352841 387.488100
-14921380750.999809 -1153533461.785393 -12408612667.883921 -15095957382.072958 -6180165408.078587 2960806571.530293 387.414763
-14921382817.636736 -1153553748.908042 -12408600922.054281 -15095965400.527328 -6180170140.545259 2960809192.547357 387.432875
-14917183210.345587 -1151570755.889741 -12408928606.659874 -15092055284.972313 -6178542495.559980 2960348933.523123 387.528376
-14917189129.927540 -1151547629.952941 -12408947920.467150 -15092046638.995825 -6178537731.499042 2960354323.535715 387.392935
-14917180423.913206 -1151594552.849942 -12408914211.526373 -15092062005.156061 -6178546784.411091 2960349969.101580 387.579177
-14917175306.713200 -1151587840.239214 -12408912154.114243 -15092059605.009432 -6178548741.963850 2960343030.131042 387.639848
-14917987035.053568 -1152179944.936998 -12408320452.218382 -15092737816.935621 -6178834682.771223 2960383755.486037 387.438373
-14917985990.541414 -1152200414.221187 -12408308126.387749 -15092745294.726278 -6178838730.740228 2960384558.691437 387.587712
-14917981065.994440 -1152194739.580033 -12408305507.213970 -15092744203.322634 -6178840621.529762 2960377611.701669 387.541323
-14918291541.970137 -1152483335.095129 -12407942590.887899 -15092916390.943987 -6178905191.547495 2960414831.428615 387.429906
-14918288073.031416 -1152508988.892103 -12407923568.317854 -15092925305.366653 -6178910863.778989 2960414419.563502 387.518867
-14918287785.119530 -1152508041.012386 -12407921076.905182 -15092926516.753620 -6178912453.069918 2960413625.078595 387.474771
-14917743727.972857 -1151938144.760873 -12408688007.278374 -15092500208.623838 -6178731881.369960 2960417737.172697 387.446396
-14917744878.863121 -1151951324.814931 -12408680068.990040 -15092506200.006620 -6178734196.540013 2960420322.915777 387.527490
-14917744627.613451 -1151948570.471567 -12408679775.726446 -15092505806.169983 -6178734678.866331 2960418145.835259 387.461729
-14917742995.843149 -1151967325.858859 -12408664430.729380 -15092515148.584888 -6178738798.353811 2960417453.398026 387.486825
-14918245351.456614 -1152377804.658569 -12408258117.565140 -15092972639.569710 -6178934366.199724 2960433223.685434 387.561904
-14918245801.298283 -1152368912.471174 -12408259791.459446 -15092972582.151079 -6178934746.502505 2960430294.901453 387.446045
-14918247802.257938 -1152383859.331056 -12408248617.809612 -15092980204.390841 -6178938914.448336 2960430799.179492 387.466984
-14918242829.971624 -1152408100.089988 -12408226579.332766 -15092991083.030008 -6178945002.218117 2960426807.010384 387.539084
-14918239840.677853 -1152408272.821107 -12408221922.053534 -15092992396.443083 -6178946747.690387 2960422856.176253 387.537296
-14917785968.886505 -1152065187.861216 -12408512685.343208 -15092576538.701134 -6178770797.704493 2960399909.260656 387.452443
-14917784598.603115 -1152080585.677012 -12408500522.960428 -15092583475.285334 -6178773466.175916 2960401326.065585 387.415476
-14917770998.915770 -1152134842.255520 -12408454481.410994 -15092603632.657848 -6178786101.114045 2960392187.427037 387.641983
-14918296532.340244 -1152397759.633451 -12408307558.750969 -15093072663.099005 -6178983254.216656 2960432125.921435 387.475713
-14918301075.282028 -1152388898.578649 -12408319985.480089 -15093066758.987925 -6178979264.328744 2960437364.821972 387.413402
-14918299288.759535 -1152408489.534406 -12408309822.357168 -15093072040.818195 -6178981033.044606 2960441198.894715 387.619089
-14918301317.843567 -1152378727.786173 -12408325352.821047 -15093063911.255388 -6178977258.304382 2960438837.972037 387.452959
-14918304782.866072 -1152387628.400962 -12408320748.235664 -15093069380.232861 -6178978841.229123 2960441746.245040 387.466521
-14918303776.185167 -1152402902.880599 -12408306916.303568 -15093078307.374237 -6178982146.914399 2960441978.705845 387.581792
-14918225860.291668 -1152491407.563222 -12408019491.236458 -15092979237.167931 -6178944147.554697 2960402294.395546 387.501435
-14918231642.633415 -1152483549.551701 -12408023718.217030 -15092980059.439253 -6178944319.997909 2960405340.961332 387.414465
-14918224939.615896 -1152525021.849322 -12407990676.011179 -15092997739.630562 -6178952862.119617 2960402516.422282 387.530503
-14918218755.226416 -1152540760.009704 -12407969720.300278 -15093008327.019184 -6178958920.620058 2960395410.860461 387.475416
-14918222625.902470 -1152545719.076053 -12407965164.499439 -15093014229.269901 -6178960775.606605 2960397170.452332 387.372518
-14918221410.141468 -1152586892.327236 -12407932977.750435 -15093034258.688128 -6178969919.259817 2960398364.644608 387.506597
-14917973041.831680 -1152428365.636866 -12408069300.034782 -15092831641.764275 -6178886663.008284 2960379894.636317 387.469399
-14917970648.350933 -1152454200.030499 -12408044059.942005 -15092847185.987856 -6178894681.124701 2960374736.613070 387.407040
-14917970988.632967 -1152482305.462497 -12408020833.104261 -15092862608.584652 -6178901685.355026 2960375876.205913 387.471969
-14917966797.292479 -1152508781.295831 -12407991527.703068 -15092879562.077948 -6178910453.404992 2960370692.570385 387.388681
-14917959919.715439 -1152557270.107567 -12407950806.904028 -15092901358.994696 -6178922306.826192 2960365961.464500 387.474738
-14917962298.021757 -1152568984.695544 -12407934860.180454 -15092913990.230843 -6178927877.014787 2960364674.910195 387.418508
-14917982814.678688 -1152601611.508260 -12407926986.904022 -15092975727.557356 -6178957052.438931 2960357285.439804 387.336668
-14917980901.265072 -1152655724.232158 -12407883040.250793 -15093002715.450918 -6178970113.179513 2960355552.698773 387.496923
-14917980280.448421 -1152665644.091332 -12407867552.169489 -15093012844.724182 -6178976529.674165 2960350399.660002 387.378962
-14917979496.479622 -1152702604.063942 -12407837867.752312 -15093031897.527966 -6178985699.610075 2960349442.234885 387.368077
-14917976343.323393 -1152747276.213806 -12407800770.497990 -15093053923.651951 -6178996609.647042 2960346486.027820 387.494486
-14917972269.358959 -1152765446.885607 -12407776231.383734 -15093068329.521349 -6179004552.649812 2960339173.410195 387.442499
-14917969464.847593 -1152793005.946558 -12407748262.590508 -15093084861.827150 -6179013609.821496 2960333247.271005 387.398846
-14917652780.922382 -1152336810.473379 -12408526512.509052 -15092910888.694412 -6178940476.112831 2960357367.244729 387.541582
-14917644731.045870 -1152365154.462250 -12408493164.335531 -15092927379.363726 -6178951509.983521 2960347126.022367 387.380139
-14917643054.897326 -1152399532.279171 -12408465946.109396 -15092943857.594252 -6178959767.970684 2960345234.264258 387.367162
-14917640348.422674 -1152435691.952323 -12408438263.982033 -15092959513.857664 -6178968152.612537 2960343028.952069 387.368361
-14917638986.509880 -1152470832.056091 -12408409863.698240 -15092976334.947569 -6178977191.377847 2960340427.485655 387.363055
-14917631870.078516 -1152520773.648349 -12408367604.392506 -15092999106.619987 -6178989340.195823 2960333950.851843 387.438968
-14917637290.959631 -1152520985.907145 -12408364932.682669 -15093005287.769754 -6178991439.286903 2960336529.512576 387.363040
-14917631758.146036 -1152561762.986690 -12408332369.866499 -15093022775.285919 -6179000962.811316 2960332583.068214 387.385619
-14916908402.333632 -1152074657.083045 -12408780141.125454 -15092434586.689482 -6178757805.407045 2960277889.668123 387.491101
-14916903527.004042 -1152083422.219162 -12408765141.234442 -15092441289.518454 -6178763073.857279 2960269827.714412 387.376127
-14916899174.852758 -1152122251.371994 -12408732014.104820 -15092460572.205307 -6178772541.632500 2960265340.292217 387.429021
-14916892320.467962 -1152148956.497529 -12408704968.175001 -15092473815.701071 -6178780532.283684 2960258443.050418 387.519388
-14917531585.660851 -1152481910.125686 -12408587709.201473 -15093037768.749058 -6179013770.034239 2960331668.101966 387.315320
-14917529166.694635 -1152526561.675538 -12408555832.459755 -15093056128.705139 -6179022941.338021 2960330099.370622 387.419552
-14917527339.781548 -1152539786.271688 -12408542950.733917 -15093063217.286963 -6179026767.280948 2960328237.722756 387.420018
-14917527380.780273 -1152548954.768824 -12408534219.753843 -15093068573.393595 -6179029815.024548 2960327029.456583 387.338812
-14917598694.033348 -1152655329.175636 -12408422946.783783 -15093160392.141218 -6179072190.339200 2960320488.099032 387.442414
-14917595296.946152 -1152663885.284957 -12408413110.703751 -15093164296.440531 -6179075705.471957 2960316381.219273 387.448346
-14917595822.074976 -1152661726.349307 -12408414027.107166 -15093163682.127605 -6179076120.124921 2960314853.001559 387.368989
-14917594229.226736 -1152683419.820097 -12408400097.307047 -15093171381.523853 -6179079936.143074 2960314327.788890 387.450384
-14917590054.764784 -1152687927.610691 -12408394814.284946 -15093172447.647253 -6179080864.647957 2960311350.956637 387.510278
-14916681844.367384 -1152047106.009902 -12408931097.312920 -15092402437.530247 -6178761942.667792 2960235142.507997 387.457332
-14916684940.562311 -1152033371.036115 -12408941128.683687 -15092397412.445686 -6178759857.036982 2960237070.444099 387.438795
-14916680855.318451 -1152042376.806323 -12408932407.740198 -15092399894.258316 -6178762289.326405 2960233269.174304 387.458686
-14916678008.512156 -1152043412.248988 -12408930536.146662 -15092398761.019985 -6178763107.372954 2960229563.834739 387.543245
-14916692193.410736 -1151974296.964476 -12408989216.963745 -15092369850.456650 -6178747185.304283 2960240882.249115 387.341154
-14917378271.779608 -1152504563.147729 -12408498330.567778 -15092922946.832319 -6178974552.867622 2960300746.934382 387.365057
-14917371388.879093 -1152536488.882847 -12408473647.179523 -15092934796.507477 -6178980735.041561 2960299166.640769 387.617269
-14917374750.270802 -1152486741.076104 -12408503429.166939 -15092918049.622631 -6178973881.891203 2960295924.384744 387.331205
-14917371966.753162 -1152522053.140194 -12408478579.472651 -15092931566.083012 -6178980377.433607 2960296001.252635 387.439025
-14917370336.404699 -1152522375.322695 -12408477532.827017 -15092930999.713102 -6178980520.981686 2960296088.763745 387.543566
-14917368945.503569 -1152503862.158910 -12408485468.579370 -15092925627.920938 -6178978688.111162 2960291114.399218 387.415490
-14917505966.392891 -1152771034.980155 -12408028533.512888 -15093016797.523872 -6179019553.160432 2960265717.788595 387.457721
-14917499577.086071 -1152780725.865203 -12408017908.031218 -15093020103.052914 -6179021614.900591 2960261633.092657 387.498082
-14917023471.623379 -1152265251.480454 -12408694578.007198 -15092602327.409584 -6178839928.494164 2960280008.119646 387.419520
-14917026050.224684 -1152261846.110332 -12408699746.453264 -15092600170.729389 -6178838724.711849 2960283588.401745 387.443480
-14917023071.473806 -1152267224.804070 -12408694511.548994 -15092601625.035410 -6178840280.482650 2960281857.082384 387.457461
-14917489733.446785 -1152573582.410286 -12408454322.521385 -15093017022.179783 -6179015549.874338 2960312944.606697 387.418755
-14917492072.986517 -1152569743.806111 -12408461716.059258 -15093013456.364948 -6179012730.344832 2960316749.127921 387.439475
-14917493757.735123 -1152563779.720705 -12408465592.208870 -15093011458.520004 -6179011732.222574 2960319254.725386 387.428559
-14917493727.264936 -1152571454.294744 -12408457935.826448 -15093016593.654320 -6179014221.274050 2960318634.061143 387.413500
-14917658975.488749 -1152796962.211999 -12408126514.384220 -15093178160.598963 -6179088120.994659 2960292902.221313 387.577242
-14917660325.096315 -1152764268.806729 -12408144040.823606 -15093168868.485834 -6179083803.719288 2960290171.421759 387.393780
-14917657688.996414 -1152779889.211248 -12408135517.143269 -15093172668.227867 -6179085774.296378 2960290640.444418 387.466422
-14917657176.828291 -1152777650.849823 -12408133931.877186 -15093173552.730465 -6179086252.742683 2960289551.763149 387.506440
-14917656494.561054 -1152763479.241931 -12408142518.080973 -15093167554.421881 -6179084313.758324 2960287230.189107 387.400377
-14917353302.332382 -1152641737.002646 -12408137029.400028 -15092877125.159687 -6178961528.530004 2960257372.754892 387.470543
-14917351317.660261 -1152641157.346041 -12408135957.593103 -15092876742.734917 -6178962138.204212 2960254735.647841 387.497000
-14917349296.458483 -1152633945.836258 -12408138901.306499 -15092873843.662767 -6178961727.774144 2960251616.503872 387.460251
-14917348016.623810 -1152629772.720752 -12408143408.884912 -15092869763.943892 -6178960492.321381 2960251120.783707 387.420781
-14918070353.331873 -1153107991.501291 -12407799179.305349 -15093519085.619188 -6179233129.502699 2960305919.428569 387.460656
-14918068356.682667 -1153110897.991326 -12407794752.817719 -15093520452.518150 -6179234678.395485 2960303245.141252 387.430511
-14918071796.581133 -1153106116.326114 -12407802252.997946 -15093517899.141245 -6179232572.478919 2960306637.181975 387.444910
-14917258607.246481 -1152507011.873869 -12408347416.756952 -15092785918.404125 -6178922148.035955 2960269977.886975 387.419219
-14917260541.598461 -1152506771.951503 -12408351004.542273 -15092785176.589409 -6178920717.254391 2960273716.605260 387.426361
-14917247763.077219 -1152525951.127281 -12408338573.197493 -15092783119.488400 -6178921022.769051 2960272122.034647 381.084123
-14917469922.740341 -1152613475.520333 -12408340876.232698 -15093007734.498957 -6179016247.807414 2960285958.415845 387.456356
-14917470698.694687 -1152609326.466984 -12408344300.109062 -15093005952.259747 -6179015509.759675 2960286099.967579 387.410409
-14917469991.285162 -1152624019.379562 -12408333645.401476 -15093012642.139761 -6179018434.176344 2960285341.424866 387.465718
-14917468612.172222 -1152622753.749053 -12408333680.810442 -15093011660.103226 -6179018600.479356 2960283234.064010 387.459324
-14917470316.208542 -1152616165.930361 -12408339792.587545 -15093008641.964746 -6179017077.588492 2960283472.462598 387.369046
-14917470027.126657 -1152632585.114915 -12408330884.091112 -15093013057.709127 -6179019597.902732 2960285557.185161 387.462475
-14917465128.865450 -1152638706.753094 -12408322230.329714 -15093015241.661455 -6179022140.072571 2960281528.412561 387.449598
-14917468677.385601 -1152630540.199914 -12408330815.801760 -15093012555.989557 -6179019666.528265 2960284037.668211 387.393579
-14917468445.263390 -1152640976.460390 -12408327630.227087 -15093014865.101192 -6179019970.686906 2960286481.865064 387.430396
-14917468537.791243 -1152645266.822278 -12408323843.417284 -15093017590.911861 -6179020772.660065 2960286958.570323 387.472725
-14917468084.813341 -1152639924.787522 -12408325952.922886 -15093016347.632402 -6179020288.375729 2960285903.227172 387.367733
-13355127096.182842 -933871895.472047 -12326917435.336346 -13786836521.497728 -5800545972.063587 2708660179.357673 -23752965.972834
-14917445226.200495 -1152719118.208351 -12408144595.416643 -15092975114.734671 -6179003166.258882 2960271754.590334 387.053636
-14917445334.384953 -1152722319.652180 -12408141849.972609 -15092976974.633165 -6179003989.026106 2960271657.681256 387.432296
-14917445529.816412 -1152725345.717494 -12408139144.283661 -15092978884.768696 -6179004817.657077 2960271555.782034 387.432759
-14917445771.404404 -1152728153.214957 -12408136514.983318 -15092980777.778271 -6179005628.096067 2960271457.342342 387.433224
-14917484021.929831 -1152737295.303539 -12408157228.432880 -15093026022.991507 -6179024964.482820 2960275559.272791 387.433695
-14917484386.133612 -1152739588.265593 -12408154848.990633 -15093027838.617208 -6179025710.425853 2960275498.929045 387.434170
-14917484826.794613 -1152741585.252959 -12408152643.025211 -15093029593.980101 -6179026410.062818 2960275473.222003 387.434649
-14917485354.012552 -1152743260.463317 -12408150642.899237 -15093031274.700813 -6179027054.022169 2960275492.544025 387.435129
-14917485977.886894 -1152744588.094261 -12408148880.975279 -15093032866.399683 -6179027632.932265 2960275567.287455 387.435612
-14917486708.516838 -1152745542.343266 -12408147389.615915 -15093034354.696867 -6179028137.421342 2960275707.844624 387.436095
-14917487556.001377 -1152746097.407699 -12408146201.183657 -15093035725.212236 -6179028558.117520 2960275924.607849 387.436582
-14917488530.439188 -1152746227.484819 -12408145348.041025 -15093036963.565409 -6179028885.648838 2960276227.969432 387.437064
-14917489641.928764 -1152745906.771796 -12408144862.550478 -15093038055.375807 -6179029110.643214 2960276628.321668 387.437547
-14917027460.500387 -1152454110.027204 -12408342604.750137 -15092662138.472023 -6178875958.197734 2960223342.530347 387.438029
-14917028876.354559 -1152452810.349804 -12408342951.692827 -15092662894.059706 -6178875950.001797 2960223968.056434 387.438509
-14917030459.549135 -1152450982.481950 -12408343763.371168 -15092663459.957397 -6178875811.150449 2960224721.750355 387.438985
-14917032220.181322 -1152448600.620922 -12408345072.146999 -15092663821.783207 -6178875532.271095 2960225614.004247 387.439456
-14917034168.348139 -1152445638.963954 -12408346910.382092 -15092663965.155048 -6178875103.991055 2960226655.210246 387.439924
-14917036314.146284 -1152442071.708148 -12408349310.438185 -15092663875.690479 -6178874516.937491 2960227855.760481 387.440386
-14917038667.672264 -1152437873.050530 -12408352304.676994 -15092663539.006889 -6178873761.737477 2960229226.047082 387.440842
-14917041239.022308 -1152433017.188065 -12408355925.460142 -15092662940.721323 -6178872829.017948 2960230776.462172 387.441293
-14917363398.926788 -1152590434.115787 -12408309767.357515 -15092928278.355896 -6178979245.339027 2960278331.618789 387.441737
-14917366436.270359 -1152584186.347413 -12408314738.332365 -15092927113.728741 -6178977929.462549 2960280273.466564 387.442170
-14917369721.730238 -1152577203.954264 -12408320432.943024 -15092925644.350830 -6178976407.946744 2960282426.620372 387.442598
-14917373265.401852 -1152569461.132583 -12408326883.551260 -15092923855.838058 -6178974671.418018 2960284801.472456 387.443013
-14917377069.238741 -1152560930.388652 -12408334123.912048 -15092921728.915091 -6178972710.199601 2960287408.087993 387.435529
