1734.911705 -721.608729 -48.109542 511.540930 66.437714 -1280.300347 898.265057
1734.910202 -721.617870 -48.108105 511.559020 66.438085 -1280.300624 898.265385
1734.908684 -721.626906 -48.106721 511.576638 66.438440 -1280.300865 898.265683
1734.907157 -721.635831 -48.105389 511.593768 66.438778 -1280.301074 898.265951
1734.905622 -721.644644 -48.104111 511.610403 66.439100 -1280.301250 898.266189
1734.904082 -721.653342 -48.102890 511.626533 66.439406 -1280.301396 898.266400
1734.902539 -721.661924 -48.101728 511.642150 66.439695 -1280.301513 898.266584
17983218367.200798 357506629.743582 18690182641.037106 -9647798729.827450 2277772056.543521 -5222372932.163657 898.266741
17983230836.278145 357484711.247213 18690187797.361271 -9647779527.420700 2277771901.252626 -5222367246.507054 898.266873
17983240677.025639 357466617.177350 18690191674.443775 -9647763850.972685 2277771710.112147 -5222362596.257680 898.266981
17983248013.147118 357452206.491329 18690194343.669086 -9647751561.453905 2277771485.897833 -5222358939.010229 898.267063
17983252968.345955 357441338.149799 18690195876.422291 -9647742519.833549 2277771231.385569 -5222356232.357408 898.267125
17983066488.420101 356786023.220802 18690008486.601219 -9647140511.075373 2277745215.234541 -5222166382.735221 898.267163
17983067052.879944 356781816.514033 18690007960.575123 -9647137548.119795 2277744908.457457 -5222165450.011929 898.267183
17983065607.549862 356780729.055431 18690006512.243740 -9647137415.987711 2277744579.711222 -5222165340.671767 898.267181
17983062276.131416 356782619.819935 18690004212.994843 -9647139975.642889 2277744231.772294 -5222166012.299158 898.267161
17983057182.326439 356787347.786456 18690001134.217258 -9647145088.048231 2277743867.417247 -5222167422.476861 898.267119
17983050449.837257 356794771.938119 18689997347.300865 -9647152614.165920 2277743489.422824 -5222169528.786066 898.267062
17982861618.144035 356230657.034597 18689812997.038712 -9646642043.300539 2277718765.340887 -5222010438.892814 898.266990
17982851979.503563 356243050.571549 18689808008.057648 -9646653979.820505 2277718368.402434 -5222013810.279922 898.266901
17982841073.303490 356257717.268138 18689802525.118454 -9646667912.952951 2277717966.155840 -5222017750.547350 898.266798
17982829023.247871 356274516.124433 18689796619.615509 -9646683703.656675 2277717561.378399 -5222022217.269518 898.266678
17982815953.041889 356293306.145127 18689790362.944580 -9646701212.890127 2277717156.847539 -5222027168.019503 898.266547
17982801986.391933 356313946.339577 18689783826.502831 -9646720301.611401 2277716755.340827 -5222032560.369066 898.266405
17982594249.220104 355769100.473893 18689584155.782562 -9646231506.425997 2277690562.055284 -5221881491.379346 898.266251
17982578875.871704 355793049.102901 18689577289.106335 -9646253338.281292 2277690176.685284 -5221887632.745399 898.266237
17982555142.632847 355851599.785299 18689574858.910637 -9646301760.322205 2277692246.452529 -5221900234.397421 898.265661
17982548649.352009 355841058.631674 18689564423.605759 -9646297328.407265 2277689774.230661 -5221900535.606925 897.801511
17982580440.352837 355810083.698766 18689583683.259151 -9646264713.295946 2277687174.999153 -5221889673.015201 898.263387
17982478276.594841 355658986.486914 18689505935.867229 -9646127038.614668 2277679355.556118 -5221845075.018646 898.265411
17982453255.935177 355673683.422218 18689484358.221619 -9646146658.816492 2277676975.399285 -5221853155.687971 898.265261
17982445346.122334 355704300.249718 18689486434.416214 -9646170200.064161 2277675892.889093 -5221858270.859928 898.265225
17982401836.174831 355783474.242392 18689471062.372269 -9646239941.539009 2277677642.336020 -5221877095.664039 898.264476
17982394363.804333 355785710.495817 18689464405.046490 -9646243870.362879 2277676555.533579 -5221878814.353780 898.264553
17982143758.777828 355200231.134905 18689223674.068546 -9645734282.355091 2277645860.693655 -5221726718.049752 898.264485
17982116815.254044 355250027.755059 18689214235.836952 -9645778139.742178 2277645899.843197 -5221738663.945721 898.264019
17982097403.571754 355272576.198931 18689201976.305206 -9645800748.761902 2277644476.678326 -5221745704.745492 898.263911
17982084731.392757 355312887.804489 18689203951.053886 -9645832348.481188 2277646096.845042 -5221753286.909978 898.263726
17982069629.770592 355349357.872086 18689201925.789062 -9645862150.953588 2277647520.643907 -5221761240.756131 898.263543
17982049871.745014 355381585.285743 18689192784.699085 -9645891671.934317 2277647981.337109 -5221770659.009499 898.263304
17982040634.756157 355406003.665892 18689192053.372177 -9645911583.224480 2277648129.423932 -5221775669.507391 898.263261
17980844011.378983 353317393.507450 18687996082.617336 -9644110494.057444 2277498138.319102 -5221248401.805988 898.262843
17980826970.123749 353340730.970564 18687985640.943024 -9644133173.892319 2277496906.466794 -5221255380.381123 898.262500
17980837150.764465 353335952.163910 18687992489.257915 -9644126649.787741 2277496500.613261 -5221253215.561276 898.262677
17980826732.316219 353383420.553423 18687998198.106174 -9644162548.844559 2277497792.648919 -5221261460.880518 898.262354
17980812199.124222 353411931.388617 18687993121.491276 -9644187359.590649 2277498087.795098 -5221268693.778500 898.262103
17980813710.868305 353418525.082333 18687996498.649815 -9644191446.993992 2277497692.420838 -5221269594.421961 898.262140
17980808794.158478 353446754.331022 18688001457.739624 -9644212489.497141 2277499249.905348 -5221274045.556925 898.261983
17980786011.766068 353486281.832037 18687991211.372662 -9644248191.944490 2277499723.069600 -5221284897.252133 898.261498
17980794626.460625 353466182.974263 18687992133.421322 -9644231578.071009 2277497544.324938 -5221280899.287008 898.261822
17981285496.349983 354152874.131839 18688513782.476643 -9644805176.800648 2277565220.859367 -5221439915.548656 898.261359
17981278371.814259 354150575.996537 18688504793.644463 -9644806600.025383 2277563338.187841 -5221442271.528214 898.261331
17981273416.069405 354162870.946765 18688503034.802399 -9644816599.915159 2277564120.841530 -5221445931.461346 898.261363
17981265532.601494 354188437.765466 18688504214.178249 -9644836477.177223 2277565321.098320 -5221451147.155516 898.261167
17981270475.843575 354183869.623424 18688507046.177177 -9644831792.524626 2277564454.172928 -5221449970.284914 898.261219
17981264953.435810 354197994.876546 18688506117.459663 -9644843594.644041 2277564118.664982 -5221453324.943316 898.260941
17981284809.537670 354158931.776536 18688512293.320679 -9644809913.422903 2277561737.861001 -5221443777.075385 898.261246
17981290319.842480 354165267.431725 18688518681.052399 -9644812176.167299 2277562653.476673 -5221444199.075541 898.261254
17981267875.888317 354187112.383990 18688502979.813507 -9644835355.332008 2277561371.844880 -5221452507.129922 898.260924
17981286100.474884 354159254.454027 18688511077.052155 -9644809619.057602 2277560698.754680 -5221445369.261840 898.261200
17981821624.649246 355047160.431587 18689057154.706459 -9645636485.957497 2277629916.336739 -5221704479.902078 898.261122
17981795169.285477 355059946.326906 18689033847.389191 -9645655362.849684 2277628284.991013 -5221713310.633932 898.260896
17981752500.259468 355089169.541224 18688998678.798714 -9645691812.975395 2277625370.895164 -5221727974.711484 898.260232
17981733114.701260 355057923.236429 18688965509.598907 -9645678314.300949 2277619930.777020 -5221729723.034614 898.260378
17981673616.473763 355103665.904700 18688919495.157166 -9645731754.094090 2277618418.913955 -5221750685.616945 898.259711
17981674990.487270 355056382.491025 18688904960.546139 -9645699586.651165 2277614370.911057 -5221743606.954583 898.259931
17981746728.794144 355017304.885051 18688962328.882572 -9645645515.757616 2277616726.874074 -5221720427.786491 898.260755
17981755468.942326 355040511.837340 18688984587.825249 -9645657145.784842 2277621689.405334 -5221718996.234604 898.260492
17981813434.767967 354973089.631564 18689018860.938194 -9645589504.876047 2277621676.000607 -5221697042.493661 898.261470
17982178701.841946 355757162.256582 18689400340.258030 -9646237061.241787 2277672681.150417 -5221877467.335617 898.261548
17982171618.386215 355761636.613629 18689397626.359589 -9646242652.372572 2277673792.530491 -5221878904.710509 898.261363
17982236045.285069 355695307.439240 18689439633.963280 -9646173136.970470 2277674502.203963 -5221854938.312465 898.262262
17982331886.078831 355345803.786108 18689551328.847019 -9645777818.543207 2277687432.502624 -5221707311.493925 898.262218
17982380328.672138 355286013.435909 18689580573.837029 -9645719207.391975 2277686858.135804 -5221686861.130751 898.262693
17982453866.801353 355226766.423639 18689635267.159092 -9645651288.766598 2277686978.885593 -5221658739.420303 898.263273
21144124098.305367 -2461227178.584671 21030957269.876762 6555231484.941238 8143124054.105116 4075960635.985775 898.263756
17974698602.552773 351444392.342538 18681598691.490387 -9652763420.529762 2276787199.727708 -5226840149.285073 898.264084
17981975230.704845 354987151.976833 18689116752.591690 -9645318097.376883 2277613988.037457 -5221523071.474332 898.264457
17981977518.730495 355076936.201569 18689148909.057117 -9645377169.546919 2277620342.201465 -5221531990.556408 898.264183
17981958119.844955 355153483.215763 18689158191.407364 -9645435731.500521 2277625643.293963 -5221544922.525967 898.263606
17982013265.877594 355113180.312870 18689201128.337936 -9645386982.747280 2277628875.708562 -5221526905.109797 898.264336
17982079879.104500 355090893.550411 18689264632.076019 -9645346237.710653 2277635070.269878 -5221508074.405611 898.264944
17980961759.419052 353905419.478004 18688118394.323399 -9644589430.553421 2277499030.561882 -5221373989.334075 898.265161
17980993760.184952 353859040.484626 18688134301.935127 -9644545774.612473 2277500341.884153 -5221365227.270896 898.265901
17981012107.694603 353863188.685993 18688156837.986492 -9644541145.358618 2277507038.870866 -5221364239.463259 898.266123
17981054987.031551 353814044.143506 18688186182.739578 -9644492475.179670 2277512307.296880 -5221351538.353432 898.266670
17981403446.738831 354414851.284309 18688525428.709038 -9645187162.548864 2277559772.506883 -5221611940.721698 898.267331
17981437738.494652 354382593.171918 18688551568.895142 -9645152501.291313 2277565968.288371 -5221605525.796495 898.267655
17981449399.374062 354319009.164919 18688541040.462280 -9645106081.382574 2277567036.193430 -5221601955.553578 898.268092
17981402803.759270 354315947.865833 18688489608.410648 -9645122932.909836 2277565437.533958 -5221621490.822558 898.267567
17981319052.379116 354286444.519601 18688388056.139774 -9645135786.128860 2277557250.257481 -5221647479.272779 898.266758
17982380305.907845 356522121.686799 18689435622.934658 -9647036522.021246 2277696174.241784 -5222211832.402334 898.266084
17982284320.888023 356461974.112034 18689311717.729500 -9647032875.826344 2277686687.000549 -5222238795.262750 898.266548
17982336597.205795 356403431.095988 18689347747.152809 -9646975141.914833 2277697012.445952 -5222227696.756477 898.268111
17982544917.844051 356323370.149345 18689553493.265903 -9646835381.094374 2277728418.704391 -5222167022.613073 898.271322
17982937341.346058 356154178.698366 18689925653.392559 -9646564714.384087 2277774810.496560 -5222046112.079776 898.276082
17982553487.523468 355189434.514289 18689508258.098976 -9645448886.070415 2277722849.666478 -5221635959.959057 898.280407
17982865416.088425 355062026.088902 18689806280.533115 -9645244037.713598 2277760976.715541 -5221544987.454620 898.283330
17983039775.792622 354955224.213885 18689960602.801189 -9645105517.388597 2277781127.069455 -5221493050.966209 898.284912
17983059984.898342 354867762.751477 18689954456.868229 -9645038952.101734 2277783604.751155 -5221485027.982179 898.284694
17982840116.944717 354799908.134153 18689692972.845894 -9645075333.680145 2277755535.135205 -5221540692.990626 898.282622
17982420798.248760 354788689.530249 18689235101.462303 -9645225926.166325 2277706559.175457 -5221657439.503461 898.279385
17987867807.277668 360201240.982746 18694814639.572426 -9649546615.963293 2278394339.329403 -5222795331.791206 898.275648
17987452999.191685 360197087.838609 18694363373.966175 -9649706253.033810 2278345153.827417 -5222912525.295383 898.272580
17987125292.475777 360175544.491237 18693998857.209042 -9649821709.683990 2278303666.024778 -5223003052.137446 898.270218
17986881121.414612 360156877.956997 18693725815.235611 -9649908531.426737 2278273899.861825 -5223072108.309971 898.268624
17986776998.017048 360124202.851350 18693602038.819160 -9649927833.685184 2278262375.387489 -5223101324.513972 898.268445
17986695015.714554 360164840.826423 18693527403.601318 -9649989991.068495 2278262056.326153 -5223135069.326168 898.267890
17986678464.342396 360173120.528882 18693521518.709648 -9649987014.904543 2278267262.348462 -5223121022.913219 898.269707
17986759415.443165 360184586.348656 18693627169.256535 -9649929079.945576 2278293769.445304 -5223022243.087089 898.273347
17986789724.495579 360330158.158271 18693728732.386909 -9649971181.428301 2278325077.123398 -5222933925.729356 898.276451
17986795550.075092 360581021.458019 18693831525.639061 -9650094439.547100 2278351637.594728 -5222881764.259950 898.278774
17986813659.805244 360910532.237842 18693964928.479355 -9650265392.405056 2278375571.411597 -5222844949.713546 898.280430
17986697092.387749 361415030.612367 18694003719.142258 -9650607065.290636 2278387803.531553 -5222893280.034679 898.280235
17986478553.000427 362145721.474543 18693991959.658875 -9651143866.214062 2278386172.967379 -5223022939.548016 898.276972
17972824686.437229 355491161.850760 18680143745.564831 -9646154809.859379 2276710712.550902 -5221976947.589433 898.271303
17972491232.131203 356658425.124239 18680079343.728344 -9647028894.186190 2276683013.788527 -5222266147.991214 898.262695
17972163961.197575 358097385.946762 18680058130.993134 -9648079038.503647 2276644451.001697 -5222624259.841557 898.250682
17971749571.664642 359863233.183662 18679983269.900818 -9649379971.472467 2276593010.301403 -5223048128.465847 898.232467
17971112078.054810 361958404.691423 18679688164.826378 -9650971263.502949 2276534564.434701 -5223427359.231572 898.206817
17970290590.355217 364170752.026622 18679129540.577129 -9652711505.952997 2276432755.264935 -5223852010.740840 898.176181
17969329158.293480 366385304.372768 18678308009.325214 -9654518444.987150 2276256530.140473 -5224451187.373864 898.142498
17968364158.875080 368362119.899696 18677237146.426636 -9656175149.058653 2275994011.083725 -5225184988.703666 898.108313
17967505401.579544 369842913.325712 18675934629.162689 -9657462201.293982 2275645779.695296 -5225976999.334284 898.076076
17966932924.409237 370642232.666058 18674528573.987030 -9658190102.393709 2275233592.489721 -5226757418.674420 898.047461
17990504899.599426 385226545.168824 18697575261.247063 -9669187022.183550 2277716273.380369 -5229907996.360603 898.022233
17990957217.565132 384008187.241194 18696298782.254509 -9668176622.686932 2277234782.926934 -5230353979.527545 898.005083
17992008076.724159 381542193.496021 18695198539.162552 -9666084158.027740 2276734185.155646 -5230556355.073654 897.994431
17993728762.708485 377716782.201371 18694373166.780125 -9662786425.643084 2276242938.869397 -5230445219.803972 897.992411
17996013624.782997 372317873.055812 18693755056.644226 -9658160286.319212 2275765670.491110 -5229966464.905560 897.998664
17998685153.179462 365301820.252790 18693274003.894245 -9652233972.787426 2275345638.012966 -5229121559.414641 898.017272
18001646247.118492 356591146.586684 18692891343.796795 -9644993053.961906 2274961923.456582 -5227889908.519989 898.044501
18004505384.460480 346010012.654186 18692394115.193619 -9636419170.201834 2274616958.439225 -5226234890.253160 898.084915
17975818345.034058 270546764.220355 18660117476.840622 -9583314459.708572 2270363895.224429 -5214618707.082329 898.138796
17977416348.923058 256025126.344987 18658747654.675274 -9571999265.976519 2270101607.294217 -5211995399.424149 898.208980
17977895349.946144 239395011.537606 18656604221.997337 -9559318787.199219 2269875501.253236 -5208870065.008992 898.295838
17976895290.632984 220694405.123443 18653435255.704876 -9545347976.018433 2269676415.320669 -5205257496.096974 898.402544
17974060146.824669 199782277.907056 18648978903.109650 -9529970571.796061 2269492667.214953 -5201092318.389407 898.526878
17969203010.470795 176642953.483009 18643103366.072365 -9513173953.249146 2269353965.316395 -5196378059.795549 898.681193
17962277448.020226 151662993.383911 18635879533.083305 -9495288803.032038 2269262092.815221 -5191149031.680145 898.840070
17953306515.839096 125138830.210258 18627320632.585598 -9476521904.147804 2269259888.932764 -5185491555.729262 899.036013
18117426952.921883 293867813.197955 18796554995.648659 -9675922483.498180 2291863973.907862 -5256468988.980236 899.237860
18104638154.035801 264556557.744191 18785853102.551666 -9655463434.097570 2292172150.299354 -5249583791.107519 899.442748
18089954384.793129 234248919.356450 18774070936.624512 -9634365236.412888 2292574468.925593 -5242153862.071687 899.646323
18073893953.012848 203470944.617233 18761694394.184120 -9612990062.465349 2293125671.180239 -5234333125.269114 899.849524
18057160046.683746 173163323.556083 18749408172.244621 -9591996086.364725 2293912391.813468 -5226271227.924124 900.047570
18040479595.013924 143937707.177110 18737883048.887383 -9571683740.419466 2295012325.473656 -5218029447.071859 900.240072
18024742034.579140 116053949.322078 18727916579.291649 -9551940794.983963 2296503290.768154 -5209501857.473078 900.433941
18089973415.027390 518580695.904467 18796004320.076694 -9780480376.372871 2308713917.480251 -5239356242.512686 900.620804
18077774572.502060 494274082.530730 18790581681.340767 -9762421580.247910 2311174155.145920 -5230244263.285076 900.805290
18068027379.775658 472349015.962340 18788080131.219189 -9745084852.519087 2314204467.622636 -5220728261.549274 900.980868
18061478466.672398 453622396.920137 18789192990.135422 -9728812487.988590 2317880467.311065 -5210823972.376882 901.161595
17989088057.568455 666001898.505707 18718195041.064095 -9439314816.002964 2310940178.975470 -4988221168.274137 901.333738
17987358616.867943 654366176.421480 18724879805.759174 -9425019389.862801 2315734950.133497 -4977433006.323482 901.495115
17676658882.791298 564460843.224264 18411480956.174290 -8842169157.471092 2278372164.770145 -4663067124.254660 901.781314
17682312052.886692 558395699.512729 18427276755.840118 -8823402781.159735 2284854377.429071 -4648011971.975526 901.888161
17684370127.784599 562117808.576790 18439487104.650570 -8816795927.640316 2291193944.798970 -4637584947.661192 901.969692
17286124673.009125 309117588.553897 18039402265.764416 -8350756659.625751 2244919716.624914 -4432354749.560808 902.031212
17291092589.455318 322310768.314823 18055136506.826900 -8347618807.418008 2252034911.919867 -4421847128.722641 902.066009
17296477209.341820 338442282.090078 18071568603.177704 -8345234988.446046 2259468245.277140 -4411043633.617455 902.076525
17302164571.553913 358038910.421505 18088585385.256401 -8344113933.841498 2267218781.540881 -4400164511.434640 902.056350
17306957936.945827 379978450.000253 18104950050.047085 -8343864126.207505 2275146366.816726 -4389272395.810546 901.998650
17190176217.178398 301858907.767069 17996672354.870808 -8199133120.404576 2267163352.510714 -4322425538.039376 901.904704
17192516856.795002 327384238.382884 18010762532.393692 -8199710012.190227 2275299708.337886 -4311418601.493257 901.782736
17194590797.717880 354978275.024721 18024600082.068813 -8200373460.376348 2283659916.247424 -4300030238.592423 901.631475
17195585874.283401 383248850.141167 18037267054.621666 -8200394613.676689 2292127404.324238 -4288215326.417105 901.449641
17194611982.795017 410679805.135363 18047789576.367855 -8199000504.155173 2300577796.863239 -4275924213.825676 901.234819
17190612242.875946 435874777.031214 18054969530.422554 -8195660841.290285 2308870886.219758 -4263236090.490031 900.979344
16620920335.109861 -74533882.697171 17482715167.513660 -7476522397.741542 2240705033.505935 -3986410751.770460 900.692667
16613421876.380119 -51456530.442022 17485468918.310078 -7469189596.564085 2248685832.741037 -3973018254.307254 900.668413
16606037183.336609 -29424816.085090 17487786975.154350 -7458963924.886998 2256796731.159579 -3958656991.064773 899.849616
16599397294.583818 -7769385.556129 17490231237.518044 -7446217158.203764 2265124205.753436 -3943306402.086228 899.765650
15987627853.173021 -681631015.568881 16876993147.786972 -6565922908.831422 2190484229.812269 -3621553162.413345 899.464212
15984331928.113966 -655401471.437913 16881688519.887840 -6550697577.417114 2199249566.872589 -3605058494.433502 899.164125
15981237059.932341 -628370233.297988 16885925456.496428 -6534256514.536651 2208182544.445143 -3588004323.272353 898.855812
15976831083.056456 -601438548.101237 16888170770.181765 -6516747322.017910 2217102485.385279 -3570728776.217077 898.529023
15970065243.182688 -575617623.547642 16887304281.100693 -6497893707.349987 2225846984.124699 -3553337745.380633 898.181114
15960594915.517393 -550545083.530432 16882942568.419094 -6478438046.207854 2234333982.367365 -3536168675.230683 897.807893
15948531698.426025 -526679244.365905 16875204661.924767 -6458044565.314558 2242638506.064944 -3519134059.294118 897.427394
15330985956.478254 -1179864210.297294 16252678674.277760 -5539366819.069462 2165689787.279660 -3179812516.946931 897.051382
15315103189.164972 -1153454564.690316 16239715098.082497 -5519383320.459071 2173549517.740152 -3163981735.145679 896.671308
15298080838.673738 -1127090454.744375 16224888266.413359 -5498534338.320395 2181431792.332528 -3148115870.035414 896.330093
15277855195.048536 -1099882987.557737 16205996610.081696 -5478420920.408486 2189126992.073240 -3132927474.020169 895.931182
15253197760.024017 -1073061545.882801 16181793613.656128 -5458468991.362493 2196443072.830327 -3118409798.093196 895.538673
15224901409.249743 -1048157172.931062 16153073018.688320 -5436771044.284317 2203472382.593153 -3103832306.095601 895.117730
15192498595.136663 -1024149254.096155 16119230864.959536 -5414575943.689922 2210107281.582097 -3089577207.979984 894.677802
15156070140.245583 -1001746167.512292 16080342463.814035 -5391276902.726039 2216355797.867679 -3075453791.301424 894.216926
15114617154.721376 -982288484.658866 16035318240.473236 -5365953868.961712 2222010523.629759 -3061247989.773467 893.709406
14713272454.682589 -1275340132.400523 15621543301.948093 -4868728515.459352 2174533872.556565 -2871022018.934605 893.180677
14662380066.207314 -1261216355.408083 15564668141.422602 -4839748460.067004 2178269264.063386 -2857162136.908511 892.563965
14608503218.774311 -1249878814.329997 15503601247.697744 -4808132772.732637 2181094127.402343 -2842814409.473732 891.967119
14553030350.708080 -1240134115.600958 15439668615.639675 -4774440789.337364 2182980785.759334 -2827915744.076796 891.283243
14497358519.107277 -1230450084.980398 15374276502.899330 -4740015328.422724 2184251232.976390 -2812743885.419113 890.631726
13892291733.273806 -1757136135.433751 14749291424.788370 -3854246816.066047 2101807604.327098 -2474667245.561485 889.968450
13840932860.944061 -1740353697.611995 14685850075.036913 -3822210930.412939 2102760939.015701 -2459718949.489448 880.326675
13793407902.885788 -1721402271.420643 14625307900.026114 -3789380150.433826 2104287840.067065 -2444001794.126523 895.408179
13748625872.512295 -1701014781.760138 14566615876.208385 -3755787599.057590 2106468312.869854 -2428036520.566452 888.652307
13707302494.890373 -1678304146.212023 14510541920.764271 -3722056635.036075 2109715973.658688 -2412084182.060768 888.541726
13669153594.725788 -1652457463.999521 14456858559.008749 -3688666318.283743 2114333808.937989 -2396261747.838268 888.644304
13341182557.013916 -2084768901.322116 14115127575.418741 -2639026719.825583 2072179847.626424 -1947191265.994418 888.959571
13340693770.817175 -2041293068.878541 14098914681.491335 -2361588261.440226 2082616630.827070 -1793599512.854267 889.473965
13299710639.594152 -2011152626.891624 14040000690.453014 -2325731757.977651 2089417764.525892 -1778742878.188921 890.240465
13163753175.213924 -2054718581.537150 13883575066.559753 -1965221504.147369 2080627945.149067 -1606486224.179908 891.177826
13115392693.724976 -2028238579.451855 13815971381.732409 -1925450464.266542 2087667073.678305 -1593058517.504194 892.328935
13063918725.099836 -2005719794.650664 13744656239.304253 -1882236113.670493 2094623735.059148 -1579982153.591433 893.736118
12992739165.614824 -1986709543.501293 13652190999.425842 -1840529128.468487 2098428245.347605 -1569695845.249574 894.111443
12884814929.572685 -2006090305.466565 13522538245.085022 -1707930513.724794 2094941341.167375 -1520303524.212628 895.654910
12825250746.093943 -1996680259.156865 13441933496.571074 -1656648864.780005 2098638963.571849 -1508078235.446058 897.521043
12766458090.330187 -1992032290.196323 13361623954.784229 -1601062753.488027 2101440381.828573 -1495080553.616243 899.712102
12710138516.006386 -1990257009.004247 13283253583.276281 -1542202861.018421 2103513636.041781 -1481236950.430923 902.328439
12656773242.999212 -1991067199.229323 13207282060.618084 -1479996409.394720 2104913185.835642 -1466318517.750478 905.376338
12526198205.278639 -2077540531.246575 13052835517.515106 -1223409837.242588 2091966228.181433 -1368329140.637616 909.000277
12480806181.307304 -2084964702.767642 12983562804.914770 -1150973903.198126 2092833768.578389 -1349353992.038312 913.349491
12440500123.665625 -2095313159.863048 12918569663.749399 -1072729189.604538 2094089809.682660 -1327871710.442846 918.562524
12403373605.646463 -2110217152.204160 12855794718.927214 -987340533.946465 2095787085.165558 -1303758892.558775 924.642563
12368127429.726517 -2130078748.380208 12793675432.398989 -894550326.458228 2097983883.062109 -1277151156.346284 931.735425
12333400768.047750 -2154951616.430705 12730695147.419567 -793906062.456753 2100969305.903280 -1248289098.641587 939.954070
12298102754.491930 -2185183658.123328 12665549411.182318 -684257526.137884 2104956443.192879 -1217167446.933400 949.543904
12261266910.463591 -2220565601.598464 12597162326.635702 -565478448.458030 2110261491.743961 -1184099493.551090 960.669510
12223692726.734043 -2258532114.349059 12526171148.005470 -441088155.196259 2117466976.652739 -1150525298.077084 973.625546
12184101821.571470 -2299239706.232111 12451472489.049028 -310545285.369379 2126316595.934787 -1116084783.684346 988.555996
12093914291.096119 -2353674896.654613 12323640027.740677 -40346518.323104 2128509087.301827 -1008841856.927368 1005.717883
12043201480.846863 -2402143729.671802 12234101964.596125 108345850.438612 2140850932.212006 -970292408.840583 1025.417633
11984718836.618998 -2454141406.750633 12134963794.332088 266537053.752988 2154982673.913751 -929679710.667799 1047.908373
11918572732.181049 -2509350052.029382 12026415304.056919 434914097.137768 2170884835.737635 -886485331.557029 1073.696543
11846762243.940495 -2566542209.861367 11910621186.399406 612560611.711660 2188990460.854850 -840836716.765163 1103.360662
11771477536.973742 -2624325301.127638 11789947624.106943 798536156.793087 2209692011.621431 -792567454.378494 1137.489479
11693520969.504288 -2681200066.647531 11665409840.874792 991364403.465403 2233174913.675947 -741676916.524292 1176.721683
11613234911.263304 -2737183429.237363 11537640777.267708 1191127345.527575 2259623592.515872 -687854832.046924 1221.960704
11530998522.572859 -2791958565.270040 11407245855.952950 1397652300.198035 2289086175.564348 -630796663.224125 1269.264416
11448533284.925627 -3092168326.444597 11272965583.879131 2470513936.872571 2359262747.115039 -163268073.867830 38031153.306727
11366253438.124258 -2893481905.477726 11145411583.986776 1822333356.784027 2357694621.733780 -509063573.243972 -31337.111326
11283367640.749794 -2938896344.468294 11014206421.418699 2041370313.682701 2396751144.360500 -442504212.825681 1417.143635
11304025312.730165 -2711283075.293006 10990894406.719275 2007347676.933418 2462015468.890907 -424868527.929853 1462.653743
11224418150.101381 -2752134889.356149 10865014564.556526 2229885621.172357 2508232815.252871 -352547475.202561 1486.858664
11148206434.049780 -2787954195.198400 10743732499.865829 2450640132.744528 2558018269.617606 -278252086.624930 1483.334608
11076471146.488668 -2820367783.844701 10628359839.329802 2668090867.798729 2611514142.310971 -203269137.233724 1450.324436
11009907564.620052 -2849263035.055686 10519851308.638496 2880133829.665281 2668794296.787853 -128587552.924242 1380.476322
10950744129.451605 -2873661762.957853 10420671148.531223 3084670636.514437 2730354815.835866 -54992808.848048 1287.945892
10900694419.180176 -2893011846.174206 10332748984.643482 3279715187.451785 2796653089.735175 16706895.420682 1198.187101
10860377631.212278 -2907015185.100261 10256933632.598534 3463931661.932739 2868158326.832304 85817077.938576 1141.319827
10831810095.039442 -2914308659.415071 10195425829.048582 3634635874.818130 2945736177.862135 151254269.168623 1106.922268
10813068830.186237 -2917865284.923754 10146418214.896179 3791589914.204308 3029293084.437197 211688270.168716 1080.833506
10801545665.448360 -2920161344.768260 10107343870.308180 3933971954.506883 3118114926.334466 265480168.429222 1050.647746
10795718764.559732 -2922434163.276321 10076821648.745676 4063343779.626000 3211722441.430838 312981689.207138 1015.047385
11037187739.220984 -1884808732.726976 10358485819.485914 3348405026.717675 3394761234.968971 319100292.392366 978.618893
11045941112.739796 -1886033886.368896 10352324453.868139 3440530234.410657 3501478550.424579 353673769.850867 953.148404
11064973478.662760 -1888513494.313566 10359145274.258535 3517383660.062255 3613578090.538991 379382004.227498 942.265490
11092444295.666983 -1894975714.093781 10377057356.818825 3580469076.058532 3729842260.078661 395885637.796317 941.297970
11127436588.751972 -1907665537.455965 10404999353.369431 3633376617.456998 3849202780.657872 404302841.590242 944.890937
11171204425.622807 -1926318371.398453 10444147764.625675 3676962368.593294 3971307101.626097 405265357.105810 949.842608
11219131924.846373 -1953065911.030535 10489865724.152927 3714553717.591580 4093840707.149352 400107101.349131 956.175509
11264875134.073381 -1991636554.450944 10535635083.413799 3751798177.507583 4213640738.477947 390807819.882210 962.644245
11305857660.962763 -2043463805.363476 10578589605.755104 3791333418.119559 4328765571.174659 378168246.392946 968.991734
12058256758.760574 827041242.859212 11612111715.222250 1226607066.346015 4758250086.909219 274943306.941183 975.043349
12082705655.843735 748608348.768653 11652683112.043121 1258123422.744837 4865695869.160419 264508658.040605 980.786636
12107408276.288746 666722510.694383 11695048493.022188 1289367600.311238 4967914783.640139 252403551.640967 985.920398
12394497519.438875 3811371440.033926 12362064194.601473 -1201045233.002388 5241923022.308311 474963003.594553 991.085476
12400488043.869310 3729035730.427800 12399533134.538914 -1189046273.148132 5330417881.328765 468272960.880030 996.225619
12400170564.402596 3645878096.771893 12431534685.151398 -1172161453.535628 5411045800.574832 463437327.857373 1006.377893
12395056078.912527 3564009290.844709 12459483881.511795 -1149581454.532550 5485016976.384694 461962634.389436 1004.574853
12166590862.420145 5173743587.144037 12484404258.469635 -2126927014.495933 5516647747.136150 858464356.707977 1013.255159
12140277245.361698 5105990851.710454 12498015953.462694 -2109447166.745007 5574798865.353241 865952209.958124 1019.010946
12110691067.031713 5042791043.749639 12508900910.151072 -2086097413.962371 5628537258.587164 877541685.041488 1024.632698
12078863940.159035 4985470214.088995 12518159489.230906 -2057785307.187089 5678832912.175464 893267442.839922 1030.105525
12017860802.981432 5196991089.400337 12535646299.490623 -2209055497.243860 5723250408.056377 958401084.786653 1035.424741
11982649539.716011 5156766809.257724 12544210776.484558 -2177118757.160179 5768923224.138700 982284310.324129 1040.617030
11946632471.769032 5140726728.088442 12555278116.871103 -2129968865.052984 5814842120.005751 1029343904.304777 1045.714341
11912462596.740213 5135362881.553097 12570400099.859116 -2085279294.106593 5861591771.097129 1078566441.799292 1048.344950
11882113983.925816 5118471198.900826 12587354559.719755 -2062103507.295843 5906475952.383297 1102759969.391882 1055.064739
11848834034.482519 5112649910.722516 12602602219.742182 -2035408417.224815 5949538575.634871 1134591302.467037 1060.953903
11656291774.181170 5556555959.976718 12530322319.323700 -2276990334.607597 5936947646.408394 1290797516.488571 1065.889760
11605321603.630465 5575765292.811225 12533277540.325512 -2252263215.680432 5971310274.438735 1336455102.626285 1070.749379
11547148281.737192 5606680122.185339 12531142637.363289 -2228592785.765448 6001733667.604768 1387652518.356485 1075.524631
11483632096.406338 5647836530.546444 12525738153.506912 -2205084930.140092 6028908656.819819 1444028835.307772 1080.208698
11415064258.774805 5697337605.890880 12517209997.802177 -2182274246.625248 6053028810.781879 1504289041.544760 1084.770429
11339709949.924564 5753978072.098218 12503756570.368504 -2160258696.085376 6073207203.956127 1567955842.597137 1089.198947
11258257508.802185 5817316710.188086 12486278226.840555 -2139772655.859206 6089951874.517145 1634439074.904974 1093.495557
11170706311.335335 5887115295.286976 12464920564.536306 -2121914919.664403 6103379476.377321 1703103726.836213 1097.636007
11076375362.664038 5962038660.478283 12438870355.817131 -2106841353.951052 6113004359.298742 1773244711.203916 1101.652173
10975525335.758802 6040788499.518024 12408236878.469620 -2094530076.981480 6118797210.884518 1844098390.243970 1105.555381
10866909771.539158 6123565299.543886 12371934935.548546 -2084559490.280277 6120281917.952533 1916456344.505804 1109.344881
10750678966.423693 6210284020.878989 12330219042.327572 -2078588413.804652 6117245903.319187 1989286713.886042 1113.127398
10627468983.659140 6300498699.417200 12283640472.412329 -2076931101.701621 6109869431.981694 2062174824.228025 1116.899807
10496492390.925962 6394608897.133232 12231667867.058300 -2079541834.863309 6097799001.869124 2135658135.700535 1120.640711
10357143500.651752 6492812637.657992 12173840354.451918 -2087649637.536799 6080542583.263848 2209269392.011035 1124.343440
10209814155.342039 6594226448.005039 12110572175.831560 -2101685207.566127 6058003161.003331 2282109290.892440 1127.991979
9272620411.176899 7028959498.119240 11308399696.574381 -2229814133.090454 5644763929.375626 2587945997.938385 1131.587726
9109982597.099415 7130633758.606534 11233546316.977736 -2264896145.708889 5608395926.379540 2651584438.603595 1135.149113
8942921555.178766 7231722028.082258 11156069719.989548 -2304263709.670129 5567918460.027732 2713173145.124606 1138.649059
8770726644.690386 7327850046.999497 11074117427.062561 -2345698387.188386 5522525694.056721 2771358449.232261 1142.054678
8587437072.354959 7437827934.834439 10986160707.140322 -2383235107.302843 5472467301.443816 2844397082.283539 1145.323334
8395365623.583883 7530583207.253042 10888609576.871290 -2413157838.073219 5415495990.314582 2912331598.078534 1148.318177
8205806952.748531 7580248581.578024 10783323999.801294 -2438540103.027535 5352283473.508074 2953329953.012433 1151.065568
8010812843.249732 7615395330.161426 10668998874.604359 -2455680002.051560 5283331334.737529 2991193988.250090 1153.567666
6286266166.919765 7843885198.839136 8988320262.558813 -2444123700.186527 4407840159.300387 3360636393.801899 1155.814673
1727649067.855076 8659183954.041927 4463238371.819992 -2589686122.996276 2039942100.090628 4383769553.161538 1157.774401
1520289790.677869 8641189130.833885 4311842887.449015 -2637923959.125460 1940721368.198624 4381429148.151472 1158.963401
1312732961.562556 8607895358.962933 4155217199.970783 -2672747060.910695 1839760566.712540 4377320984.258787 1159.166275
-1512546792.617292 9102955852.486851 1363315596.166668 -2704386065.592390 387498095.881669 5080343712.009174 1161.868689
-1733031021.340816 9062172924.490656 1190729694.856189 -2746278649.793245 277976708.793279 5076213042.560248 1162.402762
-1943594583.402946 8991674818.010719 1018269229.475388 -2782658157.383889 168896644.911148 5052614754.069115 1162.605858
-2152246221.236549 8918047814.199236 846600583.390771 -2813361992.911165 61437996.208402 5030262434.976890 1162.425163
-2356944093.902584 8835987099.793543 676252766.988186 -2835394353.750030 -43366725.618944 5006945262.236309 1161.845834
-2782686656.328276 8774362617.582935 273864999.978076 -2838055312.366142 -260937341.358996 5041147291.822894 1160.884980
-2972411000.958794 8675356160.953819 113163185.878689 -2845994148.634185 -356013701.496143 5013499548.267880 1159.558407
-3152686854.841225 8575091174.676833 -37887079.003801 -2850479268.875761 -444367843.914494 4986453215.630297 1157.890468
-3324978273.383029 8478708602.478786 -178562908.252053 -2855623826.386034 -526452354.708838 4961744657.318274 1155.888986
-3915320678.817109 8421751164.939010 -758869764.487693 -2840019249.987599 -821132170.038100 5041327295.900815 1153.548648
-4076230228.240775 8335801572.101117 -881651135.767167 -2854248548.326108 -892899713.398021 5020924588.840014 1150.881847
-4230789708.045838 8251622955.687089 -995596460.081139 -2868677486.619123 -959422060.590680 5002843408.419867 1147.909268
-4381176943.705373 8170866368.919315 -1102119053.491425 -2884810013.610070 -1021804516.729656 4987905905.822200 1144.652574
-5699835854.111473 7997422210.914242 -2532874117.073348 -2745771424.247197 -1693001489.389955 5185171410.545762 1141.396700
-5843477108.744691 7919621585.360201 -2630113461.759501 -2776590893.173108 -1748702179.598190 5169876592.575286 1137.441652
-5984312324.682165 7839215991.788088 -2724054577.747848 -2805499842.211538 -1801735117.223552 5156074004.795261 1133.414318
-6123493495.606501 7757662550.158043 -2815354291.212067 -2833478416.314502 -1852619374.220231 5144396249.450916 1129.270019
-6931653672.195374 7513670782.045060 -3726995267.971729 -2680906423.318703 -2248736678.474587 5235719902.671062 1124.963158
-7062342690.236077 7430128012.538219 -3810463494.800690 -2713687855.983159 -2292894668.924352 5224167453.835994 1120.514385
-7186348662.205802 7318073809.743259 -3901110013.444196 -2741717455.942868 -2339872930.631288 5194984264.548238 1115.898031
-7302262329.040813 7206318351.165541 -3984275376.194052 -2769065276.468782 -2382648901.243793 5166495175.808667 1111.224950
-7419209341.919697 7120317800.981824 -4054197437.631903 -2803622929.041490 -2420046604.929110 5155950390.931056 1106.507165
-8284939496.750420 6818778584.567591 -5078628667.890492 -2631445497.967203 -2844329068.689092 5240048980.326245 1101.755887
-8395072729.529631 6733676967.976346 -5143879001.652054 -2677119760.119189 -2879411382.488822 5226196359.282414 1096.979130
-8501208200.941442 6645956786.188495 -5206709246.470932 -2720963832.191574 -2912954008.656300 5212156829.178797 1092.121805
-8603205481.590683 6555150493.945814 -5267343618.040499 -2762282613.030435 -2944984419.508596 5197885916.253868 1087.394609
-8702497579.517939 6460866747.030599 -5327755080.109069 -2802222305.970786 -2976744865.679387 5182389387.113129 1082.614289
-9530148951.921745 6110220065.643364 -6364887668.009387 -2609492967.180956 -3384139862.203598 5239596714.695265 1077.907770
-9624088090.176056 6013329674.243209 -6425988735.378315 -2653974038.401520 -3414806461.095296 5219752890.457673 1073.167818
-10341696098.171202 5532367098.845511 -7447284511.365041 -2275581658.022292 -3751335751.518505 5261776719.259715 1068.469464
-10432819051.487431 5435111456.624702 -7512484961.955379 -2324674234.283501 -3781299415.955661 5237703646.313041 1063.707057
-10524015757.303028 5336462779.271703 -7578882512.442395 -2373427963.619912 -3810907603.346431 5213443925.666046 1058.918454
-10615170752.994213 5236999555.514784 -7646050439.101750 -2422658716.347335 -3840042043.880629 5188787933.482734 1054.068039
-10827229640.219143 5075981530.492269 -7894376187.340745 -2406265365.043295 -3927561429.480047 5176129064.176433 1049.142121
-10914071399.558924 4976132910.604254 -7958096516.710643 -2457915695.016657 -3953044470.671710 5150051282.757258 1044.106922
-10999001232.320194 4875259674.774384 -8020212338.207705 -2508886487.208785 -3976223820.906681 5124102873.201624 1038.927712
-11734447017.814207 4461381165.788844 -9059248529.212269 -2233472655.723482 -4317962591.387927 5155421474.290666 1033.335597
-11812714002.157337 4362141509.826271 -9116917517.454592 -2291014020.690008 -4334843671.139959 5127137764.162043 1026.998396
-11889533209.370018 4261979366.702891 -9172719178.833757 -2348317153.984134 -4349021961.948071 5099586287.843827 1020.177778
-11963489956.059509 4159919136.819873 -9225678620.150839 -2403342491.022983 -4359597913.491075 5073093054.835281 1012.984571
-12365341321.308289 3819772227.484664 -9858662244.551889 -2252617699.170847 -4549986171.879892 5023399071.831232 1005.412826
-12432186534.276150 3714568243.429856 -9908750585.444458 -2307243055.269549 -4553861070.591374 4995753480.094077 997.487565
-12496621048.089333 3605369127.756368 -9957989752.017496 -2358114481.276753 -4554591516.084478 4968654332.812029 988.934676
-12691356364.953390 3358746749.605093 -10287619547.222998 -2305636900.266282 -4639109552.522278 4903021002.430956 980.064373
-12748587539.970287 3251020482.057406 -10330458481.560158 -2371887135.376748 -4639651386.109719 4867782846.164424 970.697850
-12802704001.493483 3138242694.697814 -10373482829.982794 -2420012364.442235 -4632368291.797912 4840151578.676990 960.567218
-13079088526.017742 2716219435.183989 -11003583014.705053 -2183993313.885666 -4773679804.428032 4724867124.767759 949.759535
-13126853958.536039 2605615239.788294 -11044270254.946728 -2231833604.993103 -4759347437.971809 4699172804.582875 938.292861
-13174334622.303461 2493638697.678871 -11084117537.882021 -2278530612.036927 -4742288825.027617 4675566973.440581 926.072093
-13223423331.764978 2381898664.741999 -11122999524.062517 -2327858769.483961 -4723524443.686484 4654103122.054100 911.136765
-13292698643.395844 1930520682.850462 -11623070166.081839 -1983586211.061319 -4763481345.039975 4504144083.373475 894.365835
-13338348841.650093 1826536447.654142 -11659533699.994953 -2045555900.630182 -4742454042.659927 4481982850.712868 876.224538
-13389010745.938478 1727966610.845767 -11691164179.382458 -2121985108.146961 -4722297259.795178 4461510086.632030 853.893516
-13450514674.194845 1636474613.940974 -11721922865.185865 -2212128010.328642 -4704483247.216859 4446693294.529608 828.908681
-13515701135.130461 1546694893.658065 -11750984362.360422 -2309148391.223943 -4687098237.846689 4433764337.558229 800.779715
-13569748688.720854 1297105290.603050 -12020867159.181028 -2206050293.217115 -4699404812.690825 4344656893.091143 768.911607
-13642528244.732540 1215023534.562623 -12049619966.926317 -2318733924.378320 -4684528796.873170 4335422506.293001 732.667217
-13712234490.937077 1126716172.078744 -12081790768.552074 -2415968456.206925 -4665210336.219095 4329523280.471515 690.461827
-13787293718.835165 1037376550.052870 -12113393395.514040 -2524401313.008139 -4647378603.555619 4323182768.400430 641.939988
-13873006603.642435 954504058.691166 -12140352029.915911 -2661105035.250926 -4636425381.928276 4314922837.406837 586.238284
-13960610266.080734 870053493.269660 -12167518490.623184 -2799639436.444715 -4625664170.511599 4307246333.282887 625.840627
-13964058172.452730 434421254.456554 -12864502180.199827 -2408204826.689919 -4699624465.723556 4078196336.770748 407.333793
-14055044425.305866 364475745.168473 -12895693965.119274 -2560901728.031861 -4692476449.471833 4072717532.317974 362.370984
-13824440420.543217 -36644806.187833 -13412153370.917248 -2045356200.516798 -4667613590.392006 3828940501.971514 263.597113
-13918910597.574892 -90306267.240752 -13447080458.103775 -2212742081.736213 -4665647957.980191 3824558920.296307 149.458628
-14015062625.475010 -146168046.431961 -13482871527.596415 -2382110480.297307 -4664544557.286428 3819263146.080700 16.993708
-13842273130.165159 -501928988.263060 -14139675104.177738 -1819757005.413997 -4668378283.711943 3606812671.951878 -136.219579
-13940074231.049835 -541526535.278784 -14177797862.593678 -2002009505.159008 -4671828019.474518 3601689467.509747 -314.089629
-14038966467.612080 -583774372.357580 -14216822941.968979 -2185923603.459646 -4676270125.480574 3594700229.469182 -518.300478
-14138190998.928564 -628352587.158428 -14256135063.976456 -2371180487.850266 -4681387511.661961 3585633825.879524 -750.634956
-14206986124.196835 -705876649.244150 -14390144033.473537 -2455676977.355646 -4689325180.775448 3552433702.004990 -1010.529147
-14301341148.954603 -753112844.544605 -14430191789.411751 -2635673903.102632 -4692849180.256980 3539878625.223567 -1297.156919
-14388956342.525229 -802968954.151815 -14470232227.675714 -2806913810.179389 -4693770665.587705 3524953600.648999 -1606.074289
-14469830123.312391 -854873251.965329 -14510024335.182320 -2968867518.725216 -4691812560.128005 3508319477.224600 -1932.723895
-14448455329.855595 -982777512.711590 -14902934568.475260 -2770222377.436425 -4703098009.003583 3423282148.850074 -2269.910159
-14512481311.672960 -1028519642.489588 -14941085575.927610 -2915223137.429182 -4695721978.464282 3404217754.919801 -2610.044034
-14567303804.665493 -1074548158.638079 -14977447585.108931 -3049142773.393444 -4684642357.159329 3383776097.570374 -2950.485268
-14614790869.286699 -1120499083.342962 -15012801503.261467 -3173511094.918187 -4670760394.826334 3362521157.435804 -3279.106048
-14656405039.763409 -1166134425.804277 -15047290357.954952 -3290994175.440147 -4655033660.014774 3340236663.553234 -3604.244173
-14631246611.209396 -1238991061.014122 -15387135591.277559 -3138731530.895285 -4661374052.567804 3269095779.722479 -3919.576675
-14658028664.842897 -1276701520.078166 -15418218370.224960 -3244683627.219197 -4643248337.135353 3244364109.962374 -4244.378755
-14676186055.939896 -1313612408.897219 -15447223325.567558 -3341709375.629557 -4623790105.587784 3217994047.321757 -4570.169670
-14687281582.066868 -1349390281.811232 -15475066322.495197 -3430214109.642081 -4603492982.509885 3190705803.055285 -4901.168446
-14637267331.234173 -1384607933.523998 -15761521287.700777 -3311408324.865285 -4608683785.775099 3116045659.199740 -5246.697408
-14627355252.049623 -1410767421.164376 -15801833580.818840 -3363686865.053883 -4586659771.261913 3088183024.107442 -5419.531746
-14614136531.955471 -1432287416.208918 -15841916561.822945 -3414068533.375145 -4565171308.209904 3059721364.718772 -5732.177335
-14608719883.351322 -1453056719.141229 -15863645996.345173 -3490545278.744580 -4546801378.999297 3031262470.631860 -6008.003521
-14604451009.850143 -1472088881.938600 -15888497558.898876 -3565787344.270428 -4530755534.364779 3003115978.125411 -6242.357622
-14599113884.949411 -1488636037.440778 -15915855170.017534 -3637350080.838666 -4516207610.308430 2975119243.638722 -6457.529358
-14593480736.787905 -1502525169.584597 -15945935114.623791 -3706290764.393006 -4503672864.181095 2947166857.217824 -6592.031552
-14434166628.388353 -1452451655.231297 -16241094003.836060 -3489234952.495453 -4502252040.554020 2856636868.140328 -6673.065258
-14415380630.338617 -1446972624.310765 -16291689749.831932 -3528612291.760322 -4491574884.276098 2829255850.506909 -6485.145131
-14396052202.195080 -1435489740.558156 -16343685411.793030 -3568803197.559338 -4482264612.954462 2801376227.859285 -6474.419988
-14388147612.539202 -1425485638.288626 -16380700574.230343 -3636388966.493295 -4476532229.784826 2773154601.875671 -6383.063759
-14380268728.656076 -1411826115.661554 -16421075114.881754 -3700380578.061265 -4471620478.483411 2745991864.474514 -6217.672111
-14373606804.893312 -1394792846.549408 -16464406016.541553 -3762769722.127453 -4467691301.521000 2719962222.213665 -5925.244193
-14370432308.307425 -1375742808.750658 -16508204730.709604 -3828746368.979897 -4465332419.190812 2694599943.688074 -5564.459787
-14370333283.299103 -1355286293.244495 -16551456119.455952 -3898472958.764185 -4464293109.515618 2669693476.200132 -5095.124279
-14116816201.270800 -1205515815.884777 -16717251886.764984 -3631403758.156599 -4427509338.799460 2603785250.663342 -4531.030281
-14122246961.647118 -1176691057.810725 -16757180186.276371 -3714292458.912783 -4430593922.546326 2578100818.272018 -3965.134803
-14130964127.069166 -1149377860.260940 -16791849949.299236 -3804441268.511260 -4435026639.965727 2551931352.321692 -3438.912507
-14144418108.834900 -1124853582.343744 -16822264979.296499 -3902730940.871741 -4441190972.262514 2525366600.497248 -2803.544087
-14165671673.510662 -1106878159.616290 -16842404519.697308 -4025463332.823990 -4451552255.932511 2493582366.775736 -2318.251857
-14191125891.714748 -1092244480.310988 -16857762437.032093 -4153020697.451437 -4464369465.724164 2461915285.697455 -1787.857726
-13849732954.782267 -789515195.296433 -17176423411.564531 -3808323088.550935 -4461717305.037331 2341204979.842135 -1304.985355
-13878957844.432493 -766603208.288586 -17192212052.902336 -3938015731.827148 -4477643321.308723 2311424769.865600 -861.237905
-13913416473.718756 -748682029.654970 -17204434569.061829 -4074129088.769208 -4495609229.305134 2281304132.595442 -502.356053
-13953198815.622869 -736289834.931252 -17213026422.064964 -4216708223.155087 -4515246907.531711 2250853962.999135 -228.716784
-14003679310.375101 -736346780.684538 -17209763850.326416 -4384676594.389589 -4538736138.980773 2215859076.862700 -43.933795
-14058355282.641350 -741648450.420617 -17203823776.817196 -4554204816.776826 -4564670916.895303 2181083084.772192 137.758616
-14108966196.415133 -743608481.547138 -17204287450.116581 -4706125325.060995 -4589169842.690546 2149421066.069714 266.590383
-14161466065.279699 -747869512.165561 -17205249141.363201 -4857107455.666081 -4614431152.952903 2117655350.831587 369.260494
-14217012711.440044 -753964592.086605 -17208599872.865025 -5007277998.974724 -4640463296.973311 2086021039.797273 443.328760
-14276225556.336475 -762479206.783157 -17213462813.231979 -5158249613.974225 -4666695569.661231 2054501707.533138 474.607002
-14339766460.262388 -774430116.144185 -17218417840.112015 -5311158114.136460 -4692492814.837895 2023441717.765460 499.429325
-13929367775.842949 -273630579.905960 -17609545135.111412 -5068076509.309503 -4743310208.565382 1793341954.794368 517.935495
-13996316061.597956 -279908801.538047 -17611933055.107178 -5224926036.704873 -4766252746.243745 1762424949.565885 534.221889
-14064806905.940434 -288414452.137423 -17614700553.748066 -5379227607.142273 -4786697686.363831 1732695075.073561 545.131291
-14132375170.398342 -298524671.093917 -17615998177.318546 -5529111471.436452 -4803931112.472057 1704034934.833492 552.880532
-14199563738.253929 -310685742.352331 -17615805519.010220 -5675181025.063762 -4818204302.432228 1676499124.985998 558.366124
-14266310609.373367 -324481011.727549 -17615218728.532673 -5816807176.676809 -4829391192.281388 1650381380.881666 562.415288
-14330259814.476166 -337689379.484378 -17614644679.662506 -5951379244.799585 -4837029056.498449 1625563285.356720 564.591341
-14395085615.492779 -349538381.949230 -17620054927.032322 -6077077710.320630 -4841857291.745740 1604157056.789872 567.265894
-14458117636.253576 -361594914.551078 -17623757789.462917 -6199615081.914286 -4842443485.543966 1583392192.843428 567.056530
-14510145777.045292 -372548234.880048 -17618622707.825665 -6315826364.832749 -4838146962.332873 1561147538.531833 566.189032
-14556337465.587692 -381844226.316804 -17612662277.897369 -6423906232.610192 -4830035368.716389 1540105672.901104 565.014732
-14311362907.290695 11803054.891862 -17876320375.517147 -6252216702.432891 -4832585418.485339 1420453613.798460 563.922162
-14347500350.388315 12481746.932652 -17872019521.836239 -6344457618.335408 -4817852920.047519 1403264888.897870 562.847860
-14380943467.401680 14087212.485098 -17869149908.014927 -6431103120.072948 -4800577504.169650 1387617946.545745 561.693114
-14412226762.215408 16792320.795176 -17868152211.104092 -6512510690.929533 -4780939276.356082 1373574451.618773 560.552080
-14442950634.895035 19869846.176736 -17869467608.375179 -6590271897.262073 -4759294549.314594 1361164628.467129 559.442175
-14475351370.419462 22154076.339135 -17873376774.148594 -6666681231.906034 -4736148020.106198 1350354307.237531 558.396007
-14509392051.980215 24183653.653073 -17879272755.598835 -6742024333.354171 -4711662120.162023 1340607311.094978 557.258838
-14544572913.911585 26478485.462190 -17886765329.849293 -6816101908.725629 -4685937681.963366 1331554200.518013 556.056392
-14763089177.784927 309384323.370757 -18508342702.439144 -7042207570.457477 -4819272895.161996 1217444232.449692 554.802532
-14803002659.208618 309718784.498696 -18510682811.498528 -7125119198.323742 -4790169982.725357 1207569393.260214 553.351702
-14842277941.381626 311837314.764740 -18512825613.499256 -7203183434.453519 -4758347771.029373 1198885648.796206 551.966630
-14879567861.422230 322227403.727373 -18521951590.270218 -7269432381.561871 -4724366830.222308 1192670985.571980 550.558882
-14916101903.043287 336617330.725178 -18533293480.131752 -7330994073.712005 -4688882280.801384 1186861225.491221 549.117588
-9503463072.155174 88117315174.035019 -9451221059.953358 -64152971953.809631 -3650080970.503642 -4095801326.929943 547.660266
-12212317144.231640 46548596918.143425 -74283830316.244812 25333005437.370041 -8928102574.942659 5054475290.717143 546.148836
-15575808955.070049 341845214.029635 -19164126370.758705 -8149633563.170278 -4810584199.050866 1033130762.437402 544.598383
-15937412349.016121 366558628.095546 -19565395903.436111 -8591099183.769302 -4914817088.686242 936022762.505325 542.968608
-15960640604.816170 403474523.833845 -19572674309.833611 -8629567666.477388 -4868240391.735975 928307357.683445 541.391174
-15984691535.799746 449045222.719613 -19588571453.995350 -8657700182.785713 -4821400079.225692 922922527.812661 539.788269
-16003899924.492426 501865151.436955 -19604894913.722893 -8677367366.041054 -4773784894.213085 917304370.390073 538.151262
-7059058009.887884 -5319204147.864205 -2143888569.513863 -3830695509.292275 -804749277.090864 1694439843.221082 536.482092
-7071514291.838893 -5363886180.623525 -2175384448.724785 -3849963399.221690 -803718771.413114 1675437452.348881 534.788454
-7078189568.249881 -5404191378.073415 -2204876393.370905 -3863465664.837507 -801545299.209895 1656961904.948483 533.068617
-7080403214.228636 -5441127311.643095 -2232224877.142386 -3872149427.512874 -798416326.828008 1639374746.297774 531.335661
-7079667659.493476 -5475630955.686710 -2257948276.845420 -3877419326.712328 -794712491.916582 1622821203.301301 529.585873
-7077415974.588909 -5507505965.681445 -2283665985.113908 -3879759746.723822 -790847781.817219 1607676501.024963 527.849208
-7073243711.076152 -5536399800.022890 -2309378663.921489 -3879089595.830541 -786907894.077056 1593845424.291433 526.096139
-16246362778.258896 1040373913.645029 -19926128986.565929 -8989747502.912867 -4512054273.279763 764093844.545645 524.305838
-16248441806.550985 1120901093.070176 -19943194307.361816 -8957354738.943176 -4472941677.520741 765338712.727025 522.506678
-16252707455.179676 1200668620.485290 -19961551697.556683 -8923422907.935883 -4436810192.720581 767238726.542420 520.704221
-16257973980.380177 1280590710.163152 -19980997199.217808 -8887063630.002556 -4403377104.080215 769653535.759391 518.850946
-16263947893.030313 1360962647.101044 -20001850557.008400 -8847939322.522160 -4372368629.187432 772749149.544062 516.932040
-16271426080.513292 1441308075.922110 -20024820965.534309 -8806766441.941164 -4343786821.219920 776666519.310094 515.018205
-16126766675.545256 1597760525.663200 -19949000652.015308 -8800932517.256691 -4316176282.014173 695734639.938507 513.101063
-16137212731.467295 1675709847.884169 -19974221236.933559 -8758742258.709917 -4292517333.573789 700483095.964510 511.209295
-16150015832.326727 1750350895.932322 -20000336945.093132 -8718130730.799286 -4271457438.917581 705274411.944305 509.381235
-16164460246.371403 1821602513.026176 -20026789225.654602 -8679191823.218338 -4252596683.532215 710033242.474577 507.474168
-16179972428.885988 1889467578.256902 -20053513752.276295 -8641878052.575026 -4235682493.700892 714797845.084699 505.393518
-16196858536.405277 1953006279.383134 -20080578408.846046 -8606911387.617481 -4220789062.924302 719534262.473247 503.253851
-16214801440.491125 2011607607.096497 -20107530748.954128 -8574693889.727633 -4207851473.072531 724128166.005448 501.100979
-15789365055.015917 2250330131.850660 -19803443819.731182 -8338309105.591367 -4126161147.660251 649645936.871594 498.941144
-15806883526.365705 2298379292.650575 -19826932254.048752 -8311954710.704555 -4116784485.127337 653553793.515494 496.667724
-15824228040.219658 2341144500.240098 -19849098153.114624 -8288386278.861673 -4108949483.860260 657302095.347225 494.549645
-15841595518.088318 2378581518.445945 -19870131389.107224 -8267909095.008472 -4102485947.907166 661014582.792407 492.782309
-15858457740.460876 2411014999.960083 -19889654098.339893 -8250347464.943022 -4097016599.853233 664752946.225327 491.235336
-15874534936.250547 2439169050.181898 -19907736575.042477 -8235200868.584336 -4092437690.299586 668483098.806060 489.693418
-15889866410.380989 2462863177.893345 -19924482417.771744 -8222736202.447201 -4088650032.075524 672183321.487131 488.452313
-15902818817.756424 2483758433.599691 -19939570586.860397 -8211522669.265475 -4085355166.804251 675669621.357633 484.848662
-15569336792.045336 2565788757.098536 -19627364813.963188 -8021360196.725825 -4013688566.423747 643579974.826586 483.730351
-15580092522.327255 2573491026.905486 -19637692365.401466 -8017694878.718816 -4013746443.450514 645875819.794312 483.186892
-15588546741.640749 2577693437.670862 -19645328837.186596 -8015938775.837164 -4014747590.628080 647253582.405083 483.297291
-15594405351.292702 2579266493.206271 -19650156728.785011 -8015542063.310925 -4016551190.175902 647627207.306709 483.438715
-15597875504.026016 2578605420.153067 -19652543680.767124 -8016255366.821725 -4018886065.118682 647217272.782935 483.808195
-15599164671.186733 2576245314.238089 -19652752170.186752 -8017797782.450446 -4021633928.936299 646074955.470005 484.429058
-15598373866.399162 2572532585.902950 -19650918575.422321 -8020004089.867536 -4024708055.652131 644220342.926512 485.300240
-15595779505.088379 2568007717.117964 -19647316262.187759 -8022554173.983730 -4028078672.065876 641709749.197111 486.076357
-15253275269.869705 2606667561.081091 -19302868501.074268 -7780567644.015372 -3946067767.815344 642136293.138740 486.688937
-15248201758.667530 2601375059.592989 -19297018403.176483 -7783436690.731714 -3949609382.071923 638769051.755664 487.409437
-15242571356.202627 2596066166.859776 -19290726623.794014 -7786380643.120307 -3952875266.581941 635322925.179212 488.079387
-15236650282.763359 2590826347.782672 -19284135559.805855 -7789377303.097363 -3955834735.901999 631841941.931314 488.674003
-15052553798.028496 2525841732.397803 -19025868569.914818 -7575685045.724544 -3883503959.608835 690648652.954559 488.906376
-15044984929.583626 2519126009.236368 -19017615176.397514 -7579271341.936218 -3886407320.110343 686888595.101661 489.593878
-15037818962.523592 2512925739.167827 -19009787402.082867 -7582984522.023991 -3889162474.504516 683109524.416475 490.299759
-15231314820.564569 2360177214.310115 -19096911261.637512 -7622912184.445736 -3903004266.044544 755532218.264524 490.710354
-15225051834.155107 2355466112.744122 -19089806276.970032 -7626226927.173794 -3905259025.944377 751910425.181845 490.709220
-15219410442.343367 2351250372.901385 -19083280120.528111 -7629333090.068546 -3907155181.651202 748555481.851561 490.424194
-15214365708.988295 2347335140.163681 -19077331347.749531 -7632187407.053775 -3908739415.020464 745534903.064849 489.890920
-15292801736.417358 2289338608.829275 -19117155144.325439 -7673368657.289247 -3920499051.556575 761103156.331486 489.147429
-15288635456.882536 2285446471.829810 -19112145247.862003 -7675925638.556587 -3921920718.839270 758590484.807539 488.401117
-15284907695.414770 2281435662.879267 -19107664031.215988 -7678429575.184119 -3923291363.051083 756367583.486518 487.677712
-15281694262.169754 2277399291.064801 -19103797164.365219 -7680836710.808197 -3924598205.536039 754467129.210414 487.060627
-15278994336.112070 2273486087.690550 -19100566175.610607 -7683075240.395484 -3925821883.475953 752886677.358433 486.720568
-15276798766.976488 2269993865.950633 -19097986086.294811 -7684950439.905458 -3926917348.960777 751633422.461220 486.605352
-15306251155.647390 2258177242.320854 -19123141461.293213 -7709124448.062945 -3935118006.485135 751199907.419801 486.609758
-15305008692.666737 2255707421.183620 -19121722670.399612 -7710250401.537198 -3935904222.559856 750544145.645742 486.587876
-15304211117.874311 2253685223.700878 -19120841622.442688 -7711070542.229110 -3936528335.562104 750168767.836634 486.772511
-15303888525.382885 2252268463.150023 -19120519508.208942 -7711534262.871121 -3936967458.823923 750066006.722183 487.004010
-15303984418.412390 2251388967.345451 -19120677929.640911 -7711699818.130155 -3937216761.688391 750206787.560713 487.196419
-15304377985.040861 2250830896.443980 -19121185496.424152 -7711722324.519442 -3937287300.105167 750544864.979997 487.351653
-15305103967.992472 2250589716.367692 -19122087904.302193 -7711596071.468380 -3937172262.565184 751106881.601076 487.430858
-15256454767.733721 2306450396.750005 -19116617571.706955 -7671047403.955981 -3931023709.032635 745210394.604375 487.698296
-15257763387.423132 2306947891.797969 -19118225936.780739 -7670569796.138681 -3930588458.091804 746127047.758718 488.174433
-15259075330.173269 2307841439.820769 -19119840067.606342 -7669983251.333879 -3930033769.129333 747017317.789136 488.624534
-15260085564.963675 2308912400.150574 -19121091775.184750 -7669396437.738860 -3929543078.016400 747673087.992856 489.017667
-15260619895.975967 2309986681.600524 -19121748182.469368 -7668858067.554514 -3929255534.351164 747978082.445915 489.178934
-15260895849.656092 2310916397.733929 -19122088182.317474 -7668455292.225004 -3929027200.913643 748100119.912993 489.145576
-15261028705.535185 2311612161.479458 -19122252291.007877 -7668216379.043265 -3928843280.669064 748130133.356903 489.087360
-15261059653.595783 2312126172.347041 -19122293604.246284 -7668078806.593434 -3928697928.950144 748110726.595977 489.024354
-15184982872.819338 2345266429.307734 -19065811980.007645 -7626376585.959360 -3915277358.837271 737654981.776643 488.826374
-15184954044.841417 2345536405.116992 -19065784163.941223 -7626294473.403356 -3915218634.213557 737618412.392316 488.528772
-15184945105.066145 2345588718.735192 -19065770576.088821 -7626278936.759715 -3915213826.991246 737603211.845612 488.338171
-15184971108.730516 2345518271.239116 -19065798556.034328 -7626296782.758837 -3915223086.005451 737623076.790504 488.308327
-15185049705.354069 2345501452.616380 -19065893102.032692 -7626257112.382132 -3915227218.521228 737676456.614723 488.298767
-15185111794.462378 2345438156.145720 -19065962344.175251 -7626268575.003175 -3915238032.198125 737713656.816672 488.347423
-15185149864.849899 2345402596.225567 -19066007075.403763 -7626265290.825478 -3915242860.011281 737740961.839097 488.419391
-15190000899.467295 2314705506.923470 -19044478335.832031 -7670953198.246954 -3919709115.846609 722378678.109048 488.445349
-15189983960.197268 2314679074.310827 -19044456314.923630 -7670979019.064657 -3919711839.480711 722367998.795362 488.502120
-15189961096.998568 2314706340.714272 -19044430989.484646 -7670970824.817199 -3919707258.962866 722353918.378824 488.474718
-15189935607.694136 2314697353.197940 -19044400782.837791 -7670986755.343389 -3919708164.354547 722338252.585691 488.482295
-15189909712.979412 2314694843.745474 -19044370864.568249 -7670998031.582896 -3919706508.353148 722323266.091703 488.478396
-15189903075.486616 2314713122.029263 -19044363833.779213 -7670991805.772116 -3919702843.534107 722319179.232840 488.431866
-15189902248.272455 2314691674.074091 -19044361914.574688 -7671006116.690280 -3919705649.649593 722318690.816964 488.437801
-15222254938.194027 2307026787.456391 -19073855061.778378 -7685646936.226318 -3925754926.170173 727115909.537692 488.427929
-15222269838.674549 2307025899.032836 -19073872099.658295 -7685643122.086409 -3925755868.658553 727124158.528326 488.428961
-15222283612.196472 2307027615.358700 -19073888056.914143 -7685636657.842505 -3925756662.770359 727132327.510194 488.457531
-15222295426.663198 2307053366.190468 -19073902516.587196 -7685618791.235211 -3925754501.849380 727137419.732780 488.470575
-15222284403.751266 2307058870.253942 -19073888949.291603 -7685622497.798045 -3925753683.470158 727128997.359484 488.474350
-15222283734.751432 2307082749.630107 -19073888805.109329 -7685610375.407777 -3925751145.325160 727126867.561158 488.469330
-15222283902.678677 2307101084.531857 -19073889266.414551 -7685601786.198103 -3925749348.834574 727124947.503739 488.464917
-15222282125.982319 2307113517.252597 -19073887411.163948 -7685595878.913461 -3925748461.572490 727122808.260057 488.465721
-15222291573.834705 2307142474.345283 -19073899302.882065 -7685576049.411594 -3925745895.713559 727126617.835847 488.441031
-15222295274.602692 2307133828.756129 -19073902138.856022 -7685583677.928022 -3925748371.971111 727126448.515951 488.453286
-15222306745.401169 2307155178.004696 -19073916636.546608 -7685565295.856429 -3925746591.939559 727133190.729047 488.457518
-15213889785.447336 2312824184.973132 -19069437595.258152 -7677105138.925572 -3923845723.896176 727556722.236229 488.457025
-15213898863.026281 2312842527.487542 -19069448776.722809 -7677091847.557129 -3923843779.260942 727561481.597935 488.465620
-15213897840.121090 2312850573.148664 -19069446815.883945 -7677092393.802442 -3923843206.493001 727558735.208876 488.482186
-15213893157.871153 2312874899.543106 -19069441430.916039 -7677081295.567061 -3923841121.366312 727553071.355452 488.483305
-15213897765.684475 2312910661.512265 -19069447811.508953 -7677060761.769123 -3923836879.163952 727554175.000799 488.203917
-15213898278.351324 2312917460.864856 -19069447603.893860 -7677061305.236997 -3923836804.827364 727551883.260200 488.471995
-15213893122.447222 2312923140.937774 -19069440242.364178 -7677065565.697911 -3923836815.465282 727545307.389286 488.474255
-15213904700.718664 2312958182.583532 -19069454521.663548 -7677042699.841747 -3923833669.151963 727549820.581242 488.459427
-15213913062.115326 2312971600.255293 -19069464195.585995 -7677034373.224613 -3923832934.981444 727553249.257934 488.452227
-15213414080.408857 2312868368.764406 -19068809083.592083 -7677010344.176154 -3923742407.844456 727417589.744173 488.479738
-15213426517.446226 2312916225.705103 -19068825995.273769 -7676974000.978601 -3923737692.896908 727424649.150581 488.463066
-15213429204.533331 2312922973.721483 -19068828585.160534 -7676972581.454984 -3923738392.152275 727423431.348702 488.464522
-15214130332.911121 2312390366.358511 -19069146279.981594 -7677685084.580845 -3923889140.797437 727394609.412835 488.509858
-15214153165.855623 2312485160.202863 -19069177665.402748 -7677614942.326819 -3923879456.378020 727406017.246520 488.478098
-15214145165.910639 2312478508.191566 -19069164504.391571 -7677636285.831954 -3923882429.822322 727394411.292336 488.429270
-15214113995.249519 2312411637.880777 -19069127047.357590 -7677679723.221837 -3923889239.611262 727381133.919157 488.486594
-15214152160.127451 2312486921.225622 -19069173583.279957 -7677627753.797573 -3923881889.581960 727398706.852666 488.472624
-15214144863.455563 2312481397.181425 -19069162361.124084 -7677642705.528813 -3923883875.715126 727389768.324041 488.458593
-15214151220.251429 2312491976.220855 -19069171069.375813 -7677631201.765299 -3923882309.526947 727394439.065803 488.475330
-15214164587.910486 2312523807.624654 -19069187057.059814 -7677610972.585384 -3923879887.247386 727399182.817771 488.436966
-15214719131.998610 2311904762.259762 -19069296489.479656 -7678340182.815646 -3924007213.386705 727333039.121827 488.475433
-15214726451.210735 2311936052.622722 -19069306866.080223 -7678315560.386230 -3924003599.431790 727337350.176325 488.461049
-15214727261.959080 2311942461.058768 -19069308418.704575 -7678308248.786368 -3924004315.662878 727336802.461012 488.454191
-15214723375.719997 2311934736.033744 -19069304438.134228 -7678310507.077729 -3924006050.056819 727335508.372510 488.471748
-15214719613.344719 2311940271.512975 -19069299885.187843 -7678309956.967107 -3924006011.659743 727332012.859205 488.458395
-15214718143.713081 2311940459.248624 -19069298613.940235 -7678307103.707279 -3924005869.647954 727331629.687742 488.449537
-15214721506.680490 2311938924.974420 -19069303281.626736 -7678302705.011227 -3924006144.870408 727334794.332662 488.455093
-15214373715.117756 2312551814.034089 -19069442910.305786 -7677600543.668591 -3923918561.378987 727457779.633412 488.442907
-15214366186.794930 2312528580.745697 -19069434054.102139 -7677612666.496141 -3923921283.126391 727455157.205800 488.456216
-15214370564.650146 2312543033.547644 -19069441853.864830 -7677592577.135962 -3923919227.521146 727461027.203564 488.459207
-15214369772.644808 2312536544.798538 -19069439277.258484 -7677601988.599302 -3923921193.075383 727457762.188651 488.446965
-15214364273.423155 2312527469.911813 -19069435109.042454 -7677598428.388973 -3923921603.150278 727458405.253328 488.470155
-15214631876.021338 2312086106.122237 -19069320711.791298 -7678098055.013687 -3923980665.391884 727372238.508450 488.444327
-15214623571.541801 2312062671.187431 -19069310947.267879 -7678111070.107195 -3923983599.493842 727368350.623137 488.469304
-15214628009.769442 2312085350.463727 -19069318164.106606 -7678090848.512657 -3923981213.050620 727370843.670708 488.448765
-15214624529.395529 2312071007.918262 -19069313923.853428 -7678099075.701704 -3923982581.747939 727369526.431935 488.467951
-15213936103.573307 2312818449.362157 -19069185206.133476 -7677112272.703479 -3923812292.684631 727498053.246130 488.459088
-15213940987.015818 2312825751.002584 -19069191523.064419 -7677105412.064126 -3923812254.361326 727500663.800613 488.449309
-15213933894.396921 2312806557.365829 -19069182543.034599 -7677118379.291065 -3923815383.309200 727496030.257866 488.475778
-15213944452.980087 2312843517.283813 -19069197251.810879 -7677088625.401814 -3923811722.056793 727502045.327989 488.457916
-15213975435.106222 2312822628.744915 -19069210345.203716 -7677104285.552115 -3923816338.307223 727506225.552497 488.464407
-15213982973.710047 2312840092.381320 -19069220371.091457 -7677089211.183024 -3923814375.254367 727509699.784109 488.471690
-15214262365.771914 2312467321.607613 -19069192327.160328 -7677586546.322426 -3923888103.218585 727416276.489440 488.462542
-15214380397.877918 2312333473.222265 -19069200017.620907 -7677754802.214562 -3923914924.211842 727393310.613173 488.462130
-15214382598.883499 2312336397.565550 -19069202351.678940 -7677754035.742402 -3923915289.500681 727393188.412696 488.470501
-15214580370.112427 2312287671.723660 -19069363782.367115 -7677852555.467888 -3923950815.026215 727414619.084843 488.471524
-15214576743.230768 2312293751.125887 -19069359851.984287 -7677850168.312856 -3923950852.807137 727411995.054573 488.469744
-15214355236.521969 2312469520.005588 -19069255189.055294 -7677630288.331134 -3923904418.217707 727414119.239550 488.465066
-15214358264.832323 2312476242.194580 -19069258740.098923 -7677626369.109918 -3923903494.930253 727414872.285702 488.478021
-15214333048.467764 2312575016.959763 -19069295850.641243 -7677543581.759078 -3923895281.200529 727425788.256801 488.470412
-15214611019.266132 2312412988.752300 -19069455718.629684 -7677744617.125816 -3923944792.200419 727445067.494971 488.473540
-15214513903.665890 2312414047.861272 -19069346648.124199 -7677770926.591702 -3923936767.632697 727398429.931740 488.477850
-15214517288.383057 2312434306.115294 -19069351042.219490 -7677758316.121985 -3923934968.131209 727398498.472308 488.468304
-15214519600.240692 2312441840.133968 -19069353286.904869 -7677754679.522695 -3923935181.787586 727397644.793292 488.477777
-15214624828.229567 2312544753.738862 -19069544473.752384 -7677689411.873162 -3923949582.851113 727444094.863235 488.469499
-15214709456.306271 2312301616.242661 -19069426969.264545 -7677951523.731076 -3923973647.335693 727384555.609895 488.479119
-15214709903.938751 2312317332.849760 -19069427537.418625 -7677943277.433390 -3923972566.134733 727383250.765488 488.484158
-15214720697.853979 2312357043.256916 -19069442023.409897 -7677913227.558526 -3923969168.414552 727389151.345034 488.464086
-15214717863.949320 2312348097.664693 -19069437501.862942 -7677923025.221263 -3923969705.335956 727386368.179861 488.472433
-15214718822.741323 2312354661.429894 -19069438256.246231 -7677921116.370301 -3923969486.380399 727385465.615872 488.499321
-15214722615.882086 2312395820.376129 -19069444099.960438 -7677895592.711612 -3923964401.548127 727386807.823203 488.465430
-15214724450.751675 2312392650.360539 -19069444949.326900 -7677901274.945878 -3923965990.759950 727385476.080008 488.473057
-15214724490.540846 2312398930.271917 -19069444648.388786 -7677898875.123483 -3923965745.225976 727384683.498585 488.502642
-15214734432.297728 2312448461.033394 -19069457532.980278 -7677868478.319022 -3923959959.817993 727388249.876549 488.443346
-15214478124.404701 2312597539.696926 -19069356466.167770 -7677661743.074363 -3923918377.646576 727390211.243383 488.455483
-15214480223.063501 2312597562.197113 -19069361177.595890 -7677652252.611025 -3923917398.208931 727395347.643011 488.523136
-15214520044.859560 2312700663.798601 -19069409486.156666 -7677587906.420326 -3923907991.608247 727410579.498743 488.457271
-15214490812.744152 2312649488.358388 -19069372909.748859 -7677627890.834805 -3923913534.357777 727395023.732665 488.451386
-15214502262.382071 2312654289.550037 -19069387746.567261 -7677615529.574687 -3923913024.034895 727403962.446557 488.474833
-15214501476.208618 2312658932.176414 -19069386097.482807 -7677615579.977209 -3923913369.200489 727402020.504940 488.463629
-15214494110.918282 2312649555.973987 -19069378143.011856 -7677618990.686193 -3923914639.319130 727399708.068443 488.474060
-15214505546.495567 2312667622.063198 -19069391284.552769 -7677608403.714209 -3923913971.279686 727403594.234854 488.461364
-15214499977.003260 2312652045.097822 -19069383927.713894 -7677620417.854259 -3923917164.438795 727399686.323505 488.488133
-15214508398.848026 2312685031.671700 -19069395245.686054 -7677597737.604890 -3923913172.058192 727404078.900116 488.469944
-15214541071.645641 2312764436.636649 -19069502416.133266 -7677535685.496610 -3923918458.707378 727431495.016664 488.452034
-15214542523.344452 2312753776.086637 -19069504355.149281 -7677537809.110319 -3923919962.280307 727433450.252496 488.468044
-15214543001.602299 2312754446.390605 -19069505207.100048 -7677536856.850062 -3923920162.982524 727433722.523988 488.475307
-15214547501.970781 2312771759.315721 -19069511694.079838 -7677522135.594341 -3923918564.242896 727436224.378472 488.461385
-15214544141.916054 2312758184.092359 -19069506903.183929 -7677532781.504191 -3923920419.864540 727433522.736323 488.476687
-15214554906.734327 2312785404.480233 -19069521276.833496 -7677510093.303334 -3923916819.054734 727440824.155427 488.467933
-15214554369.464396 2312775812.659612 -19069518865.787964 -7677523010.134581 -3923918797.089998 727437687.760954 488.429676
-15215542105.500105 2311340391.569317 -19069414793.064884 -7679359146.437091 -3924193327.406709 727109826.241462 488.477025
-15215552590.797005 2311369457.199854 -19069428752.945351 -7679335089.373797 -3924190409.951879 727116062.732689 488.468667
-15215548657.434679 2311366846.864439 -19069424185.240009 -7679336832.767326 -3924190889.626368 727113723.982763 488.475179
-15215540917.008110 2311364480.367414 -19069415355.330635 -7679340182.029554 -3924190526.623557 727109628.185434 488.458425
-15214168174.871243 2312801139.249228 -19069151728.052601 -7677316888.396432 -3923839168.041009 727413451.630075 488.460329
-15214163532.366266 2312785703.884672 -19069145525.077179 -7677328836.747603 -3923841111.618255 727410292.288500 488.465785
-15214722192.278490 2312227220.178185 -19069277527.260979 -7678057017.261923 -3923970359.969677 727330759.174436 488.459855
-15214721443.286226 2312220742.537879 -19069276799.456463 -7678059169.154098 -3923970956.255013 727330814.840216 488.452782
-15214719839.719561 2312205065.244087 -19069274796.179302 -7678067480.485214 -3923972804.783328 727330643.999631 488.468226
-15214332745.439499 2312782514.865240 -19069351071.161434 -7677391096.789536 -3923880171.774933 727437337.749946 488.466941
-15214329120.668514 2312778094.623779 -19069346777.697208 -7677394673.188729 -3923880368.728019 727435333.143700 488.451312
-15214325916.308544 2312756226.720636 -19069342251.412685 -7677409569.128745 -3923883428.751394 727433820.864505 488.467901
-15214323344.701704 2312753965.674579 -19069339115.852100 -7677412185.349983 -3923883560.112701 727431822.441415 488.465759
-15214469295.879896 2312435257.492166 -19069230667.778606 -7677728722.312304 -3923915934.855304 727380667.984707 488.458856
-15214469460.469015 2312430414.201892 -19069231141.816383 -7677729398.227828 -3923916338.044350 727381678.421090 488.458956
-15214461195.291380 2312409597.075895 -19069220382.782887 -7677746231.492130 -3923918549.822219 727376583.359119 488.466835
-15214463332.290079 2312415138.941713 -19069223235.968464 -7677741337.690893 -3923917395.750412 727378162.243897 488.454473
-15214457030.789658 2312393860.547554 -19069214983.996803 -7677756744.625582 -3923919466.834529 727375108.366485 488.455793
-15214470469.323332 2312521260.965571 -19069358228.676311 -7677659273.461686 -3923926416.936738 727406668.901143 488.476598
-15214472681.311230 2312540240.088571 -19069362052.086124 -7677644499.932525 -3923923515.205822 727408927.492845 488.448530
-15214469865.265341 2312517705.943019 -19069357579.216354 -7677659990.896469 -3923925965.556816 727407560.353943 488.451111
-15214466399.427114 2312500997.672317 -19069353251.363403 -7677669253.204185 -3923927139.900756 727406877.976391 488.471838
-15214468018.966913 2312510876.134257 -19069355951.894135 -7677662469.767880 -3923925391.416075 727408352.255268 488.463776
-15214464047.876146 2312505315.517906 -19069351352.359325 -7677666348.023961 -3923925536.196307 727406741.041953 488.447547
-15214273974.706451 2312556471.647806 -19069203767.396069 -7677545855.274597 -3923887864.051656 727398716.210827 488.474315
-15214280100.900528 2312579137.556890 -19069212401.949356 -7677527629.943953 -3923885984.990693 727402713.981294 488.461425
-15214231857.170473 2312254304.294197 -19069272595.203182 -7677062044.268862 -3923852488.867317 727424487.010476 -8699.995046
-15214277317.514029 2312569803.197873 -19069208856.042889 -7677533977.623762 -3923886872.472256 727401850.481308 488.458686
-15214276135.953485 2312565593.992664 -19069207335.094864 -7677536839.632701 -3923887305.639228 727401498.704634 488.461504
-15214275109.093145 2312561723.870386 -19069206001.612095 -7677539458.922363 -3923887729.104365 727401208.269487 488.461542
-15214274247.745615 2312558218.765076 -19069204870.569954 -7677541809.277206 -3923888140.940846 727400985.075823 488.461589
-15214273562.813797 2312555104.568827 -19069203957.004826 -7677543864.573434 -3923888539.243305 727400835.015550 488.461645
-15214273065.200438 2312552407.173768 -19069203275.952854 -7677545598.687144 -3923888922.106343 727400763.980571 488.461705
-15214272765.808241 2312550152.471993 -19069202842.450127 -7677546985.494386 -3923889287.624522 727400777.862813 488.461775
-15214272675.539724 2312548366.355607 -19069202671.532574 -7677547998.871103 -3923889633.892385 727400882.554199 488.461852
-15214272805.297346 2312547074.716727 -19069202778.235992 -7677548612.693170 -3923889959.004434 727401083.946666 488.461940
-15214273165.983425 2312546303.447444 -19069203177.596020 -7677548800.836370 -3923890261.055142 727401387.932168 488.462032
-15214273768.500200 2312546078.439887 -19069203884.648193 -7677548537.176394 -3923890538.138932 727401800.402677 488.462132
-15214701677.216780 2312201392.386887 -19069380345.407253 -7678013843.229358 -3923985081.140553 727372727.516459 488.462244
-15214702796.125526 2312202337.602939 -19069381712.971581 -7678012597.575849 -3923985302.581442 727373374.645712 488.462362
-15214704189.578522 2312203906.762973 -19069383433.341457 -7678010821.746471 -3923985493.339853 727374147.935102 488.462491
-15214705868.477848 2312206125.759463 -19069385521.552250 -7678008489.616525 -3923985651.510134 727375053.276661 488.462628
-15214707843.725451 2312209020.484831 -19069387992.639156 -7678005575.061275 -3923985775.186604 727376096.562426 488.462773
-15214710126.223196 2312212616.831562 -19069390861.637299 -7678002051.955867 -3923985862.463537 727377283.684491 488.462930
-15214712726.872818 2312216940.692093 -19069394143.581505 -7677997894.175361 -3923985911.435174 727378620.534938 488.463093
-15214648765.864960 2312202402.720292 -19069305721.482040 -7677984882.089627 -3923972114.175715 727365658.978324 488.463268
-15214652035.511610 2312208259.263645 -19069309874.411854 -7677979376.604721 -3923972080.820301 727367312.955917 488.463451
-15214655656.013241 2312214920.995194 -19069314485.390205 -7677973158.071978 -3923972003.442309 727369134.337741 488.463644
-15214659638.271107 2312222413.807361 -19069319569.451244 -7677966200.366180 -3923971880.135839 727371129.016000 488.463848
-15214663993.186365 2312230763.592521 -19069325141.628967 -7677958477.362035 -3923971708.994963 727373302.882919 488.464062
-15214668733.856058 2312239996.588667 -19069331219.703266 -7677949964.805700 -3923971488.838322 727375661.518669 488.463374
