1457.959743 -1150.987918 -1045.582548 -143.526319 1156.262900 -253.746949 534.569783
1457.960591 -1150.985115 -1045.582774 -143.526740 1156.262505 -253.746203 534.569757
1457.961381 -1150.982358 -1045.583028 -143.527147 1156.262115 -253.745491 534.569732
1457.962113 -1150.979647 -1045.583310 -143.527541 1156.261731 -253.744813 534.569707
1457.962785 -1150.976983 -1045.583620 -143.527921 1156.261353 -253.744168 534.569684
18185768153.731224 22730187.923763 12823281574.644543 -15267158169.442602 6447531285.024142 -420539211.986024 534.569662
1457.963949 -1150.971794 -1045.584325 -143.528641 1156.260613 -253.742984 534.569640
1457.964440 -1150.969271 -1045.584721 -143.528981 1156.260252 -253.742444 534.569620
18185813029.932484 22801655.165070 12823259504.707073 -15267211046.939697 6447546226.771717 -420541182.835089 534.569600
1457.965235 -1150.964370 -1045.585600 -143.529617 1156.259548 -253.741471 534.569582
18185837735.161152 22852997.466261 12823236500.497082 -15267242286.408958 6447554301.167531 -420543194.435922 534.569564
1457.965779 -1150.959663 -1045.586598 -143.530197 1156.258869 -253.740644 534.569548
1457.965954 -1150.957384 -1045.587142 -143.530466 1156.258540 -253.740285 534.569532
1457.966065 -1150.955155 -1045.587716 -143.530720 1156.258216 -253.739964 534.569518
1457.966110 -1150.952977 -1045.588320 -143.530959 1156.257899 -253.739680 534.569504
1457.966089 -1150.950849 -1045.588955 -143.531183 1156.257589 -253.739434 534.569492
1457.966002 -1150.948772 -1045.589622 -143.531393 1156.257286 -253.739227 534.569481
1457.965847 -1150.946748 -1045.590319 -143.531587 1156.256989 -253.739058 534.569471
1457.965624 -1150.944775 -1045.591048 -143.531766 1156.256700 -253.738929 534.569462
1457.965332 -1150.942854 -1045.591809 -143.531930 1156.256418 -253.738839 534.569454
1457.964971 -1150.940987 -1045.592601 -143.532078 1156.256143 -253.738788 534.569447
1457.964541 -1150.939172 -1045.593426 -143.532211 1156.255875 -253.738778 534.569441
18185882934.568817 23000212.384223 12823155298.256048 -15267322328.169024 6447576088.159604 -420559134.353436 534.569436
1457.963468 -1150.935705 -1045.595173 -143.532429 1156.255361 -253.738879 534.569433
1457.962824 -1150.934053 -1045.596095 -143.532514 1156.255116 -253.738991 534.569431
1457.949759 -1150.816357 -1045.636725 -143.599677 1156.253508 -253.748133 534.569429
1457.930384 -1150.909165 -1045.641687 -143.517541 1156.253333 -253.742718 534.569474
1457.966196 -1151.066549 -1045.517312 -143.484917 1156.261200 -253.727696 534.569489
1457.955379 -1150.884987 -1045.607794 -143.536561 1156.257351 -253.743675 534.569473
1457.932250 -1150.789271 -1045.707930 -143.518017 1156.255907 -253.753607 534.569497
1457.969581 -1151.010819 -1045.569065 -143.509401 1156.249184 -253.734940 534.569520
1457.974397 -1151.001759 -1045.557078 -143.527137 1156.255548 -253.730101 534.569497
1457.964592 -1150.916639 -1045.612421 -143.538210 1156.251806 -253.750958 534.569477
1457.945461 -1150.901321 -1045.632355 -143.582207 1156.245611 -253.743156 534.569471
1457.966435 -1151.018857 -1045.558022 -143.532718 1156.252399 -253.740622 534.569482
1457.963717 -1150.974445 -1045.601480 -143.560502 1156.252685 -253.730616 534.569461
18185625801.650505 23151970.588889 12822814917.511168 -15267225735.647528 6447523171.228339 -420633770.721773 534.569429
1457.942519 -1150.864278 -1045.653349 -143.547499 1156.251887 -253.748423 534.569447
1457.957610 -1150.969372 -1045.570982 -143.496006 1156.252017 -253.744196 534.569462
1457.950130 -1150.937681 -1045.567936 -143.486675 1156.252301 -253.744685 534.569473
1457.928666 -1150.881478 -1045.645717 -143.526808 1156.251872 -253.763559 534.569515
1457.930186 -1150.978479 -1045.564342 -143.480315 1156.260670 -253.732698 534.569542
1457.957059 -1150.903675 -1045.614250 -143.544115 1156.245435 -253.754264 534.569581
18185645359.419044 22508041.047111 12823434048.625763 -15267002053.756426 6447488124.385446 -420498155.057193 534.569594
1457.968059 -1150.989929 -1045.563727 -143.535267 1156.254921 -253.735682 534.569641
1457.968235 -1150.972328 -1045.574304 -143.547509 1156.247540 -253.739059 534.569629
1457.961882 -1150.869812 -1045.623411 -143.560341 1156.252967 -253.752709 534.569623
18185806287.651184 22911128.185526 12823166035.259792 -15267237369.627064 6447546958.295072 -420552807.809079 534.569636
1457.970067 -1151.023111 -1045.544652 -143.480670 1156.252137 -253.733943 534.569631
1457.983540 -1150.959780 -1045.570939 -143.576787 1156.256352 -253.742758 534.569621
1457.917594 -1150.844409 -1045.642781 -143.577109 1156.249150 -253.752675 534.569596
18185845300.008568 23309101.278507 12822819040.881424 -15267390351.788790 6447571616.580895 -420618075.746403 534.569662
1457.982223 -1150.902876 -1045.588360 -143.601116 1156.263809 -253.747795 534.569675
1457.954856 -1150.927883 -1045.602052 -143.518262 1156.249631 -253.749082 534.569661
18186166431.515797 23402939.736685 12822964553.286974 -15267617583.770411 6447655187.812730 -420587754.185912 534.569671
1457.960764 -1150.958912 -1045.574184 -143.587107 1156.252578 -253.744759 534.569712
1457.975239 -1150.937876 -1045.587345 -143.564700 1156.252739 -253.750151 534.569714
1457.949203 -1150.919725 -1045.583879 -143.530386 1156.250834 -253.747624 534.569700
1457.955905 -1150.847285 -1045.633373 -143.582983 1156.251776 -253.757703 534.569737
1457.943706 -1150.908234 -1045.585887 -143.524941 1156.247752 -253.751645 534.569760
1457.971860 -1151.037763 -1045.546162 -143.524038 1156.248845 -253.729046 534.569811
1457.944352 -1150.967188 -1045.579773 -143.497852 1156.254137 -253.732575 534.569789
1457.947618 -1150.808517 -1045.654302 -143.562359 1156.250651 -253.741086 534.569809
18185188644.045322 22185060.997075 12823393447.831846 -15266618851.371292 6447361946.085674 -420532694.003719 534.569852
1457.983029 -1151.071735 -1045.506442 -143.465806 1156.257620 -253.737321 534.569822
1457.942254 -1150.888256 -1045.628038 -143.548319 1156.252288 -253.732585 534.569796
1457.962083 -1150.947444 -1045.593648 -143.532925 1156.249989 -253.733312 534.569821
1457.979123 -1150.936431 -1045.585191 -143.537944 1156.247919 -253.745462 534.569820
1457.976107 -1150.940166 -1045.586871 -143.521900 1156.244620 -253.736419 534.569813
1457.969853 -1150.889360 -1045.609084 -143.539621 1156.245636 -253.747422 534.569812
1457.967112 -1150.987045 -1045.568326 -143.519678 1156.254993 -253.740878 534.569825
18186167578.408905 23263374.205001 12823122752.522654 -15267578458.483440 6447657946.203176 -420573988.510912 534.569812
1457.968456 -1150.868716 -1045.661416 -143.544416 1156.254623 -253.746166 534.569839
1457.960457 -1151.018018 -1045.548653 -143.473585 1156.258117 -253.731861 534.569812
1457.959009 -1150.914242 -1045.604632 -143.541812 1156.253220 -253.739668 534.569808
18185530959.013828 22565982.637219 12823325257.511738 -15266962850.432060 6447472695.135180 -420545767.339304 534.569818
1457.971304 -1151.068630 -1045.542781 -143.440240 1156.252557 -253.736333 534.569826
1457.994669 -1150.937458 -1045.587593 -143.559191 1156.253147 -253.746806 534.569791
18185932756.111633 23018581.995560 12823202529.891415 -15267352451.729588 6447589248.910457 -420555442.159982 534.569753
1457.946185 -1150.983691 -1045.596732 -143.490418 1156.252431 -253.739099 534.569747
1457.987309 -1151.069292 -1045.526577 -143.554003 1156.253848 -253.733869 534.569741
18185782416.308140 23360672.769800 12822782786.655098 -15267398722.272284 6447577252.616617 -420648496.552703 534.569691
1457.947771 -1150.881798 -1045.630238 -143.539187 1156.253656 -253.740799 534.569699
18186276453.502869 23340149.469581 12823152024.430702 -15267662042.441385 6447685937.965186 -420553458.240591 534.569718
1457.969781 -1151.047781 -1045.546304 -143.478525 1156.260730 -253.745763 534.569700
1457.972626 -1150.911603 -1045.590473 -143.529649 1156.257789 -253.746273 534.569663
1457.939671 -1150.895226 -1045.598324 -143.489089 1156.256188 -253.746982 534.569664
1457.959789 -1150.891864 -1045.626492 -143.523375 1156.256403 -253.745976 534.569713
1457.974092 -1151.040874 -1045.552383 -143.502782 1156.256940 -253.740205 534.569713
18185586901.020504 22638776.730448 12823342329.738607 -15267026244.258039 6447492676.442247 -420531419.927733 534.569673
18185916397.545925 23473972.311569 12822804476.556990 -15267505565.172800 6447610105.379268 -420624827.755062 534.569667
1457.980637 -1150.985862 -1045.554881 -143.489606 1156.247632 -253.726950 534.569625
18185424732.681591 22682245.629909 12823184780.433010 -15266946940.326954 6447456784.581263 -420564080.376023 534.569622
1457.955874 -1150.962614 -1045.596372 -143.576594 1156.251585 -253.744920 534.569596
1457.970145 -1151.034906 -1045.569220 -143.522553 1156.262055 -253.743696 534.569583
18186274853.307747 23957144.056824 12822603182.662001 -15267904354.632227 6447728198.521186 -420672363.421943 534.569529
1457.944908 -1150.842264 -1045.652951 -143.561829 1156.252299 -253.749716 534.569522
1457.948684 -1151.003759 -1045.574633 -143.479093 1156.259533 -253.736329 534.569545
1457.964064 -1151.037634 -1045.554416 -143.527096 1156.256368 -253.737209 534.569538
1457.955113 -1150.882420 -1045.619013 -143.574203 1156.255275 -253.752828 534.569507
1457.902194 -1150.811665 -1045.675640 -143.516415 1156.254539 -253.749564 534.569519
18185638909.113918 22529045.614469 12823456105.484694 -15266996259.012276 6447486051.307338 -420488724.267413 534.569594
1457.986812 -1151.007415 -1045.533176 -143.578241 1156.253618 -253.735343 534.569555
1457.933863 -1150.910061 -1045.608340 -143.537828 1156.252663 -253.744824 534.569533
18185955342.093189 23166008.479826 12823101059.082335 -15267428979.187429 6447606411.586608 -420575363.362983 534.569570
1457.981921 -1150.977380 -1045.576754 -143.565966 1156.250110 -253.746402 534.569582
1457.954914 -1150.896164 -1045.611842 -143.523338 1156.253894 -253.743893 534.569548
1457.941286 -1150.931496 -1045.606024 -143.492938 1156.249727 -253.738680 534.569566
18185927765.789227 22714731.760978 12823494032.329817 -15267265110.551098 6447582072.878143 -420507101.946674 534.569593
1457.959825 -1150.930140 -1045.611977 -143.530816 1156.253482 -253.732621 534.569581
1457.969969 -1151.008431 -1045.565195 -143.508883 1156.251249 -253.728481 534.569574
1457.939723 -1150.959894 -1045.569635 -143.490398 1156.257889 -253.734727 534.569553
18185677257.450516 23147881.584984 12822936355.002020 -15267272259.925714 6447548127.687489 -420621204.811840 534.569588
1457.960754 -1151.033984 -1045.549477 -143.480959 1156.250684 -253.734094 534.569591
1457.972931 -1150.975536 -1045.567086 -143.578622 1156.254349 -253.735734 534.569581
1457.976371 -1150.914166 -1045.610723 -143.557017 1156.252018 -253.733519 534.569564
1457.939489 -1150.848137 -1045.631488 -143.538157 1156.249780 -253.751455 534.569547
1457.955100 -1150.873572 -1045.626837 -143.560304 1156.249668 -253.760781 534.569596
1457.962850 -1151.067949 -1045.518543 -143.482534 1156.247410 -253.727346 534.569612
1457.963591 -1150.865049 -1045.618560 -143.580892 1156.259534 -253.742921 534.569611
1457.925495 -1150.868976 -1045.634790 -143.508709 1156.258842 -253.743021 534.569621
1457.962622 -1150.965312 -1045.577286 -143.515813 1156.250548 -253.734103 534.569667
1457.970777 -1150.962984 -1045.587476 -143.511052 1156.255761 -253.740044 534.569670
1457.935334 -1150.845871 -1045.629012 -143.540260 1156.259391 -253.738714 534.569649
1457.946574 -1150.917298 -1045.620635 -143.549667 1156.250906 -253.751056 534.569700
1457.976150 -1151.035788 -1045.513086 -143.489034 1156.255870 -253.716740 534.569707
1457.963532 -1150.872638 -1045.622462 -143.557629 1156.254104 -253.744483 534.569707
1457.938594 -1150.893908 -1045.627467 -143.539266 1156.252930 -253.738564 534.569717
1457.966369 -1150.982715 -1045.561117 -143.509030 1156.255355 -253.729191 534.569742
1457.977532 -1150.976973 -1045.561423 -143.537288 1156.252349 -253.736995 534.569741
1457.978381 -1150.920646 -1045.605760 -143.570684 1156.253885 -253.743151 534.569728
1457.940094 -1150.999619 -1045.551358 -143.455856 1156.253649 -253.731712 534.569705
1457.972916 -1150.815962 -1045.655788 -143.597733 1156.256704 -253.746961 534.569739
1457.964626 -1150.976329 -1045.594762 -143.523351 1156.256198 -253.751346 534.569736
1457.964343 -1151.014499 -1045.539483 -143.471986 1156.257980 -253.739361 534.569705
1457.965622 -1150.857104 -1045.628951 -143.572448 1156.254768 -253.743948 534.569705
1457.940557 -1150.887524 -1045.630195 -143.528178 1156.253251 -253.745704 534.569714
18185054860.871010 22063290.082835 12823484253.768990 -15266502677.996298 6447336627.792175 -420516465.385774 534.569738
1457.970695 -1151.037857 -1045.548158 -143.500159 1156.254999 -253.735696 534.569738
18185667271.435535 22851055.172165 12823197597.426443 -15267153305.326815 6447529558.570460 -420569039.902229 534.569709
1457.938357 -1150.876143 -1045.641987 -143.553516 1156.254182 -253.755747 534.569720
1457.952822 -1151.072952 -1045.501515 -143.459127 1156.259074 -253.732515 534.569738
1457.963213 -1150.858864 -1045.615251 -143.591796 1156.261933 -253.749152 534.569751
1457.935102 -1150.888141 -1045.646626 -143.520082 1156.255915 -253.755078 534.569764
1457.969832 -1150.986720 -1045.569318 -143.498196 1156.255761 -253.736511 534.569776
1457.956401 -1150.911534 -1045.576756 -143.548534 1156.255554 -253.739771 534.569761
1457.919815 -1150.861178 -1045.661642 -143.527138 1156.253436 -253.745238 534.569795
1457.949129 -1150.983207 -1045.568430 -143.513529 1156.252834 -253.737758 534.569832
1457.989282 -1151.044118 -1045.540474 -143.537703 1156.256001 -253.736970 534.569845
18185431590.504089 22255981.070089 12823582279.646875 -15266797469.777245 6447437628.708881 -420490004.463196 534.569794
1457.948481 -1150.916338 -1045.612822 -143.546879 1156.256257 -253.743639 534.569859
1457.988811 -1151.072352 -1045.511207 -143.563810 1156.253545 -253.737049 534.569868
1457.951494 -1150.908264 -1045.603734 -143.554668 1156.256040 -253.744679 534.569825
1457.941243 -1150.813711 -1045.668140 -143.545286 1156.252107 -253.760326 534.569841
1457.959912 -1150.947835 -1045.597322 -143.531527 1156.256681 -253.758534 534.569873
1457.983222 -1150.864954 -1045.622144 -143.752173 1156.276263 -253.777840 534.569861
1458.023687 -1150.684358 -1045.682407 -144.205961 1156.294468 -253.867975 534.569806
1458.116806 -1150.611285 -1045.591857 -144.230142 1156.312927 -253.821797 534.569685
1458.219217 -1150.691099 -1045.560158 -144.016103 1156.290221 -253.747210 534.569568
18186261782.434830 23309699.369919 12822834969.298710 -15267620172.099169 6447641428.660011 -420701981.339725 534.569366
1458.055019 -1151.162515 -1045.452648 -143.172109 1156.249674 -253.667635 534.569200
1457.974800 -1151.045352 -1045.516723 -143.085437 1156.239471 -253.649643 534.569131
1457.945942 -1150.980719 -1045.571451 -143.099417 1156.232852 -253.629381 534.569193
18185948396.372375 23847515.087956 12822344237.725407 -15267656636.465866 6447643491.948699 -420797779.837448 534.569291
1457.942046 -1151.141511 -1045.547843 -143.142434 1156.222774 -253.662913 534.569388
1457.894546 -1151.095652 -1045.575283 -143.105656 1156.210003 -253.665714 534.569410
1457.815825 -1151.182495 -1045.554119 -143.067417 1156.204493 -253.637811 534.569506
1457.810253 -1151.278482 -1045.519633 -143.075581 1156.203954 -253.623582 534.569675
18188949897.627449 25347835.709537 12823460800.607199 -15269895557.538158 6448463632.866335 -420403494.276014 534.569826
1457.556104 -1151.120320 -1045.713761 -142.983062 1156.195955 -253.758832 534.570104
1457.053159 -1151.203548 -1045.798356 -142.718418 1156.187297 -253.848939 534.570468
1456.544752 -1151.283695 -1045.954835 -142.129424 1156.149839 -253.815945 534.571317
1455.531997 -1151.217292 -1045.847191 -141.627182 1156.168607 -254.199599 534.572680
1454.013024 -1151.200887 -1045.448887 -141.915490 1156.201387 -254.196578 534.575335
1453.675216 -1151.360663 -1045.118957 -142.076867 1156.255360 -254.017822 534.580104
18182739394.556190 18107231.055112 12826831340.309412 -15262922455.559834 6446185225.635674 -418787238.113132 534.585428
1454.442134 -1151.243814 -1045.371778 -142.687458 1156.392703 -254.012660 534.591185
1453.947623 -1151.394503 -1045.158377 -143.200782 1157.408259 -253.850337 534.595234
1454.917280 -1151.271425 -1044.913647 -143.608337 1158.057967 -253.722785 534.598981
18178134370.646477 15262681.250088 12826705687.538294 -15258543176.267645 6444540144.825966 -418166155.124405 534.601216
1458.229958 -1151.296885 -1042.103411 -147.292339 1157.708922 -253.479654 534.602268
1459.878887 -1151.305578 -1038.748800 -150.881021 1157.953436 -253.323120 534.603064
1461.457929 -1151.325977 -1034.660319 -154.867619 1158.111507 -253.379535 534.604364
1462.746818 -1151.486964 -1030.094868 -158.413115 1157.361598 -253.603293 534.606956
18127593244.653412 -12459714.196994 12818428336.179651 -15221135054.263016 6432550885.884061 -425228373.071043 534.612448
1465.191633 -1152.188664 -1022.848815 -162.087536 1156.009657 -256.771434 534.620843
18161058696.861809 17877278.999154 12816871051.521303 -15250821764.242205 6442256861.775028 -427842484.838442 534.630075
1466.737187 -1153.311851 -1020.145120 -164.330590 1154.839938 -261.640752 534.639188
18317294168.773266 64750264.903433 12887375171.865999 -15360490627.078951 6482722176.810639 -415846409.477893 534.648412
1468.850738 -1152.295895 -1022.268003 -164.352892 1154.425179 -266.317075 534.652531
1469.387692 -1151.912356 -1025.122373 -164.868604 1154.514224 -266.988987 534.653527
1469.566074 -1151.526315 -1029.934964 -166.228302 1154.207195 -265.676713 534.662930
1469.959096 -1151.010341 -1037.099897 -166.120706 1154.429035 -261.770857 534.660541
18310565454.858021 64101677.568378 12884473065.378237 -15360542284.234728 6480719572.069078 -425666871.859066 534.652106
1468.952750 -1150.705336 -1054.418371 -166.701006 1152.496018 -253.587572 534.639085
18331373428.409248 60060437.786203 12895938759.386686 -15374322735.996225 6486539732.634509 -426890026.554596 534.620376
1465.067913 -1152.140954 -1075.422563 -168.882556 1150.455782 -253.213174 534.595660
18380007203.361126 194565934.906858 12792417958.032244 -15445065501.239218 6502100462.118392 -443615955.839170 534.564967
1460.201274 -1156.746302 -1098.256780 -170.491741 1148.731904 -266.547826 534.526470
1466.306150 -1153.847100 -1125.808419 -129.510425 1147.915896 -254.753370 534.479208
1464.452248 -1156.740626 -1136.246597 -128.093862 1147.103358 -262.772189 534.410874
1463.114040 -1160.132471 -1146.471431 -124.531022 1146.268765 -271.699112 534.333858
1462.409259 -1163.606703 -1158.072682 -117.705112 1145.559487 -279.364216 534.247709
1462.344548 -1167.096111 -1170.977092 -107.694599 1144.846437 -282.822449 534.151040
1463.049619 -1169.858032 -1184.867897 -93.730708 1144.188483 -277.642887 534.043196
1463.841733 -1168.977596 -1199.189862 -75.648488 1143.623160 -264.761759 533.924891
18454979830.781422 298746326.993431 12629037526.076168 -15536933417.297964 6506207824.127970 -430902609.456996 533.799160
1467.965086 -1161.029110 -1232.487159 -24.783544 1142.435778 -214.902937 533.666750
1470.671210 -1155.593290 -1252.239257 7.264853 1141.870408 -182.918536 533.528680
1475.145432 -1148.509925 -1274.750651 45.808946 1141.397096 -150.558212 533.384183
1496.999247 -1135.973063 -1320.770510 149.021509 1140.818399 -119.512110 533.235486
18525909075.892109 383826830.982880 12544981235.326771 -15556505736.528494 6514216445.524475 -348140250.224226 533.046003
1507.393495 -1123.677303 -1364.748205 231.481678 1139.810064 -65.014019 532.848992
1515.336154 -1116.187848 -1389.738723 282.520399 1139.240521 -40.764733 532.642228
1524.961619 -1107.958896 -1415.890327 336.788539 1138.733905 -18.537301 532.422768
1535.639906 -1099.182559 -1443.618533 397.177766 1138.168261 -0.057322 532.188916
1547.808956 -1090.189428 -1472.835758 461.390423 1137.485388 15.282140 531.937392
1561.722255 -1081.162940 -1502.212555 529.394199 1136.828831 26.249374 531.664391
1577.658871 -1072.286252 -1531.376793 602.362744 1136.055849 36.123300 531.366498
1595.216252 -1064.065660 -1561.219773 679.241384 1135.238972 46.852000 531.040948
1612.953862 -1056.009947 -1589.693719 760.346288 1133.856577 58.590734 530.684146
1632.049039 -1048.521779 -1616.716849 845.879489 1132.388759 72.353533 530.294676
1657.322160 -1041.665812 -1640.385492 934.758937 1131.591108 88.016154 529.870802
17390621108.581844 607458732.669729 11650651958.882175 -14273538375.830570 6080782962.406253 276796766.932097 529.410085
1706.545710 -1029.527276 -1684.865673 1123.753802 1130.474534 124.733695 528.913276
1730.900960 -1024.657499 -1705.023978 1223.479682 1129.610908 141.560098 528.378635
1756.393633 -1019.232492 -1724.158020 1325.212722 1128.499693 156.003011 527.804946
1777.964850 -1015.693335 -1741.734461 1430.437795 1127.407008 165.979500 527.196188
1800.484487 -1012.315374 -1758.303344 1535.665579 1124.778432 171.558674 526.546530
16818309104.729605 920288511.448828 11197259468.166452 -13441932951.831066 5782500377.113100 879354997.895188 525.860844
16956599469.723776 1057279241.900487 11210026712.057724 -13517023635.173443 5818113575.091767 985993458.905854 525.142664
1843.591759 -1006.589443 -1801.807759 1858.647735 1116.620137 197.659357 524.400158
1850.057304 -1006.285691 -1817.460912 1970.785267 1112.768803 208.944940 523.633019
1852.772844 -1006.514766 -1834.576735 2082.970511 1108.365414 218.557517 522.842499
1852.135898 -1007.143955 -1854.795391 2194.125830 1104.492929 225.192423 522.028003
1848.687542 -1008.484673 -1876.564269 2302.825029 1100.307517 230.017895 521.182903
1841.508839 -1009.732771 -1901.012766 2407.947613 1095.730581 232.201466 520.307656
1828.480969 -1011.023848 -1929.758780 2515.837337 1090.542523 230.376299 519.419437
1816.913581 -1012.968791 -1955.953358 2610.294259 1085.588293 224.362955 518.469018
1800.572279 -1015.444955 -1985.962501 2702.369534 1080.333633 214.706231 517.494769
1780.652482 -1018.261651 -2016.341717 2789.340454 1074.462949 202.349008 516.485786
1757.976407 -1021.727295 -2046.175833 2870.930515 1067.809585 190.212849 515.440115
1733.856003 -1025.736419 -2074.335024 2948.517017 1061.304745 181.034537 514.356926
1705.146231 -1030.176876 -2099.188331 3019.306571 1054.319598 171.542575 513.240958
1674.098701 -1034.868913 -2122.520287 3084.310766 1048.531166 159.602136 512.098187
17126963642.524555 2460022395.777761 11209527120.243855 -12287742421.080887 5410698863.508969 3269555690.045440 510.929892
1657.451637 -1037.801807 -2144.438118 3155.268931 1047.272530 130.910850 509.452903
1610.141748 -1041.990870 -2164.997859 3218.312625 1041.580243 116.603546 508.289798
12507608138.596022 807474722.011457 10783236384.935877 -7298653580.703864 3425876087.234919 3568300481.452449 507.129075
1504.507795 -1051.231108 -2198.449534 3337.164108 1027.932426 102.096849 505.975847
1450.603387 -1059.408007 -2185.896006 3323.912623 1023.552214 77.322306 504.649463
10761476180.779718 558143962.301687 10355659553.261179 -5228060513.408506 2563531154.891606 3816932930.794349 503.505848
1323.414359 -1076.494635 -2191.063062 3377.308631 1007.100305 75.568450 502.376561
1256.244580 -1085.825546 -2188.705921 3392.202501 999.112272 84.467511 501.268298
1188.360788 -1093.074604 -2182.260410 3398.521940 992.341112 97.158152 500.177200
1123.933083 -1097.060832 -2173.428248 3396.833931 985.767833 108.348212 499.131715
1066.665897 -1100.498348 -2163.128498 3387.454142 978.751951 116.961638 498.127805
10247232326.099407 1076576467.846567 10122543704.838255 -4280067405.271743 2168923691.803412 4304534441.459068 497.168552
951.311077 -1103.296457 -2136.487289 3345.503319 966.027656 116.626422 496.260403
894.845678 -1100.933643 -2120.067424 3316.073424 958.791680 107.428653 495.407946
839.787207 -1097.756900 -2101.383267 3278.145032 952.008261 94.691667 494.602649
790.057756 -1103.105573 -2047.590890 3114.770612 952.037297 80.093507 493.517913
736.734493 -1099.543664 -2022.842329 3038.810200 950.286996 64.169526 492.828162
685.395278 -1096.408841 -1996.793308 2953.725225 951.673589 47.253026 492.196487
635.125459 -1093.896677 -1968.542754 2860.551088 953.612737 29.711167 491.630413
7375581907.817165 921385833.036788 9342608802.292587 -1366808839.177186 994232557.457629 4198974557.564323 491.154413
537.079660 -1088.894287 -1906.161450 2665.447980 946.817786 -2.334069 490.744145
490.340422 -1087.096917 -1870.631597 2562.137878 938.724430 -13.772014 490.421247
444.323003 -1085.858361 -1833.571357 2458.062532 926.800098 -20.300988 490.196073
399.336051 -1085.192157 -1795.560592 2352.587258 914.454399 -23.983714 490.071381
353.931112 -1084.606361 -1755.660293 2248.026748 903.049088 -26.593970 490.059592
308.913291 -1084.837734 -1715.778975 2145.284338 893.221475 -29.372874 490.161868
263.022478 -1084.604380 -1676.849713 2042.596158 884.744862 -34.328770 490.380043
216.726889 -1084.336065 -1640.332360 1940.864941 876.893618 -43.725864 490.715018
170.001410 -1085.009582 -1605.635072 1843.542822 869.779832 -57.572921 491.169574
3502143345.703164 345543957.450661 8265141105.361543 2375126748.682122 -533033688.922213 3499650390.384085 491.716527
3342964841.469170 338845108.630044 8195997202.741875 2521158512.024695 -590032077.454391 3462552431.068182 492.363587
3188474490.385464 329688904.438862 8132439509.682052 2664346593.221831 -645409139.398292 3426980160.203872 493.110697
3040672349.066643 318762999.337038 8076187865.860283 2800740676.288670 -697181958.661123 3392885977.408689 493.940280
-54.245447 -1099.901508 -1461.831014 1357.556584 850.231470 -114.783797 494.855202
-95.435988 -1103.290656 -1439.215467 1266.967429 849.553228 -118.112909 495.848814
-132.716643 -1106.804708 -1421.748858 1183.083325 850.162822 -123.364608 496.917158
-167.078610 -1111.912618 -1407.075426 1099.082506 852.171928 -131.638853 498.040944
-199.124025 -1118.419883 -1396.477604 1016.410914 855.562332 -142.868352 499.218791
-134211542.954928 -532443571.118854 7772890890.279828 5460895988.968092 -1699638725.627714 2542209432.658237 500.445241
-251.586293 -1133.067724 -1386.736512 872.186335 865.010467 -167.467476 501.712600
-287.610871 -1143.035041 -1386.969663 808.018009 870.665358 -179.517127 503.015437
-296.813650 -1153.789144 -1387.819619 757.865103 876.906991 -190.771211 504.336366
-311.208078 -1165.294087 -1387.192339 716.469911 884.083621 -199.859452 505.645141
-326.204094 -1176.694065 -1391.483837 684.285908 891.453705 -203.449404 507.004043
-337.130700 -1189.249559 -1394.515632 654.158384 899.549462 -201.957265 508.354208
-346.006893 -1204.485953 -1397.843312 624.797569 908.413049 -196.429132 509.701944
-354.082583 -1221.655998 -1402.447567 597.986418 918.259942 -189.346748 511.055740
-361.515778 -1240.622732 -1407.028920 572.570626 928.355895 -185.674115 512.408616
-367.023919 -1263.894786 -1411.846727 547.117664 938.123054 -185.950111 513.750291
-373.055419 -1291.119042 -1416.728324 523.032638 949.207361 -185.946566 515.087717
-378.684910 -1320.981728 -1421.800159 499.765497 961.073525 -185.868276 516.411506
-7433503086.827543 -2713329013.449687 7254203807.441571 9763045508.121374 -3118799723.174001 37357030.146520 517.974003
-443.767531 -1395.540927 -1441.578685 487.950914 976.711699 -186.477668 519.307058
-458.533716 -1429.443192 -1443.169719 464.956554 986.587870 -184.333708 520.617928
-474.354313 -1460.758126 -1442.247841 440.748179 996.219689 -182.636676 521.916700
-492.399949 -1489.271613 -1439.076138 413.291273 1005.753729 -180.228920 523.206492
-507.487946 -1513.941699 -1434.539352 380.486843 1016.579379 -176.124700 524.470081
-9918732482.045315 -3402446583.413636 6521862087.811593 10614316831.215046 -3399263977.858489 -963268348.042845 525.735287
-542.269662 -1556.380770 -1420.790900 305.332094 1038.860058 -162.183586 527.001468
-561.979752 -1576.020056 -1412.659122 266.477265 1049.386652 -155.792206 528.284751
-581.656396 -1594.753025 -1403.289364 223.106331 1059.016578 -151.726563 529.576802
-647.720167 -1616.552517 -1378.376788 142.582393 1073.945354 -157.016775 530.949030
-658.331525 -1631.094473 -1369.421611 103.212400 1081.473453 -154.294976 532.328508
-670.644391 -1644.564647 -1359.886082 62.703395 1089.486044 -151.844158 533.723017
-683.638849 -1657.161899 -1350.697588 18.588254 1100.418527 -147.910218 535.127719
-697.383461 -1666.457779 -1341.478515 -27.472881 1113.196054 -141.971661 536.545492
-713.123853 -1672.670700 -1331.011347 -74.717422 1127.338128 -136.216326 537.982596
-14348319948.642048 -4735179566.352867 5398954358.092088 11486389748.314476 -3608480322.972840 -2781124126.132755 539.433424
-746.071640 -1675.148551 -1303.306180 -174.618463 1150.291407 -129.529112 540.913133
-762.137964 -1672.317438 -1285.153709 -224.967876 1155.857029 -130.404694 542.422253
-779.767668 -1668.362981 -1264.676785 -274.257306 1159.912810 -138.611818 543.978432
-15620027833.693336 -5235692906.316576 5331181419.257170 11315930540.517696 -3445721615.237865 -3323685284.311418 545.577887
-15704157943.464146 -5314768595.124250 5389229078.214365 11200350668.033609 -3381113762.049012 -3348628514.734711 547.237119
-848.507508 -1650.919492 -1182.036815 -437.760383 1183.108867 -191.453472 548.965039
-857.550829 -1639.927857 -1159.422737 -478.562155 1192.989509 -211.881566 550.722744
-864.318761 -1626.683572 -1135.954195 -519.772842 1202.742388 -232.400102 552.505769
-868.750387 -1612.242134 -1112.340428 -558.345397 1213.373293 -251.857029 554.319512
-871.647461 -1597.129947 -1088.242186 -595.557682 1225.135770 -266.487857 556.160521
-16997109561.725321 -6118645600.054359 5375839814.318245 10612959604.660089 -3006218601.823008 -3889723336.807322 558.024712
-867.832281 -1567.228190 -1041.518220 -665.912907 1251.723825 -276.169848 559.908421
-862.495095 -1551.305448 -1019.157876 -697.052269 1264.723933 -277.410512 561.813794
-853.361378 -1534.671380 -998.155807 -722.429438 1276.553223 -281.814252 563.737032
-840.425105 -1518.043779 -978.387458 -743.364745 1287.075883 -290.785883 565.670693
-831.719468 -1471.480600 -969.869689 -786.917794 1288.212319 -307.534152 567.610328
-806.739713 -1490.650282 -924.057329 -766.921244 1306.603640 -332.222854 569.550764
-780.457494 -1470.397741 -928.909811 -780.571061 1307.740930 -355.668430 571.486816
-753.029270 -1457.640616 -917.872629 -785.246881 1314.537115 -377.340542 573.410447
-720.947325 -1446.550180 -910.133333 -784.906309 1322.498342 -397.289734 575.312956
-683.735798 -1437.503489 -905.934379 -777.523024 1331.359619 -415.418116 577.184582
-643.556912 -1431.482861 -903.885244 -765.008071 1340.670759 -431.629353 579.013794
-599.886869 -1428.457793 -903.874800 -746.611008 1349.720098 -445.651977 580.792275
-553.301460 -1425.948566 -905.737921 -722.419184 1358.631132 -455.704074 582.512411
-17724389173.885979 -8295561080.676261 5874149646.296491 8195251055.538443 -1722458699.262770 -4556320163.297238 584.169828
-460.187752 -1445.454305 -912.649226 -658.804009 1376.242999 -471.636662 585.758191
-408.509135 -1453.909852 -922.710401 -620.036749 1381.112430 -469.607843 587.264800
-356.698766 -1466.727424 -935.062402 -578.086509 1382.849213 -464.430125 588.689259
-304.518814 -1482.259624 -948.689791 -531.822902 1381.428891 -461.067691 590.029299
-251.708508 -1499.310717 -962.638558 -483.612574 1377.133897 -463.075577 591.283303
-17401937163.400341 -9138590656.985731 6217342978.838000 7325721241.381651 -1286361456.592934 -4595009275.976061 592.453076
-151.121263 -1532.844396 -990.898302 -384.404871 1363.370832 -477.141317 593.543227
-106.914332 -1561.395004 -1003.277887 -339.753720 1379.322617 -482.155750 594.553933
-60.493051 -1572.917121 -1019.505528 -292.128656 1371.050846 -485.031027 595.459978
-16913316777.736012 -9531678468.253185 6536279923.887473 6797067890.665649 -1038733795.042969 -4487228416.958280 596.294612
24.252779 -1596.713987 -1052.868036 -197.938526 1373.789468 -484.536291 597.050968
61.783907 -1608.240306 -1068.864345 -154.736304 1382.741987 -482.097035 597.725344
97.063980 -1621.026564 -1084.855141 -113.357599 1398.504098 -476.990454 598.317046
129.093190 -1636.234035 -1100.005379 -75.129318 1416.303909 -470.440245 598.819851
155.635358 -1654.372842 -1114.092949 -40.514624 1433.133418 -463.608505 599.234726
179.250174 -1674.007594 -1128.261005 -10.397466 1448.684236 -458.405332 599.566993
200.187577 -1694.684834 -1142.528760 15.683609 1462.596940 -454.351767 599.820240
217.925191 -1725.358206 -1155.980626 36.341071 1476.200432 -449.872457 599.998622
233.296052 -1742.480891 -1169.044300 55.625161 1489.844941 -443.602960 600.101355
295.445900 -1763.540385 -1200.470455 118.509169 1496.329009 -427.777528 600.138702
312.986810 -1777.131904 -1216.160803 138.805646 1509.550282 -417.020661 600.058865
328.161427 -1789.933225 -1231.159192 155.372815 1524.333562 -405.912366 599.914200
341.126306 -1801.983645 -1244.323477 170.499231 1537.822756 -396.618116 599.707661
351.245805 -1815.426756 -1254.778615 183.455273 1550.294707 -390.810047 599.445918
-15838362108.848598 -10092668230.164799 6752715831.881013 6158931491.212832 -824885542.881856 -4014928726.671208 599.135319
365.277718 -1840.096529 -1268.450298 202.381707 1567.354743 -385.379978 598.784861
371.318578 -1850.282105 -1270.956322 208.493662 1571.199100 -385.874785 598.292716
370.966005 -1858.312221 -1274.987403 213.455820 1572.310458 -385.955981 597.848470
374.152611 -1862.824114 -1277.041534 212.214326 1573.380448 -381.882897 597.586863
374.698084 -1866.021546 -1278.257899 210.172596 1573.193967 -373.980088 597.163982
401.363185 -1860.409087 -1297.117455 237.061446 1569.248830 -359.750257 596.739076
403.548247 -1857.121713 -1299.789617 235.456356 1567.501844 -345.883319 596.277663
404.930648 -1851.719416 -1302.452477 232.462634 1565.550193 -329.366687 595.818834
405.385660 -1844.529419 -1304.804130 230.031607 1563.295868 -311.837576 595.365675
405.254093 -1835.241760 -1306.840516 226.126272 1559.712017 -293.867328 594.920645
405.192339 -1824.833863 -1309.261851 222.477556 1554.226696 -279.850047 594.487810
404.217368 -1812.863666 -1311.578871 217.845628 1545.914730 -271.408921 594.068601
403.769118 -1798.102674 -1314.328121 214.707107 1535.352273 -271.526741 593.666989
-15479675691.816607 -10197277643.459183 6862166234.474736 5863101636.794462 -782344242.665264 -3818241334.534647 593.284088
406.136707 -1763.658570 -1320.359130 209.695695 1509.962768 -284.010560 592.920137
408.574406 -1743.620286 -1323.502552 207.452963 1496.445072 -290.389212 592.577066
411.828205 -1722.647692 -1327.311709 205.767242 1483.959655 -291.705258 592.255461
416.103866 -1702.154079 -1332.487007 205.462078 1473.031547 -284.770183 591.954061
421.301960 -1683.218979 -1337.788364 207.028919 1462.696780 -276.795285 591.669637
426.809503 -1664.337392 -1342.537329 210.311385 1451.724307 -268.270928 591.399765
432.023719 -1645.009160 -1346.614884 215.361373 1439.474128 -259.165695 591.145726
436.638155 -1625.054806 -1349.781864 221.148066 1425.772414 -249.449841 590.910271
440.756932 -1605.548348 -1352.265161 227.565059 1410.606218 -239.183717 590.697089
444.269466 -1586.805642 -1354.956414 234.166574 1394.449791 -228.848784 590.508912
447.285097 -1571.505256 -1357.835548 240.142484 1376.949576 -220.730899 590.346403
450.175757 -1556.705478 -1360.228944 245.409755 1359.471801 -217.636645 590.208885
457.319702 -1523.049736 -1367.397486 253.324724 1338.174141 -207.214695 590.095847
-15230724876.773388 -10222206773.021238 7063862124.359825 5654265846.455441 -736966615.694456 -3704519813.560182 590.015344
462.261265 -1486.602913 -1369.373963 263.100061 1307.765250 -219.712650 589.961488
463.260309 -1468.777624 -1368.649833 265.674967 1297.780395 -230.885306 589.931925
463.144534 -1452.683769 -1367.692390 267.073136 1292.379757 -238.646719 589.922924
461.802330 -1441.157442 -1367.484986 266.957008 1293.954656 -240.339189 589.928698
460.664769 -1431.412913 -1367.462858 267.253322 1300.862612 -240.163238 589.938172
463.727007 -1406.229191 -1370.516841 272.844678 1289.748630 -240.027174 589.942910
462.987808 -1398.756480 -1370.108596 274.353894 1300.650062 -239.912313 589.971654
462.359901 -1393.301312 -1368.523950 275.567821 1310.842102 -239.810059 589.990348
461.616829 -1389.831408 -1366.596573 276.535202 1319.870771 -239.766867 590.001027
460.346813 -1388.012246 -1364.755494 276.947883 1327.515179 -239.747163 590.004953
458.757283 -1387.298436 -1363.156954 275.808481 1330.185451 -239.659882 590.003204
457.263545 -1387.097095 -1362.064344 273.479114 1330.184255 -239.619907 590.001731
456.631077 -1387.600537 -1361.647996 271.540539 1330.177339 -239.577968 590.003126
-15115780482.304810 -9991152582.514879 6760993259.392529 5711865012.699995 -789016087.154736 -3658334939.707082 590.005241
456.422098 -1391.237946 -1361.240989 270.079790 1330.217080 -239.660446 590.006367
456.300196 -1387.142437 -1360.877564 270.983187 1330.230185 -239.696853 590.005669
-15179523192.962484 -9957900668.966331 6623046318.354798 5773685225.814658 -819658641.658121 -3681555687.664891 590.009743
455.949699 -1386.722072 -1360.147866 271.752437 1330.279578 -239.838496 590.011309
-15127423647.495291 -9953950629.819870 6671710343.536889 5722416148.079298 -798226314.435846 -3673720643.505535 590.016732
455.410443 -1393.270774 -1359.238123 273.073335 1330.344140 -240.063029 590.019440
-15126825592.803402 -9952396414.632202 6671125623.234994 5723724701.031853 -798921151.883171 -3673466679.318313 590.019277
454.876821 -1399.476637 -1358.184854 273.951940 1330.394165 -240.373928 590.016626
-15128118122.009108 -9952564012.763363 6672475948.932228 5725363606.464754 -799514893.734379 -3673412162.680916 590.012818
454.194876 -1400.433206 -1357.076893 272.692387 1330.437052 -240.740634 590.009194
453.903899 -1400.512251 -1356.294275 271.619472 1330.470715 -240.925108 590.006633
-15139080059.271875 -9960464886.344223 6680215062.369599 5733246975.317825 -801667704.411284 -3674265090.644185 590.005360
-15139223877.536682 -9960616166.936001 6680065791.853967 5733458191.677428 -801765671.437923 -3674392750.748267 590.005243
452.457720 -1400.550626 -1354.399525 270.279172 1330.574996 -241.691073 590.006233
451.808643 -1400.452070 -1354.090147 270.318810 1330.617437 -242.005518 590.008176
451.239186 -1400.468576 -1353.799054 270.269042 1330.645874 -242.348960 590.010778
450.664780 -1400.539026 -1353.730308 270.298098 1330.680781 -242.683728 590.013925
450.023482 -1400.512075 -1354.172855 270.170985 1330.722137 -243.115572 590.017247
449.561222 -1400.405484 -1354.842410 269.920473 1330.747735 -243.649181 590.020149
449.418046 -1400.466089 -1355.483004 269.691416 1330.786925 -244.079087 590.022328
449.643861 -1400.364606 -1356.136579 269.514851 1330.804289 -244.437848 590.023553
450.124813 -1400.319688 -1356.187831 269.439849 1330.776357 -244.015166 590.023796
-15140268249.296591 -9972330536.353306 6699691236.203524 5731272639.510981 -799335986.579679 -3673459760.431345 590.023927
451.187608 -1400.501352 -1355.956419 270.163876 1330.699222 -242.725629 590.024066
451.367528 -1400.504904 -1355.874856 270.105484 1330.683288 -242.726578 590.024106
451.461363 -1400.382452 -1355.942371 270.091845 1330.686338 -242.733180 590.024203
451.417226 -1400.488996 -1355.916727 270.132747 1330.684514 -242.721602 590.024250
451.417312 -1400.496846 -1355.853433 270.146839 1330.686667 -242.724123 590.024270
-15155730833.913689 -9979763628.173346 6700251059.811410 5739279483.470533 -801505175.508216 -3677090638.017417 590.024363
451.381747 -1400.426370 -1355.934078 270.131230 1330.689189 -242.731740 590.024400
451.376974 -1400.578821 -1355.804142 270.156459 1330.681778 -242.721110 590.024451
451.324505 -1400.392705 -1355.942538 270.141198 1330.687217 -242.742669 590.024573
451.373364 -1400.456394 -1355.873426 270.129019 1330.669915 -242.722903 590.024661
451.384955 -1400.514681 -1355.847413 270.127579 1330.683891 -242.724829 590.024802
-15156386754.004025 -9976011194.254152 6690844438.913933 5739220953.310826 -801988543.177136 -3678839313.435513 590.024911
451.409975 -1400.504520 -1355.819346 270.123031 1330.690154 -242.722697 590.025023
451.407214 -1400.439854 -1355.893251 270.106017 1330.688475 -242.733389 590.025158
-15152937828.017447 -9975428278.736532 6693047051.243486 5737699077.890877 -801477058.462294 -3677564621.195995 590.025245
451.408455 -1400.436496 -1355.905000 270.121236 1330.682220 -242.720706 590.025337
451.387649 -1400.494276 -1355.853428 270.113052 1330.684491 -242.729054 590.025417
451.362759 -1400.491202 -1355.831246 270.133573 1330.691144 -242.724550 590.025532
-15152783511.576000 -9975513975.578306 6693237857.281912 5737593240.796985 -801427214.825591 -3677526807.814664 590.025677
451.369417 -1400.451794 -1355.863209 270.126799 1330.692380 -242.730209 590.025783
451.370406 -1400.506471 -1355.839521 270.140451 1330.696334 -242.720126 590.025926
-15152397576.750782 -9975502858.917236 6693513739.001374 5737329532.650915 -801323336.038527 -3677433064.226754 590.026019
451.406168 -1400.480017 -1355.877261 270.106192 1330.695477 -242.717954 590.026107
451.402018 -1400.492926 -1355.849439 270.109490 1330.697565 -242.724446 590.026178
451.381035 -1400.422374 -1355.920415 270.113019 1330.700092 -242.737163 590.026273
451.397608 -1400.443893 -1355.880650 270.114074 1330.693017 -242.728987 590.026327
451.388269 -1400.425143 -1355.908181 270.111657 1330.703790 -242.727456 590.026422
451.353212 -1400.440954 -1355.895214 270.097776 1330.700246 -242.739515 590.026482
451.354582 -1400.441678 -1355.887476 270.120708 1330.700945 -242.731370 590.026572
451.366213 -1400.378084 -1355.935280 270.115093 1330.699961 -242.732925 590.026666
451.375251 -1400.465491 -1355.893449 270.118949 1330.699877 -242.727628 590.026739
451.369425 -1400.406390 -1355.914976 270.102747 1330.700970 -242.721709 590.026800
-15152845030.999033 -9975684289.176861 6693183878.670992 5737619328.194234 -801426831.632060 -3677589222.981966 590.026881
451.410301 -1400.434279 -1355.950850 270.098211 1330.698135 -242.726911 590.026947
451.420585 -1400.538765 -1355.861806 270.098815 1330.707679 -242.714926 590.026945
451.361303 -1400.360382 -1356.009124 270.107688 1330.702406 -242.735471 590.026970
451.413159 -1400.309193 -1356.041183 270.082863 1330.703172 -242.737334 590.026955
-15152450995.214432 -9975605775.788942 6693459157.663725 5737387241.451825 -801340824.618281 -3677463197.642895 590.026916
451.335491 -1400.389001 -1356.029499 270.154908 1330.700854 -242.740302 590.026943
-15152604704.942675 -9975504030.284504 6693070321.936045 5737452382.035432 -801380149.658171 -3677564119.611760 590.026884
451.430040 -1400.512627 -1355.882953 270.107155 1330.705234 -242.723431 590.026838
-15152200950.794731 -9975721305.426922 6693986683.330253 5737231918.819912 -801261123.957728 -3677335088.206292 590.026849
451.402857 -1400.453289 -1355.942068 270.128218 1330.694494 -242.728123 590.026824
-15153173756.650970 -9975517131.042036 6692527820.420093 5737852712.988759 -801542511.157123 -3677729696.813673 590.026821
451.377345 -1400.436419 -1355.954859 270.135515 1330.709222 -242.722081 590.026825
451.401705 -1400.399208 -1355.978349 270.137253 1330.695841 -242.735204 590.026809
451.403096 -1400.505291 -1355.901578 270.150958 1330.707126 -242.726503 590.026792
451.373168 -1400.528196 -1355.905500 270.145374 1330.699409 -242.724521 590.026784
451.370713 -1400.362133 -1356.033788 270.150185 1330.697515 -242.739037 590.026779
-15152499524.625195 -9975541675.710470 6693321294.832977 5737416870.476250 -801358336.602597 -3677488004.793046 590.026722
-15152667042.769873 -9975706188.338350 6693515105.707638 5737540982.312613 -801387557.158077 -3677481839.661717 590.026692
451.362182 -1400.465510 -1355.974263 270.132289 1330.695910 -242.727487 590.026661
-15152944840.222084 -9975425198.741772 6692593775.956990 5737699676.616861 -801490723.208197 -3677676830.142479 590.026621
451.404991 -1400.450468 -1355.973590 270.138852 1330.706510 -242.726078 590.026596
451.391560 -1400.458823 -1355.934092 270.141062 1330.704163 -242.740285 590.026535
-15152243997.018339 -9975480342.816376 6693463742.523802 5737209022.130034 -801279828.122188 -3677437930.507437 590.026526
451.399037 -1400.454508 -1355.942141 270.127219 1330.690969 -242.721371 590.026509
451.374460 -1400.472491 -1355.949361 270.111316 1330.695497 -242.725344 590.026514
451.378310 -1400.394783 -1355.956226 270.123155 1330.701399 -242.727841 590.026501
451.392594 -1400.476390 -1355.921193 270.111073 1330.695212 -242.723340 590.026524
-15152847185.701473 -9975574758.136940 6693033165.183475 5737625293.744296 -801439168.173728 -3677599725.264406 590.026540
451.387832 -1400.490227 -1355.931709 270.134585 1330.697194 -242.730697 590.026538
451.397502 -1400.471849 -1355.926384 270.121846 1330.704071 -242.728755 590.026522
451.379014 -1400.433194 -1355.975948 270.108720 1330.690813 -242.733325 590.026517
451.395331 -1400.540603 -1355.847615 270.140790 1330.701740 -242.709717 590.026501
-15152494440.194445 -9975558922.114517 6693327045.937004 5737399782.038970 -801350746.002434 -3677492806.887327 590.026556
451.392018 -1400.456921 -1355.909964 270.110095 1330.705618 -242.730940 590.026565
451.376270 -1400.575107 -1355.828787 270.140573 1330.703860 -242.712421 590.026596
451.331846 -1400.357091 -1356.037453 270.136730 1330.701597 -242.740074 590.026655
451.409895 -1400.448034 -1355.935679 270.104386 1330.703859 -242.739427 590.026611
451.389870 -1400.555643 -1355.856249 270.150353 1330.701840 -242.710000 590.026607
451.334202 -1400.301076 -1356.061790 270.122646 1330.692475 -242.747604 590.026637
451.410495 -1400.519852 -1355.850997 270.116268 1330.702758 -242.715936 590.026615
-15152823605.040087 -9975468465.315823 6692751572.905409 5737580511.504800 -801436655.437447 -3677655626.865494 590.026676
451.337224 -1400.283285 -1356.042684 270.113545 1330.699135 -242.759185 590.026746
451.399350 -1400.505764 -1355.872034 270.111799 1330.690874 -242.724987 590.026751
451.370132 -1400.496995 -1355.870430 270.119698 1330.695594 -242.725326 590.026814
451.338363 -1400.387475 -1355.977183 270.121971 1330.689203 -242.741585 590.026889
451.407978 -1400.475897 -1355.877977 270.108476 1330.703338 -242.722901 590.026921
-15152319694.314556 -9975540465.016523 6693379904.031953 5737244760.737289 -801289496.761140 -3677480539.246500 590.026977
451.384092 -1400.504108 -1355.883277 270.107604 1330.701832 -242.729020 590.027039
451.346754 -1400.308398 -1355.976683 270.127405 1330.700331 -242.738498 590.027079
451.412528 -1400.515539 -1355.895627 270.105685 1330.699073 -242.736304 590.027149
451.420976 -1400.527772 -1355.846747 270.140385 1330.697678 -242.720576 590.027154
451.347899 -1400.401924 -1355.958905 270.123798 1330.697128 -242.748801 590.027208
451.341629 -1400.339554 -1356.018410 270.122124 1330.689329 -242.755514 590.027234
451.440411 -1400.571060 -1355.794284 270.127191 1330.696044 -242.719092 590.027240
451.367341 -1400.563252 -1355.897395 270.135456 1330.692398 -242.738545 590.027331
451.362089 -1400.410371 -1355.935489 270.117351 1330.691982 -242.739713 590.027319
451.405946 -1400.493923 -1355.856160 270.098289 1330.697903 -242.731559 590.027375
451.402382 -1400.535715 -1355.841516 270.151188 1330.699250 -242.730684 590.027454
451.360728 -1400.482798 -1355.895864 270.145306 1330.685097 -242.734630 590.027511
451.401526 -1400.468114 -1355.912973 270.125971 1330.689958 -242.726399 590.027571
451.412264 -1400.526779 -1355.852249 270.100811 1330.692830 -242.734469 590.027599
451.366719 -1400.481041 -1355.858821 270.161799 1330.699970 -242.730449 590.027661
451.386436 -1400.428090 -1355.930186 270.118257 1330.700112 -242.733318 590.027746
451.416229 -1400.512311 -1355.853458 270.125727 1330.700899 -242.733549 590.027773
-15152348320.825848 -9975782476.536251 6693529042.002004 5737248858.792263 -801269910.549571 -3677497302.434548 590.027825
-15152340349.123512 -9975788508.095400 6693515255.801231 5737237226.768526 -801265835.217657 -3677502816.457926 590.027850
-15152342971.944893 -9975785576.423267 6693518933.008639 5737241879.401900 -801267342.420118 -3677500636.897173 590.027868
-15152350694.926714 -9975795366.984135 6693513449.478994 5737251061.468285 -801271124.570067 -3677502237.240003 590.027876
-15152337373.834185 -9975806219.358986 6693487699.569901 5737232075.289323 -801264644.204747 -3677512970.491462 590.027937
451.411437 -1400.445825 -1355.900543 270.119121 1330.706562 -242.725344 590.027959
451.393540 -1400.432612 -1355.948511 270.092347 1330.700461 -242.738838 590.027992
451.368553 -1400.542430 -1355.802098 270.148863 1330.698044 -242.719466 590.027991
451.361649 -1400.473998 -1355.927379 270.127667 1330.694522 -242.728174 590.028113
451.421504 -1400.506651 -1355.880148 270.103258 1330.693678 -242.720549 590.028125
451.380453 -1400.456487 -1355.921025 270.113000 1330.709166 -242.726546 590.028158
451.371323 -1400.423031 -1355.923957 270.131804 1330.703775 -242.736235 590.028167
451.404663 -1400.557240 -1355.866214 270.113199 1330.701059 -242.725224 590.028202
451.379563 -1400.520200 -1355.875184 270.142665 1330.705259 -242.724872 590.028211
451.385089 -1400.382007 -1355.990847 270.129544 1330.700544 -242.741968 590.028234
451.414074 -1400.482850 -1355.874471 270.101570 1330.709859 -242.721531 590.028205
451.370795 -1400.508890 -1355.891072 270.139662 1330.699355 -242.719660 590.028244
451.364715 -1400.387166 -1355.981916 270.155581 1330.706171 -242.729345 590.028268
451.355247 -1400.333168 -1356.038339 270.135291 1330.698609 -242.741955 590.028245
451.431817 -1400.561806 -1355.853313 270.106220 1330.710519 -242.722621 590.028204
451.371252 -1400.569758 -1355.854836 270.135306 1330.701336 -242.717897 590.028204
451.378289 -1400.392433 -1355.989413 270.121266 1330.701487 -242.744521 590.028230
-15152222787.671419 -9975932360.062527 6693749310.715068 5737166626.428080 -801226824.894064 -3677461349.206981 590.028198
451.374415 -1400.411452 -1355.962100 270.116572 1330.703729 -242.731375 590.028240
451.385625 -1400.451895 -1355.915710 270.106302 1330.703289 -242.738159 590.028234
451.361127 -1400.469402 -1355.929507 270.119405 1330.707839 -242.734856 590.028257
-15152704013.301357 -9975624562.529713 6692534059.493511 5737454512.569249 -801387084.167809 -3677739846.201701 590.028252
451.384739 -1400.464848 -1355.938242 270.116109 1330.701356 -242.724071 590.028260
451.399430 -1400.467926 -1355.934551 270.110598 1330.699449 -242.720425 590.028247
451.385946 -1400.448804 -1355.926884 270.116008 1330.705122 -242.732012 590.028235
451.392336 -1400.410452 -1355.948779 270.121057 1330.707342 -242.735942 590.028241
451.383668 -1400.418083 -1355.946096 270.112248 1330.717216 -242.733950 590.028239
451.394245 -1400.434884 -1355.935797 270.127940 1330.709837 -242.735318 590.028228
-15152160493.651075 -9975826312.427956 6693595949.337942 5737145083.508741 -801232030.048340 -3677462238.201237 590.028220
451.330836 -1400.292990 -1356.064192 270.115004 1330.701565 -242.756409 590.028250
451.440506 -1400.605685 -1355.838927 270.103301 1330.700153 -242.722252 590.028213
451.373782 -1400.493528 -1355.887816 270.134970 1330.695603 -242.725576 590.028210
451.318115 -1400.270011 -1356.099927 270.127157 1330.691802 -242.762667 590.028252
451.448356 -1400.549747 -1355.834519 270.111784 1330.699687 -242.713009 590.028198
451.442371 -1400.602522 -1355.809119 270.113501 1330.704669 -242.707185 590.028241
451.315376 -1400.301752 -1356.082980 270.120261 1330.698848 -242.761555 590.028274
451.416227 -1400.546201 -1355.828570 270.126126 1330.703552 -242.718358 590.028213
451.390517 -1400.552069 -1355.882651 270.136569 1330.701405 -242.733514 590.028271
451.358152 -1400.388687 -1356.007908 270.129904 1330.701924 -242.743911 590.028259
451.403779 -1400.447997 -1355.926522 270.101477 1330.697277 -242.732267 590.028212
451.405214 -1400.510581 -1355.893535 270.124158 1330.698139 -242.733504 590.028226
451.365877 -1400.397185 -1355.956474 270.126279 1330.709369 -242.740279 590.028230
451.401274 -1400.424113 -1355.926846 270.117346 1330.721794 -242.728703 590.028236
451.398990 -1400.499099 -1355.913391 270.099955 1330.702124 -242.718460 590.028232
451.370171 -1400.412764 -1355.981931 270.110384 1330.700330 -242.747006 590.028224
-15151876948.897923 -9975935166.882504 6694175288.230428 5736952299.076822 -801134319.335587 -3677321077.406910 590.028195
451.372239 -1400.416766 -1355.954517 270.111383 1330.706345 -242.728386 590.028202
-15152099273.520927 -9975804046.803457 6693631352.770071 5737068855.529533 -801200269.655613 -3677456066.719741 590.028201
451.400023 -1400.589339 -1355.845373 270.128135 1330.699074 -242.724370 590.028168
451.357765 -1400.365700 -1356.029668 270.123453 1330.695335 -242.743273 590.028182
-15152457795.096678 -9975697191.546131 6693030706.672885 5737278305.693851 -801299489.837575 -3677616869.216085 590.028134
451.392215 -1400.488840 -1355.912623 270.126446 1330.698255 -242.731012 590.028137
451.368209 -1400.480324 -1355.924261 270.162553 1330.697689 -242.721226 590.028138
451.377376 -1400.421863 -1355.983569 270.136111 1330.700276 -242.737077 590.028135
-15152333270.350918 -9975723288.259756 6693243347.474908 5737200807.801321 -801262755.763967 -3677559486.756740 590.028091
-15152333713.725342 -9975728020.868895 6693238127.880356 5737200891.770589 -801262979.872986 -3677562005.497351 590.028085
-15152336041.248728 -9975718556.528149 6693252412.601212 5737205015.906564 -801264026.966944 -3677556459.017388 590.028056
451.402603 -1400.501198 -1355.895412 270.145436 1330.703343 -242.715141 590.028076
451.377778 -1400.350209 -1356.012331 270.124565 1330.707533 -242.741188 590.028078
451.387647 -1400.406635 -1355.938798 270.143108 1330.698652 -242.730828 590.028039
-9705904971.775560 -7861276381.762156 -9474677856.149321 5685150999.105686 -3131872379.248884 985148488.847919 590.028063
451.340992 -1400.391190 -1356.011308 270.129713 1330.698085 -242.737348 590.028083
451.408690 -1400.409318 -1355.945271 270.106729 1330.701854 -242.734775 590.028044
451.404409 -1400.545160 -1355.843961 270.129936 1330.701718 -242.725175 590.028051
-15152002300.963303 -9975788950.379637 6693750559.482770 5737022358.592674 -801180760.272704 -3677409945.076706 590.028095
451.382485 -1400.484333 -1355.887305 270.129833 1330.702213 -242.724885 590.028095
451.382946 -1400.397286 -1355.952955 270.123353 1330.702919 -242.734959 590.028134
451.347657 -1400.310982 -1356.035207 270.131989 1330.703261 -242.745559 590.028145
451.437847 -1400.530488 -1355.883858 270.077716 1330.704021 -242.727204 590.028121
451.363915 -1400.529700 -1355.885608 270.146360 1330.706580 -242.719314 590.028113
451.326935 -1400.341071 -1356.037130 270.154915 1330.700475 -242.741166 590.028121
451.444064 -1400.553637 -1355.824767 270.111140 1330.708850 -242.716141 590.028082
451.381926 -1400.440009 -1355.962635 270.117582 1330.704171 -242.729543 590.028122
451.369010 -1400.357377 -1355.992449 270.120520 1330.703270 -242.739389 590.028090
451.426440 -1400.561263 -1355.848538 270.116887 1330.718381 -242.722709 590.028084
-15151764998.349794 -9975764831.347286 6693940663.093680 5736831196.411642 -801104498.286192 -3677357221.435071 590.028079
451.365051 -1400.406194 -1355.975673 270.113180 1330.701961 -242.735627 590.028027
451.414567 -1400.520029 -1355.876894 270.124873 1330.711953 -242.725705 590.028014
451.364841 -1400.426416 -1355.950316 270.123905 1330.703974 -242.734913 590.028013
-15151844072.954874 -9975873791.353861 6694121726.134197 5736906065.131896 -801120787.556179 -3677331007.172310 590.028014
-15151843131.670378 -9975871753.402357 6694122633.675739 5736905299.611155 -801120418.690139 -3677330696.716296 590.028024
451.367927 -1400.366411 -1355.984483 270.131537 1330.706845 -242.737599 590.028072
451.376490 -1400.396095 -1355.972046 270.134942 1330.705949 -242.734252 590.028063
451.414834 -1400.602493 -1355.816340 270.126987 1330.700937 -242.715926 590.028047
451.356443 -1400.448219 -1355.966250 270.138465 1330.704620 -242.739550 590.028084
451.366923 -1400.401009 -1355.986617 270.128930 1330.693794 -242.745463 590.028045
-15152451986.623137 -9975685462.908108 6693052421.844864 5737269226.154564 -801294711.520404 -3677614333.467796 590.028025
-15152447468.637383 -9975695223.861898 6693034804.056848 5737262561.808281 -801292648.330293 -3677621667.611286 590.028075
451.384049 -1400.440333 -1355.931367 270.117507 1330.699562 -242.730690 590.028039
451.399742 -1400.488379 -1355.875968 270.139303 1330.699734 -242.730785 590.028055
451.352562 -1400.437248 -1355.947869 270.127922 1330.701941 -242.736191 590.028097
451.376307 -1400.410524 -1355.942558 270.121798 1330.707348 -242.728254 590.028100
451.384042 -1400.504757 -1355.887246 270.105984 1330.713668 -242.723773 590.028115
-15152416837.707769 -9975747096.376682 6693186709.192636 5737247019.708853 -801278886.985507 -3677591916.335999 590.028128
451.388003 -1400.412459 -1355.974046 270.116944 1330.704223 -242.748681 590.028121
451.388620 -1400.540774 -1355.833508 270.139370 1330.708011 -242.723615 590.028087
451.331520 -1400.443178 -1355.979837 270.141297 1330.693706 -242.744828 590.028144
451.391389 -1400.449779 -1355.965634 270.134532 1330.699351 -242.746300 590.028115
451.402047 -1400.457615 -1355.923373 270.122437 1330.692794 -242.727738 590.028066
451.332189 -1400.442248 -1355.935012 270.152039 1330.692045 -242.729011 590.028079
451.360254 -1400.497673 -1355.880988 270.159398 1330.699714 -242.721567 590.028115
451.400342 -1400.394490 -1355.964132 270.129255 1330.698228 -242.732226 590.028159
451.392417 -1400.456411 -1355.939828 270.130847 1330.701104 -242.736332 590.028155
451.377258 -1400.460037 -1355.906901 270.139806 1330.704486 -242.730278 590.028136
451.397213 -1400.443920 -1355.935658 270.101865 1330.702595 -242.731720 590.028161
451.403802 -1400.444601 -1355.940085 270.116363 1330.705532 -242.733734 590.028160
451.385004 -1400.479450 -1355.922401 270.123578 1330.708712 -242.734775 590.028142
451.377713 -1400.466229 -1355.954176 270.131389 1330.702690 -242.715423 590.028125
-15152604883.274042 -9975755651.234772 6693057891.402288 5737366103.366858 -801323005.199636 -3677641868.202975 590.028088
451.371515 -1400.495580 -1355.900495 270.132859 1330.698505 -242.726573 590.028060
451.381921 -1400.472458 -1355.942899 270.091741 1330.704667 -242.726505 590.028080
451.394077 -1400.403508 -1355.978237 270.116925 1330.712856 -242.745720 590.028056
451.416982 -1400.488708 -1355.888232 270.141088 1330.708689 -242.724782 590.028009
-15152407120.071806 -9975902199.032837 6693599818.389641 5737271182.352195 -801265553.327944 -3677508606.758229 590.028014
451.392483 -1400.389492 -1355.983464 270.100100 1330.704234 -242.738987 590.027990
451.392344 -1400.552167 -1355.845110 270.130396 1330.708193 -242.720407 590.027964
451.366135 -1400.458289 -1355.931328 270.139608 1330.707695 -242.741912 590.027997
451.382191 -1400.426066 -1355.994040 270.121762 1330.708059 -242.740865 590.027988
-15152266483.834929 -9975716932.695848 6693356526.143653 5737128185.126486 -801229156.362183 -3677538771.637236 590.027915
451.357582 -1400.453420 -1355.970121 270.120414 1330.720063 -242.723220 590.027905
451.377862 -1400.406272 -1355.967197 270.125908 1330.709148 -242.728865 590.027843
451.428882 -1400.523417 -1355.882539 270.095612 1330.712677 -242.720529 590.027823
451.382917 -1400.455664 -1355.942056 270.120311 1330.709972 -242.722695 590.027811
451.389618 -1400.388075 -1355.983898 270.120697 1330.713364 -242.723837 590.027787
-15152426045.517069 -9975749420.283047 6693268159.801090 5737267532.212884 -801285224.032540 -3677564518.327195 590.027748
451.356222 -1400.455320 -1355.939256 270.129011 1330.698408 -242.732533 590.027753
451.391025 -1400.441072 -1355.927961 270.125160 1330.704151 -242.726348 590.027758
451.391125 -1400.439822 -1355.927710 270.125152 1330.703736 -242.726383 590.027766
-15151919222.016874 -9975827097.058687 6693955581.553066 5736939256.543370 -801140731.862250 -3677372984.272755 590.027777
451.391253 -1400.437844 -1355.927350 270.124826 1330.703000 -242.726605 590.027789
451.391281 -1400.437117 -1355.927242 270.124506 1330.702679 -242.726795 590.027802
451.391284 -1400.436567 -1355.927182 270.124080 1330.702390 -242.727036 590.027817
451.391261 -1400.436192 -1355.927170 270.123548 1330.702132 -242.727330 590.027833
-15151892283.498270 -9975776930.806101 6693855789.786123 5736898255.424351 -801130282.426122 -3677397741.886208 590.027850
451.391138 -1400.435973 -1355.927289 270.122158 1330.701710 -242.728079 590.027866
451.391037 -1400.436130 -1355.927421 270.121300 1330.701545 -242.728533 590.027883
451.390908 -1400.436464 -1355.927600 270.120330 1330.701410 -242.729042 590.027900
-15152221180.599129 -9975745772.702526 6693425953.405624 5737138058.596727 -801234604.243235 -3677511226.304065 590.027918
451.390568 -1400.437670 -1355.928103 270.118056 1330.701233 -242.730225 590.027934
451.390355 -1400.438543 -1355.928426 270.116748 1330.701190 -242.730899 590.027950
451.390113 -1400.439595 -1355.928797 270.115327 1330.701177 -242.731629 590.027965
-15152214039.873838 -9975747505.592737 6693428572.576986 5737138620.811204 -801234826.182168 -3677508445.001304 590.027979
451.389541 -1400.442242 -1355.929682 270.112136 1330.701241 -242.733258 590.027993
451.389210 -1400.443838 -1355.930197 270.110365 1330.701318 -242.734158 590.028005
451.388848 -1400.445616 -1355.930759 270.108475 1330.701424 -242.735116 590.028015
-15152214361.697817 -9975750969.719032 6693431275.301214 5737141009.302396 -801235267.748627 -3677506427.696975 590.028022
451.388030 -1400.449721 -1355.932028 270.104337 1330.701725 -242.737204 590.028029
451.387574 -1400.452048 -1355.932734 270.102087 1330.701919 -242.738336 590.028033
-15152218461.298069 -9975754148.242477 6693434309.515927 5737141561.420805 -801234736.763415 -3677505481.026655 590.028033
451.386563 -1400.457257 -1355.934291 270.097219 1330.702394 -242.740777 590.028034
451.386007 -1400.460140 -1355.935140 270.094599 1330.702675 -242.742087 590.028030
451.385909 -1400.451743 -1355.930735 270.121662 1330.703858 -242.731091 590.028022
