916.419776 -1295.837861 -1179.254722 -840.074091 1166.486360 -144.411217 515.116200
916.421303 -1295.841815 -1179.252422 -840.071785 1166.487146 -144.411058 515.116211
916.422782 -1295.845665 -1179.250197 -840.069562 1166.487910 -144.410899 515.116221
916.424212 -1295.849411 -1179.248049 -840.067423 1166.488650 -144.410741 515.116232
916.425593 -1295.853051 -1179.245978 -840.065367 1166.489367 -144.410584 515.116242
916.426924 -1295.856585 -1179.243985 -840.063395 1166.490060 -144.410428 515.116251
916.428204 -1295.860013 -1179.242071 -840.061509 1166.490729 -144.410272 515.116261
19186643923.507202 -8648541018.244047 8812730095.475163 -11837965220.993141 5858729704.769134 -2689528287.397196 515.116270
916.430610 -1295.866547 -1179.238484 -840.057992 1166.491994 -144.409963 515.116278
916.431735 -1295.869652 -1179.236813 -840.056363 1166.492589 -144.409810 515.116287
916.432807 -1295.872649 -1179.235225 -840.054821 1166.493159 -144.409658 515.116295
916.433825 -1295.875536 -1179.233720 -840.053367 1166.493703 -144.409507 515.116302
916.434789 -1295.878314 -1179.232299 -840.052001 1166.494221 -144.409356 515.116309
19186690859.983543 -8648631111.697935 8812769948.627508 -11837982782.990393 5858740720.663965 -2689518612.298362 515.116315
916.436551 -1295.883538 -1179.229716 -840.049535 1166.495180 -144.409058 515.116322
916.437348 -1295.885984 -1179.228554 -840.048437 1166.495619 -144.408910 515.116328
916.438088 -1295.888317 -1179.227481 -840.047428 1166.496031 -144.408763 515.116334
916.438772 -1295.890539 -1179.226497 -840.046511 1166.496415 -144.408617 515.116339
916.439397 -1295.892647 -1179.225602 -840.045685 1166.496772 -144.408472 515.116343
19186710645.893185 -8648701800.972290 8812800892.980186 -11837985935.603769 5858745617.512400 -2689510874.395520 515.116350
916.440471 -1295.896523 -1179.224087 -840.044309 1166.497402 -144.408185 515.116351
916.440918 -1295.898289 -1179.223468 -840.043761 1166.497674 -144.408043 515.116355
916.441306 -1295.899941 -1179.222942 -840.043306 1166.497918 -144.407902 515.116357
916.441632 -1295.901477 -1179.222511 -840.042945 1166.498132 -144.407762 515.116360
19186714716.136211 -8648736296.549488 8812817307.909685 -11837983687.319986 5858747204.949789 -2689508492.672123 515.116362
916.449879 -1295.988830 -1179.227121 -840.010356 1166.491919 -144.399095 515.116363
916.434190 -1295.802443 -1179.250707 -840.063731 1166.493621 -144.409534 515.116339
916.446804 -1295.862877 -1179.227989 -840.085651 1166.509478 -144.401977 515.116356
916.439846 -1295.979839 -1179.217297 -840.011679 1166.499491 -144.397084 515.116338
916.446250 -1295.950962 -1179.216824 -840.052467 1166.488757 -144.413576 515.116327
916.438948 -1295.949147 -1179.216310 -840.041689 1166.507675 -144.409396 515.116314
19186706049.285530 -8648776188.594629 8812834364.177740 -11837976640.566984 5858748025.687313 -2689506564.651903 515.116296
916.431806 -1296.023175 -1179.211716 -840.026828 1166.499636 -144.414758 515.116345
916.442078 -1296.074976 -1179.200752 -840.055202 1166.490951 -144.394505 515.116319
916.426529 -1295.746160 -1179.222143 -840.061939 1166.504205 -144.405543 515.116274
916.439832 -1295.800362 -1179.237006 -840.002599 1166.498497 -144.399729 515.116336
916.446161 -1295.931413 -1179.218256 -840.047008 1166.491241 -144.408004 515.116383
916.450725 -1295.883620 -1179.208887 -840.090045 1166.508580 -144.414118 515.116378
916.431711 -1296.079608 -1179.207501 -840.009142 1166.493268 -144.397306 515.116364
916.448871 -1295.945295 -1179.211567 -840.068240 1166.496340 -144.405533 515.116334
916.434580 -1295.638130 -1179.265846 -840.080104 1166.491993 -144.414041 515.116314
916.417446 -1296.090586 -1179.222615 -839.969428 1166.495789 -144.408597 515.116377
916.437753 -1296.043505 -1179.214893 -840.062723 1166.495860 -144.399136 515.116352
916.435230 -1295.757087 -1179.253293 -840.055463 1166.495787 -144.415477 515.116301
916.425157 -1295.805143 -1179.252481 -840.025249 1166.492390 -144.414685 515.116334
916.437657 -1295.910775 -1179.233099 -840.089144 1166.495597 -144.400634 515.116370
916.430718 -1296.122104 -1179.201530 -840.032353 1166.494582 -144.389122 515.116346
916.431764 -1295.766994 -1179.241761 -840.005539 1166.487026 -144.414046 515.116295
916.438029 -1295.891579 -1179.237246 -840.061801 1166.496416 -144.412804 515.116365
19186028484.015553 -8649881853.741495 8813019237.887398 -11837478529.578726 5858592546.052988 -2689388112.304054 515.116355
916.427404 -1296.172063 -1179.218685 -840.033253 1166.504028 -144.392607 515.116370
916.441692 -1295.885445 -1179.226500 -840.044968 1166.490875 -144.396909 515.116277
916.413010 -1295.726165 -1179.256733 -840.046800 1166.496417 -144.428911 515.116288
916.420544 -1295.939928 -1179.244672 -839.987366 1166.495416 -144.409147 515.116347
916.430275 -1295.954098 -1179.231460 -840.117682 1166.487026 -144.421234 515.116353
916.420576 -1295.966937 -1179.237849 -840.029182 1166.502763 -144.407591 515.116312
916.435642 -1295.820949 -1179.238707 -839.999218 1166.491824 -144.402872 515.116289
916.423790 -1295.772059 -1179.264395 -840.076696 1166.498378 -144.429437 515.116336
916.443922 -1296.061036 -1179.217032 -840.038857 1166.497201 -144.413559 515.116349
916.436021 -1295.999432 -1179.238967 -840.033920 1166.502373 -144.405084 515.116292
916.424934 -1295.764426 -1179.245146 -840.062941 1166.485398 -144.411640 515.116243
916.424257 -1295.799925 -1179.238926 -840.040349 1166.496782 -144.415453 515.116294
916.439928 -1295.995886 -1179.213540 -840.017714 1166.499461 -144.411365 515.116335
916.432956 -1295.842160 -1179.248658 -840.075904 1166.497232 -144.401292 515.116317
916.444447 -1295.870988 -1179.233197 -840.012288 1166.479113 -144.397900 515.116313
19186227445.876842 -8649288979.989883 8812874085.432234 -11837654526.635780 5858637233.022019 -2689450223.585464 515.116345
916.452453 -1296.192036 -1179.192574 -840.036100 1166.500074 -144.391985 515.116401
916.425045 -1295.838542 -1179.224556 -840.070653 1166.497688 -144.402779 515.116309
916.423847 -1295.709053 -1179.250062 -840.024723 1166.499803 -144.430120 515.116335
19186858700.998589 -8648150113.267015 8812670843.624697 -11838120383.936918 5858778929.756537 -2689565350.541294 515.116404
916.437149 -1295.885071 -1179.231275 -840.101849 1166.499614 -144.419008 515.116388
916.438271 -1296.134667 -1179.208899 -839.970727 1166.498123 -144.406514 515.116366
916.447398 -1295.717231 -1179.236943 -840.054919 1166.497138 -144.412491 515.116318
916.438347 -1295.745949 -1179.254933 -840.060953 1166.494827 -144.423081 515.116372
916.430677 -1296.141593 -1179.235298 -840.018650 1166.487011 -144.407975 515.116404
916.451445 -1295.777685 -1179.233157 -840.067390 1166.491475 -144.414589 515.116325
916.440778 -1295.846677 -1179.221470 -840.065767 1166.492266 -144.409628 515.116356
916.429895 -1295.954631 -1179.206176 -840.016599 1166.504660 -144.410156 515.116377
916.428870 -1295.890610 -1179.234269 -840.011369 1166.499247 -144.393948 515.116385
916.435557 -1295.791350 -1179.260650 -840.089557 1166.497073 -144.429972 515.116403
916.420202 -1296.040012 -1179.212083 -839.993410 1166.500979 -144.396605 515.116399
916.419403 -1295.703318 -1179.261705 -840.045514 1166.496878 -144.415981 515.116388
916.435058 -1296.086050 -1179.197529 -840.012683 1166.492891 -144.390903 515.116450
916.431037 -1295.884209 -1179.227605 -840.035281 1166.498291 -144.394792 515.116423
916.423324 -1295.717773 -1179.257603 -840.034616 1166.504250 -144.416588 515.116439
916.445469 -1296.000628 -1179.224914 -840.063725 1166.495627 -144.403890 515.116493
916.420500 -1295.918451 -1179.224727 -840.066043 1166.492227 -144.417461 515.116445
19186561019.304703 -8648905285.344118 8812847927.924082 -11837886551.364033 5858714583.694012 -2689482909.035973 515.116448
916.420554 -1296.073672 -1179.231397 -840.010739 1166.494647 -144.412081 515.116482
916.455482 -1295.865249 -1179.235779 -840.109476 1166.500126 -144.420027 515.116437
916.423897 -1295.821063 -1179.254228 -840.035289 1166.491475 -144.410835 515.116402
916.429204 -1296.088996 -1179.212994 -840.002874 1166.495755 -144.416126 515.116429
916.456173 -1295.761845 -1179.238868 -840.069353 1166.484030 -144.400264 515.116391
916.423499 -1295.870810 -1179.219510 -840.030348 1166.495620 -144.407489 515.116426
916.434015 -1296.041360 -1179.208656 -840.035818 1166.485052 -144.401426 515.116463
916.433005 -1295.882856 -1179.210766 -840.105355 1166.495339 -144.415650 515.116442
916.427223 -1295.875153 -1179.233586 -840.016935 1166.502702 -144.411308 515.116445
916.434908 -1295.835934 -1179.230604 -840.058416 1166.492365 -144.415924 515.116463
916.455554 -1296.043089 -1179.227130 -840.081872 1166.503554 -144.392515 515.116487
916.414290 -1295.764389 -1179.236144 -840.028457 1166.484019 -144.398850 515.116399
916.419925 -1295.928765 -1179.231133 -839.996394 1166.492822 -144.401310 515.116482
916.439792 -1295.991224 -1179.206351 -840.055996 1166.495496 -144.405967 515.116504
916.439004 -1295.828019 -1179.227814 -840.057824 1166.501100 -144.421613 515.116483
916.430542 -1295.938658 -1179.220956 -840.046443 1166.490644 -144.397362 515.116501
916.438936 -1295.840497 -1179.228894 -840.106010 1166.492869 -144.404472 515.116503
916.434457 -1295.935641 -1179.238213 -840.022989 1166.497410 -144.400422 515.116505
916.436554 -1295.990350 -1179.213543 -840.064013 1166.486249 -144.411209 515.116493
916.443305 -1295.904150 -1179.230928 -840.090021 1166.503728 -144.411048 515.116473
916.436850 -1295.995528 -1179.206539 -840.025291 1166.485574 -144.399617 515.116440
916.429964 -1295.725359 -1179.253295 -840.082341 1166.497066 -144.401012 515.116440
916.438474 -1295.878740 -1179.204828 -840.031532 1166.492320 -144.406137 515.116479
916.449837 -1296.132056 -1179.197865 -840.016884 1166.504327 -144.393877 515.116518
916.446116 -1295.788416 -1179.242186 -840.071155 1166.507326 -144.404551 515.116449
916.431170 -1295.735213 -1179.274153 -840.058027 1166.489970 -144.414703 515.116456
916.442508 -1296.165084 -1179.183218 -839.997154 1166.496878 -144.390768 515.116485
916.449268 -1295.971136 -1179.218772 -840.130509 1166.504125 -144.416432 515.116437
916.428313 -1295.895621 -1179.237582 -840.041616 1166.507735 -144.404733 515.116367
19186426852.938320 -8649041968.903605 8812856275.099173 -11837785232.937155 5858685763.852505 -2689481316.043944 515.116359
916.436638 -1295.872555 -1179.247677 -840.027988 1166.493299 -144.425643 515.116444
916.440070 -1296.105412 -1179.207499 -840.029338 1166.498891 -144.405193 515.116447
916.426084 -1296.061619 -1179.204822 -840.035763 1166.498628 -144.404762 515.116386
916.446177 -1295.859156 -1179.238760 -839.992496 1166.488386 -144.397659 515.116353
916.444920 -1295.472078 -1179.275786 -840.106389 1166.482883 -144.419506 515.116383
916.425826 -1296.077771 -1179.223446 -840.012388 1166.493605 -144.410134 515.116494
916.452365 -1296.179050 -1179.195932 -840.033860 1166.503530 -144.389179 515.116451
19186818600.672947 -8647673915.698654 8812509760.061035 -11838134521.995134 5858771157.087212 -2689631026.315492 515.116357
916.409122 -1295.934958 -1179.245827 -840.002931 1166.503679 -144.402652 515.116445
916.418950 -1295.863752 -1179.228738 -840.034927 1166.509307 -144.398935 515.116447
916.439701 -1295.771224 -1179.258149 -840.064539 1166.500786 -144.424912 515.116468
916.423639 -1296.173756 -1179.213989 -840.033807 1166.496372 -144.412666 515.116478
916.432584 -1295.869478 -1179.225944 -840.030719 1166.500997 -144.404436 515.116396
916.427017 -1295.589641 -1179.277417 -840.097389 1166.504154 -144.428446 515.116416
916.428250 -1296.171807 -1179.202314 -840.026063 1166.497559 -144.392747 515.116475
916.428006 -1296.102332 -1179.216720 -840.039481 1166.497177 -144.401443 515.116405
916.453565 -1295.756814 -1179.232645 -840.117135 1166.492644 -144.423209 515.116344
19186480715.951214 -8648750021.255188 8812772677.351561 -11837843289.652271 5858694306.635332 -2689506110.507590 515.116358
916.413092 -1295.833708 -1179.248729 -840.000692 1166.485079 -144.425535 515.116380
916.447272 -1295.891739 -1179.220520 -840.114800 1166.498529 -144.419719 515.116432
19187453021.272865 -8646985294.621542 8812450156.691931 -11838564394.627499 5858914579.469860 -2689699579.601022 515.116407
916.426030 -1295.753507 -1179.223164 -840.044807 1166.492020 -144.414728 515.116393
916.422602 -1295.661176 -1179.246053 -840.021932 1166.490682 -144.416526 515.116468
916.430660 -1296.000282 -1179.227801 -840.039455 1166.493565 -144.413393 515.116573
916.439144 -1295.912907 -1179.218554 -840.073380 1166.492732 -144.407239 515.116543
916.425727 -1295.783446 -1179.238358 -840.093152 1166.497961 -144.427630 515.116537
916.433559 -1295.907777 -1179.233697 -840.061897 1166.486086 -144.409777 515.116561
19186860079.671947 -8648414895.208838 8812766813.603539 -11838090240.141565 5858778135.246771 -2689533680.730302 515.116557
916.439653 -1296.003893 -1179.219805 -840.026005 1166.489668 -144.409564 515.116584
916.431801 -1295.973068 -1179.230950 -840.033255 1166.490383 -144.414919 515.116562
916.439810 -1295.754258 -1179.257550 -840.061964 1166.488932 -144.427076 515.116545
916.419486 -1295.736972 -1179.234033 -840.020818 1166.487572 -144.434138 515.116574
916.433199 -1296.158846 -1179.195640 -840.035178 1166.512219 -144.418739 515.116663
19187183029.917362 -8647717347.562920 8812622157.563808 -11838341908.806538 5858848190.206630 -2689606060.640175 515.116579
916.443258 -1295.480280 -1179.287343 -840.090493 1166.494131 -144.446045 515.116606
19186356890.078609 -8649344409.392969 8812916870.760494 -11837702881.299463 5858650545.273215 -2689426553.239857 515.116701
916.470515 -1295.952238 -1179.230949 -840.195754 1166.497332 -144.416003 515.116611
916.468828 -1295.992497 -1179.205814 -840.149718 1166.486835 -144.415495 515.116502
19187335967.210224 -8647818850.916115 8812672902.113634 -11838409847.253006 5858879529.162746 -2689612870.073617 515.116430
916.425285 -1295.733990 -1179.247766 -840.072673 1166.497335 -144.415272 515.116450
916.404657 -1296.137935 -1179.206700 -839.941479 1166.474371 -144.411174 515.116496
916.424201 -1295.943181 -1179.215058 -839.994343 1166.498922 -144.402766 515.116506
916.417784 -1295.953118 -1179.208830 -839.949873 1166.489958 -144.411935 515.116529
19187900571.560169 -8646251848.022842 8812321118.300768 -11838881259.448200 5859005888.643656 -2689772847.456119 515.116584
916.416706 -1295.741434 -1179.255658 -840.026976 1166.492213 -144.418546 515.116631
916.444927 -1296.125387 -1179.213145 -840.007252 1166.491148 -144.400462 515.116696
916.420581 -1295.995680 -1179.205053 -840.038200 1166.494173 -144.398126 515.116635
19186879343.384953 -8648291411.258146 8812731438.894880 -11838115285.637074 5858777645.881511 -2689540909.106419 515.116638
916.406574 -1295.912554 -1179.235553 -839.935373 1166.492910 -144.395409 515.116717
916.427866 -1296.295613 -1179.198998 -839.989013 1166.487003 -144.366606 515.116776
916.447727 -1296.191628 -1179.193732 -840.022076 1166.489585 -144.364352 515.116687
916.471233 -1295.958942 -1179.220380 -840.354369 1166.494790 -144.367739 515.116614
916.481570 -1296.043938 -1179.217936 -840.237110 1166.490234 -144.366286 515.116454
916.473659 -1295.909617 -1179.224825 -840.125667 1166.480350 -144.370439 515.116306
19185770879.944839 -8649078604.340652 8812661825.418528 -11837380909.171211 5858526504.868120 -2689509497.842102 515.116266
916.371838 -1296.246219 -1179.210386 -839.796984 1166.493677 -144.374508 515.116255
916.380263 -1296.048117 -1179.215224 -839.799643 1166.491097 -144.289866 515.116284
916.356278 -1295.929457 -1179.226786 -839.784794 1166.478177 -144.187612 515.116392
19187116465.596600 -8647050786.420017 8812443717.457989 -11838389931.901897 5858875737.276835 -2689719167.477236 515.116580
916.356101 -1295.335759 -1179.409308 -839.694526 1166.435633 -144.694398 515.116784
916.248710 -1294.740358 -1179.566634 -839.541549 1166.403713 -144.739270 515.117074
916.174306 -1294.453633 -1179.623066 -840.582440 1166.312013 -145.976835 515.117629
19188132652.222095 -8649369912.627052 8813450788.872934 -11838863120.478306 5859025553.708383 -2689199603.487230 515.117847
916.009691 -1296.058345 -1179.351265 -848.822008 1166.376075 -150.690576 515.116351
916.129440 -1297.676817 -1179.243601 -854.121087 1166.394446 -151.699418 515.112720
19183919994.547546 -8652781687.071594 8811199726.984314 -11835495608.981770 5856848645.331479 -2688698349.323888 515.106575
916.628141 -1304.034964 -1178.390042 -862.939296 1166.467091 -149.849507 515.097656
917.022583 -1309.942238 -1178.239001 -865.606907 1166.462206 -148.253266 515.086903
917.153415 -1317.526238 -1178.346114 -867.988383 1166.443728 -148.258121 515.073350
19196283599.167225 -8629561472.050903 8801853597.287901 -11843606198.386795 5858848737.366029 -2695883561.047097 515.056503
916.723201 -1335.022978 -1178.540577 -872.281053 1166.437782 -154.358747 515.035963
916.621803 -1343.629269 -1178.580283 -871.160659 1166.412176 -161.488803 515.012237
916.432394 -1351.061377 -1178.520288 -869.414133 1166.397793 -169.585491 514.985771
916.187967 -1357.156896 -1178.486706 -868.972684 1166.385062 -175.035742 514.957145
19247069055.012634 -8677697104.662384 8825424054.996824 -11873162288.369850 5869283550.642353 -2694120886.862589 514.926629
915.827662 -1364.948907 -1177.701076 -862.197763 1166.355831 -181.770688 514.895807
915.725006 -1367.419914 -1177.211870 -857.249766 1166.396095 -183.006359 514.865434
19221749940.926216 -8718018291.960901 8826604691.287657 -11859840752.844370 5860823154.023941 -2693308800.037359 514.836237
916.002024 -1357.142060 -1174.930168 -841.927132 1166.553087 -175.363855 514.811106
915.847470 -1344.055977 -1173.179721 -834.084004 1166.933869 -164.060532 514.792307
915.371892 -1329.012150 -1172.729665 -827.071490 1166.753124 -150.259433 514.782886
915.124015 -1313.968866 -1172.817323 -819.721905 1166.639528 -136.014221 514.783622
914.781306 -1294.474725 -1173.914582 -810.860850 1166.469470 -116.533873 514.794956
914.440453 -1278.013188 -1175.512780 -800.257143 1166.290345 -97.215400 514.820311
914.311850 -1267.232059 -1177.283334 -786.339985 1166.168041 -78.353552 514.862590
914.123219 -1256.672352 -1179.658448 -769.505675 1166.178887 -56.869857 514.924318
913.832648 -1243.215579 -1182.018372 -750.951473 1166.166386 -31.943707 515.008236
914.043666 -1227.782295 -1184.276113 -729.827497 1166.268486 -8.805580 515.100243
912.797988 -1209.145586 -1186.975767 -706.940118 1166.250617 13.753921 515.285446
913.686415 -1190.430806 -1187.992508 -684.039384 1167.292805 39.718800 515.424549
19039847813.242092 -8842432723.702818 8896169142.860126 -11735982895.711298 5845177619.008516 -2635566837.294479 515.626630
913.584893 -1148.858004 -1189.797891 -632.541347 1169.693735 84.699598 515.862987
913.629725 -1125.908628 -1188.590823 -604.112364 1171.538872 107.663906 516.136581
913.281700 -1093.037246 -1194.521679 -543.697884 1170.940388 157.393396 516.454060
913.450822 -1071.192886 -1193.733099 -516.960668 1173.499884 178.246107 516.834906
913.542894 -1049.126118 -1194.328239 -488.303593 1176.106277 201.839152 517.252421
913.462368 -1027.025286 -1195.550984 -458.297855 1179.696743 228.085268 517.706642
19024977878.672649 -8721589047.384710 9046569661.368614 -11684582637.919306 5887938313.739429 -2480093181.203079 518.196654
910.212390 -985.683663 -1202.504222 -394.641936 1180.830159 289.949094 518.727039
913.536444 -962.737509 -1204.917644 -364.295392 1179.954736 323.336444 519.328668
909.054287 -945.101160 -1211.510290 -328.252171 1178.140513 358.796645 519.892517
905.417360 -926.341607 -1219.287068 -292.897936 1178.237057 391.113010 520.533669
900.005163 -907.500191 -1226.652439 -256.677676 1180.533188 421.081072 521.210258
893.060288 -888.736155 -1233.602289 -220.300206 1185.343900 447.502363 521.921624
885.726850 -871.451529 -1242.153439 -183.556926 1190.553683 475.465266 522.664844
878.046662 -855.853861 -1251.481481 -148.278611 1191.842737 506.067572 523.435346
880.595149 -835.533510 -1272.459949 -62.607381 1181.379811 553.917923 524.252458
18976625519.417709 -7672572932.722281 9154509267.910524 -11573539244.465548 5962072613.463049 -2085847034.674251 525.096182
865.679814 -817.354666 -1289.254365 -13.016815 1172.601966 614.489142 525.959781
881.530192 -826.827373 -1281.017724 25.128492 1170.330018 660.292253 526.858142
776.375268 -750.463083 -1353.026993 66.344947 1144.940724 669.027251 527.373562
18622260532.526791 -7201497574.326932 9125435409.839647 -11317641678.875465 5921034961.915817 -1882125401.397551 528.640140
840.991601 -809.732485 -1334.676710 71.637043 1143.030777 728.337958 529.553590
17545704500.280781 -7014924862.153275 8829253332.732349 -10635506633.212162 5645228312.688910 -1744930023.303077 530.469008
840.731283 -817.569607 -1358.994411 122.850778 1127.342925 761.375303 531.387274
845.328806 -823.418847 -1370.450765 156.500269 1120.147706 770.927325 532.304946
853.374600 -829.400977 -1381.829859 195.964635 1113.506539 774.655146 533.222155
866.105968 -835.777099 -1394.067222 242.442636 1107.545209 771.525962 534.137700
884.520174 -843.670220 -1407.410027 296.312887 1103.132993 762.353900 535.048363
17198677605.550900 -7001303154.206107 9158442082.608397 -10320008676.220619 5658560621.517172 -1410487567.716028 535.950276
934.622557 -863.269607 -1443.163249 432.079222 1102.949214 735.045699 536.834631
962.019006 -877.494867 -1464.642573 510.297155 1109.380243 718.286202 537.689955
1018.284293 -891.389448 -1488.149905 586.628437 1117.297799 702.956116 538.504999
1065.856430 -907.156664 -1513.847068 675.942010 1124.457769 689.222795 539.271078
17516839737.112591 -6569840830.681136 9529979319.691971 -10502564512.716484 5840667211.010005 -1104694862.261905 539.987299
1173.715713 -940.202174 -1563.844810 873.971762 1119.134922 651.917192 540.653967
1233.152225 -956.909873 -1589.388149 980.587415 1105.507159 635.914147 541.278885
1295.622864 -973.002012 -1614.108696 1092.695943 1091.516664 616.143497 541.864547
16220810786.401516 -6401539218.326018 9426607968.149801 -9693693254.847681 5476822855.981352 -669521433.031992 542.406812
1426.109718 -1004.433383 -1664.326107 1324.977484 1066.418289 566.118419 542.903575
1493.888543 -1019.472070 -1689.217624 1445.704450 1055.070405 529.589353 543.347307
1562.591173 -1033.023917 -1711.842730 1569.109736 1045.176545 489.163647 543.732957
1631.391278 -1044.002693 -1732.287863 1696.215741 1036.247567 444.871451 544.060411
15355727146.478670 -5826255720.256472 9476872464.162888 -9163234278.766468 5208601034.132059 -49917932.052815 544.325896
1769.034714 -1065.763253 -1762.300482 1955.486184 1021.891914 334.660126 544.529761
1835.716912 -1075.097330 -1772.225147 2113.961275 1016.289568 273.439274 544.670039
1899.659728 -1083.397103 -1778.141008 2218.424555 1011.513640 202.828109 544.746708
1959.368315 -1092.042069 -1782.062544 2350.461424 1008.180479 129.562114 544.761734
2013.082358 -1100.097936 -1783.864523 2477.053561 1005.804709 63.156539 544.710503
2060.020409 -1108.001661 -1783.476312 2598.145975 1004.273350 7.241422 544.591438
2100.355593 -1115.781400 -1781.093166 2713.800943 1002.554121 -45.922835 544.403622
13631571340.496923 -5267897206.226863 9944643657.694893 -7994245915.156196 4569347348.158119 1071423240.688101 544.151433
2157.153747 -1129.756514 -1769.723016 2936.409642 999.795105 -120.313980 543.839622
2156.590686 -1137.770656 -1771.240187 3108.463090 995.834828 -161.573407 543.611417
2173.876463 -1156.524288 -1751.938984 3147.608347 999.798060 -208.939047 543.076585
12303225167.226496 -5017334064.045104 10198780466.519241 -6933556852.946264 3989254282.202963 1701202192.407665 542.545651
2167.412659 -1173.834933 -1727.104370 3282.687394 999.827295 -249.908922 541.954765
2151.412526 -1181.976029 -1714.789228 3340.059175 998.247571 -269.152469 541.315758
292834306881.833984 -420758236877.468445 291260885066.660461 288146203519.865295 112747558670.582947 4393379487.003431 540.640138
1981.505843 -1140.511505 -1805.744667 3562.510982 962.321818 -347.860443 540.112316
2037.394384 -1202.766157 -1683.734656 3536.853486 997.627933 -351.298862 539.330377
1994.575327 -1207.874097 -1667.949655 3557.119186 1001.364755 -371.325696 538.518564
1947.079217 -1212.399099 -1650.970363 3571.070531 1004.001087 -388.322926 537.679521
8728368896.982309 -4689428594.192388 10796024451.768419 -3826088185.356530 2426110762.549491 2706624317.689310 536.826508
1842.467257 -1225.283036 -1617.841270 3584.683904 999.825222 -402.336408 535.966183
1883.437745 -1391.732391 -1509.930698 3678.477555 992.753212 -404.535556 535.092342
1686.622517 -1189.443290 -1643.231679 3606.385301 986.489664 -408.226352 534.227610
1665.444063 -1257.784841 -1548.528751 3474.005170 994.311685 -431.298732 533.204014
1602.070306 -1264.820927 -1530.472814 3436.000422 993.434281 -438.042652 532.349145
1536.880350 -1268.652262 -1511.960049 3394.424234 994.602149 -447.661244 531.520876
1473.121712 -1268.364265 -1493.469580 3351.290879 997.622834 -461.079065 530.718661
1412.876507 -1265.744568 -1476.938603 3303.233760 1002.810916 -474.904212 529.928890
1352.437548 -1259.839036 -1460.514504 3256.830436 1008.811354 -485.082680 529.179053
1294.016440 -1252.321016 -1444.321269 3209.969264 1015.076116 -491.787718 528.460089
1237.524231 -1243.077560 -1430.404287 3168.007446 1023.298180 -495.186081 527.785459
1182.986954 -1231.397675 -1417.126105 3097.825552 1028.926031 -493.184678 527.143805
1129.454260 -1221.857584 -1407.785057 3282.446667 1076.161317 -510.764575 526.537446
1078.498510 -1214.434797 -1402.185294 3045.216093 1055.306712 -481.567527 525.955226
1026.568991 -1209.358271 -1400.725289 3002.281955 1068.924749 -469.687258 525.405236
979.271948 -1204.738154 -1402.146656 2955.966493 1082.823131 -456.721503 524.873378
937.960121 -1200.570635 -1405.484746 2907.481954 1095.698487 -442.598824 524.359933
5495047832.223471 -2087754834.639462 11189937018.006800 -1279524890.888668 1293765155.642589 3176555379.874792 523.883434
848.066938 -1193.034094 -1409.882092 2799.683037 1100.633823 -409.973461 523.437083
803.346953 -1190.356902 -1411.126318 2741.697134 1092.214503 -394.046265 523.037218
755.441875 -1188.752181 -1410.818206 2681.043646 1078.116547 -382.996591 522.703285
707.271611 -1188.561017 -1411.082275 2616.424293 1064.321524 -376.534423 522.428303
658.076559 -1188.912934 -1412.327897 2552.101598 1057.109370 -374.780107 522.222537
607.904207 -1189.417225 -1412.997831 2484.895689 1056.470009 -377.715037 522.073198
556.611282 -1204.157677 -1433.054800 2487.055358 1069.637349 -366.321214 521.520120
1131894108.410089 -2539818269.280846 11249448602.264502 2404506124.147781 -196331515.113578 2667805304.054118 522.478679
450.171213 -1197.848668 -1413.541355 2270.154454 1058.513872 -391.417305 521.975921
394.769612 -1204.538575 -1411.496739 2194.556304 1058.841518 -396.522524 522.067526
339.181399 -1214.234267 -1408.007332 2119.960905 1058.408005 -402.373075 522.225873
281.670338 -1229.683027 -1403.765235 2043.134180 1058.890326 -406.678869 522.452077
221.916506 -1248.465562 -1399.303264 1965.146091 1060.479942 -408.198913 522.749212
159.633491 -1268.885200 -1395.466416 1887.146286 1062.272555 -405.358437 523.121214
97.106778 -1291.303064 -1392.369424 1807.810403 1063.587039 -396.489673 523.554819
33.573717 -1316.806450 -1389.850905 1723.248628 1064.359180 -380.041816 524.044139
-31.295830 -1342.953090 -1386.557206 1636.124031 1063.813004 -362.031423 524.598803
-95.934740 -1370.369991 -1382.383836 1552.021007 1063.580966 -346.380414 525.227428
-159.857231 -1400.969583 -1378.611389 1471.304470 1064.290298 -331.273370 525.926831
-224.508517 -1435.624693 -1375.780549 1396.969501 1065.478503 -316.879943 526.706297
-288.228741 -1473.827022 -1373.964228 1322.441897 1065.870277 -304.742363 527.539269
-350.723646 -1513.457472 -1374.803934 1248.049280 1065.905252 -299.261120 528.424287
-387.428894 -1549.617212 -1371.923514 1048.356045 1071.231611 -277.872786 528.951070
-441.371394 -1587.563648 -1373.487011 959.758980 1073.403682 -275.108597 529.881343
-493.434174 -1623.110267 -1376.143974 873.754949 1078.948656 -275.089022 530.847442
-542.735418 -1656.687123 -1378.993492 796.334615 1087.454469 -274.393821 531.846765
-588.204515 -1686.862312 -1380.331671 726.147649 1100.283466 -274.327631 532.863159
-632.130130 -1713.376170 -1379.651205 678.257494 1116.430246 -271.535330 533.890590
-650.749057 -1733.108360 -1371.270140 559.762822 1137.356870 -245.858193 534.586917
-6792130510.423689 -3802905646.727673 9497556395.558851 7593417996.440149 -2138391732.240420 535420149.416940 535.607287
-714.762749 -1768.989767 -1364.442819 448.936678 1174.048590 -234.342566 536.638986
-742.437847 -1783.211720 -1358.828587 397.087249 1188.059000 -229.624389 537.676002
-766.965128 -1794.640166 -1352.551507 345.896253 1201.696191 -228.362534 538.720607
-787.619270 -1802.283164 -1345.632264 293.418905 1214.555798 -231.154779 539.763601
-805.031243 -1807.186776 -1338.818744 243.880852 1224.225699 -236.814591 540.820885
-819.236279 -1811.130644 -1331.969415 193.884963 1230.586833 -241.196252 541.881676
-10512262929.477886 -5084801466.179226 8861676390.310076 8788733468.937540 -2475656972.099280 -875812993.345935 542.936410
-835.543038 -1812.780522 -1317.209536 90.463285 1242.240398 -246.804506 544.004140
-838.780966 -1808.629180 -1307.972158 39.508503 1250.715247 -252.011184 545.075783
-841.104123 -1801.865261 -1296.263739 -11.759513 1265.986651 -259.299330 546.157902
-843.280434 -1792.076143 -1282.232730 -60.889507 1286.778129 -267.782123 547.255594
-843.640111 -1779.107232 -1266.007611 -110.869916 1311.258366 -276.999545 548.354469
-843.533766 -1765.544380 -1248.750712 -160.475030 1341.190989 -284.556362 549.461394
-843.691472 -1751.327843 -1230.970831 -210.082968 1374.947755 -289.469586 550.573482
-842.883954 -1736.246219 -1213.311745 -260.051488 1407.331931 -293.180267 551.685090
-856.923956 -1690.402307 -1219.295450 -349.820461 1437.469197 -309.051595 554.704546
-844.157631 -1704.562296 -1146.796013 -341.801604 1460.126976 -297.149167 553.790501
-836.451867 -1677.490270 -1160.185734 -402.197424 1491.555617 -314.030853 555.052212
-832.042263 -1660.859810 -1144.783778 -445.383510 1515.166823 -319.358957 556.186462
-825.508757 -1646.835376 -1131.050921 -483.915567 1536.011306 -323.629791 557.323516
-815.647574 -1636.310922 -1118.505194 -516.823099 1553.999816 -331.246867 558.457380
-804.901106 -1632.196026 -1106.788814 -545.783658 1567.690449 -344.934465 559.584583
-792.013552 -1631.860978 -1095.544042 -571.638875 1578.274148 -359.628443 560.697507
-775.288256 -1632.166284 -1085.394119 -592.597440 1585.807597 -372.300473 561.792993
-755.456690 -1631.173524 -1076.453063 -608.044956 1592.155001 -381.004327 562.869865
-18458719418.102467 -8696461168.596193 6953307824.221883 9035842164.390102 -2160675365.523167 -4373302070.829345 563.924421
-706.644131 -1637.768664 -1061.670474 -625.666265 1608.965420 -386.252164 564.949473
-676.600129 -1647.257449 -1056.307753 -627.768366 1617.833383 -386.356442 565.936906
-643.694556 -1661.122257 -1052.290035 -624.755655 1624.235025 -384.959602 566.882100
-607.490334 -1677.175815 -1049.701977 -617.439120 1628.554681 -382.029496 567.780064
-568.618383 -1698.494231 -1048.223535 -604.873447 1630.816035 -377.831736 568.629273
-527.522019 -1725.658059 -1048.629999 -587.486572 1631.967961 -373.322865 569.425780
-483.186673 -1754.674899 -1050.918259 -565.074090 1630.405904 -368.565617 570.163070
-436.335544 -1786.666559 -1055.213875 -537.693659 1625.550652 -365.039984 570.839335
-386.386232 -1821.216821 -1061.013936 -505.597558 1618.102360 -363.993876 571.452031
-336.353687 -1857.384727 -1067.957498 -471.926897 1609.138288 -364.000976 571.999620
-285.374014 -1891.961440 -1076.590106 -434.953205 1599.079777 -365.030070 572.482519
-233.541125 -1926.272727 -1086.963208 -395.596786 1589.536476 -364.907383 572.900450
-182.194452 -1959.783264 -1098.888501 -355.792969 1578.826730 -360.245501 573.251723
-131.475390 -1990.642134 -1112.094240 -314.975718 1566.477062 -351.907773 573.538655
-81.551524 -2016.126662 -1125.902957 -273.719676 1553.613819 -341.927186 573.764801
-33.263128 -2034.280974 -1140.464341 -231.936502 1542.270667 -330.666135 573.934825
14.363173 -2042.340213 -1154.565387 -194.344166 1533.422523 -319.447617 574.051810
-36233826405.214928 -37611821806.090416 55809679501.831741 13482880694.747478 -419900788.828444 -2813352981.847529 574.118743
98.731758 -2051.655088 -1185.353298 -104.267077 1521.020181 -288.773423 574.137416
138.618518 -2047.235841 -1200.522220 -62.988687 1513.848551 -272.350509 574.111086
-16778568834.522066 -10448529531.533653 8159616311.200254 5856892675.506923 -833458862.004570 -4242570336.459570 574.046407
210.256435 -2026.577251 -1229.305148 14.040746 1491.318192 -240.276790 573.950796
243.356868 -2012.134926 -1243.386451 50.448314 1474.095911 -225.326590 573.834074
274.318036 -1995.403076 -1257.390029 83.269009 1453.854740 -211.987119 573.703138
301.762239 -1975.749194 -1270.570354 112.799521 1431.656977 -201.200453 573.564697
328.366644 -1953.269626 -1283.881198 139.763883 1409.546630 -192.446190 573.425512
352.595152 -1928.466111 -1296.248234 164.813383 1389.587024 -185.729855 573.287296
-15917774785.425850 -10307090151.373800 8196724492.311160 5452503344.444054 -745746528.971543 -3948599278.409143 573.150880
393.896185 -1873.340289 -1317.723577 206.648638 1351.838680 -178.642279 573.019958
-15623638004.798704 -10159323506.897562 8102499696.433792 5413721385.112805 -762537348.359289 -3827907473.464867 572.895848
425.888373 -1812.972437 -1334.396767 238.496095 1332.499349 -176.041468 572.776546
437.625623 -1778.894427 -1340.345732 252.472041 1331.025342 -179.853224 572.659185
-15505802818.566866 -10081174090.100199 8024228136.138028 5380198333.095758 -763722889.290709 -3785590411.843973 572.541399
452.954147 -1705.148726 -1346.309033 273.553373 1342.949570 -189.838105 572.421693
457.787706 -1668.134132 -1347.786567 282.291874 1350.257165 -193.155652 572.299255
460.706740 -1631.822142 -1348.949646 288.600322 1356.452599 -193.668965 572.177180
461.926463 -1598.371347 -1350.388975 293.287060 1361.925966 -192.194063 572.058868
462.577384 -1564.462807 -1351.755284 296.815130 1363.011798 -190.344758 571.945017
-15297708074.842035 -9876445998.434942 7786361072.279439 5373896405.963428 -795193280.661430 -3708573572.176954 571.841459
-15295142275.618793 -9875200684.499161 7792257475.243425 5369542104.428175 -793896190.307098 -3707106821.558434 571.754921
460.600633 -1466.840220 -1355.116902 300.296600 1349.584848 -186.022697 571.686447
459.263821 -1445.765683 -1356.723836 300.337539 1344.516896 -183.578816 571.633985
-15200556324.979218 -9795529604.480841 7717480692.351521 5326611171.100357 -786627902.671418 -3692205424.482709 571.595233
455.993435 -1417.893659 -1358.851465 302.676392 1334.096357 -182.518057 571.569320
453.731951 -1410.319165 -1358.241636 302.704110 1329.355911 -186.447660 571.555662
451.269553 -1405.187521 -1357.144493 300.992383 1325.403396 -189.339115 571.554026
-15166059868.857607 -9757053418.818361 7688366359.210801 5310318685.427934 -782800848.589528 -3688776896.506140 571.563667
447.770183 -1395.760755 -1354.421510 298.968418 1324.824496 -190.497906 571.582580
446.662888 -1392.719828 -1353.375942 298.519584 1328.490520 -190.478809 571.607089
445.710091 -1391.345162 -1352.546936 297.268386 1333.800981 -190.531981 571.632223
445.116042 -1391.164364 -1352.314989 295.618162 1338.312920 -190.577408 571.653724
444.512559 -1391.810742 -1352.142212 293.134613 1340.051392 -190.621518 571.670416
443.347762 -1393.448346 -1351.562341 289.371160 1340.151200 -190.658435 571.684905
442.279978 -1395.660242 -1351.029589 285.295296 1340.224043 -190.707843 571.699063
441.841967 -1399.214458 -1350.571938 282.343855 1340.285551 -190.732770 571.712474
442.092179 -1404.032002 -1350.770017 280.097547 1340.338824 -190.793577 571.723499
-15224764159.883387 -9699869041.409157 7509251513.104283 5385924854.822323 -817805950.970720 -3719795191.623908 571.730400
442.763925 -1412.084724 -1351.281956 276.241161 1340.422035 -190.923075 571.734011
443.090608 -1414.142572 -1351.294156 274.910623 1340.441748 -190.953064 571.735065
443.477801 -1414.733140 -1350.999789 273.727864 1340.447695 -190.979430 571.734959
443.798644 -1414.689662 -1350.868655 273.084607 1340.458416 -191.040377 571.734947
-15211395780.201599 -9697609870.425518 7517521804.903562 5371152916.095607 -811744810.464472 -3718709829.764092 571.735110
444.406518 -1414.817249 -1350.294135 273.796255 1340.487871 -191.148961 571.735478
444.490964 -1414.859645 -1350.328339 275.003711 1340.513334 -191.260219 571.735832
-15198529082.506739 -9708030545.604319 7554721745.424966 5348464747.637910 -800743092.083750 -3716399557.499358 571.735777
-15176902056.915403 -9706226887.311138 7572687221.083875 5329751553.832308 -793203499.727368 -3711289241.279299 571.735506
443.296135 -1415.158395 -1350.308132 277.341140 1340.493025 -191.535897 571.735247
-15179204857.229511 -9707295747.837839 7572741027.283572 5332679091.645418 -794376673.277185 -3711066913.452037 571.735047
442.500453 -1415.190915 -1350.398917 277.755518 1340.468579 -191.727196 571.734943
-15182714762.965496 -9708287897.792200 7571694014.855680 5335520894.626231 -795430303.885258 -3711643085.876893 571.734862
-15192278705.076674 -9710451727.103079 7567079671.293612 5342452050.390312 -797992609.497378 -3713923453.396435 571.734855
442.698160 -1415.090454 -1350.429160 276.801750 1340.465963 -191.655438 571.734859
-15198819691.475790 -9711849743.105129 7563755617.178484 5346882577.214923 -799601748.988487 -3715609519.215452 571.734930
442.903736 -1415.020756 -1350.420912 276.920190 1340.467747 -191.446671 571.735002
442.897138 -1414.924506 -1350.461052 276.936153 1340.460996 -191.468430 571.735041
442.909906 -1415.102660 -1350.374287 276.986452 1340.457874 -191.437031 571.735092
442.902511 -1415.062115 -1350.411910 277.073005 1340.465472 -191.445246 571.735139
442.890046 -1415.000132 -1350.447458 277.106142 1340.459840 -191.465186 571.735137
442.892503 -1415.095564 -1350.361023 277.068203 1340.468825 -191.434970 571.735130
-15195171340.480024 -9710893290.924002 7565166639.961738 5343848526.907428 -798448217.416817 -3714969986.584825 571.735175
442.888646 -1415.018638 -1350.418669 277.109743 1340.468486 -191.448821 571.735219
442.883196 -1415.032284 -1350.440197 277.066866 1340.463743 -191.450279 571.735227
-15194062016.203192 -9710933881.731758 7566425103.729815 5343337940.558872 -798262536.517216 -3714444931.298045 571.735218
442.877358 -1415.028435 -1350.414773 277.115415 1340.473513 -191.457564 571.735216
442.893651 -1415.078383 -1350.393734 277.066679 1340.470514 -191.425851 571.735220
442.903501 -1414.950263 -1350.450675 277.072241 1340.469208 -191.454015 571.735233
442.929922 -1415.043716 -1350.397587 276.993774 1340.471450 -191.453228 571.735241
442.916656 -1415.083837 -1350.386064 276.994750 1340.467137 -191.443163 571.735264
442.903908 -1414.964104 -1350.468587 277.000130 1340.464007 -191.459887 571.735290
442.896673 -1415.056143 -1350.384760 276.998731 1340.467557 -191.441634 571.735289
442.909206 -1415.008033 -1350.407625 277.026136 1340.467027 -191.444215 571.735341
442.881286 -1414.995094 -1350.461876 277.094102 1340.465393 -191.458777 571.735381
442.858631 -1415.065802 -1350.383605 277.096171 1340.467399 -191.445111 571.735359
442.886453 -1415.039899 -1350.411661 277.139757 1340.456896 -191.441956 571.735402
442.872817 -1414.968832 -1350.442502 277.067195 1340.465202 -191.453072 571.735418
442.907093 -1415.109632 -1350.378804 277.038794 1340.467391 -191.459126 571.735446
442.903254 -1415.036147 -1350.406260 277.073747 1340.455038 -191.440263 571.735458
442.918258 -1415.010493 -1350.450441 277.010738 1340.473489 -191.452082 571.735491
442.922682 -1415.101184 -1350.364685 277.047300 1340.472298 -191.430578 571.735467
442.882587 -1415.048076 -1350.390286 277.070802 1340.473092 -191.445484 571.735492
-15194073205.317287 -9710724277.616190 7565889939.629690 5343400323.272590 -798307941.649753 -3714521425.846226 571.735523
442.892635 -1414.999192 -1350.465823 277.042613 1340.472326 -191.460143 571.735521
442.900595 -1415.065177 -1350.396519 277.052867 1340.478820 -191.449536 571.735488
442.879547 -1415.148153 -1350.344768 277.094704 1340.477226 -191.433007 571.735492
-15194193721.039137 -9710771020.720596 7565892462.996923 5343505722.734323 -798346743.853262 -3714530208.161883 571.735517
442.903170 -1415.097484 -1350.409636 277.017809 1340.476004 -191.457399 571.735530
442.893139 -1415.121692 -1350.357226 277.111729 1340.476894 -191.441665 571.735506
442.888747 -1414.902668 -1350.519700 277.056573 1340.472599 -191.465630 571.735519
442.892685 -1415.007203 -1350.440787 277.078011 1340.470545 -191.456951 571.735473
442.935574 -1415.194290 -1350.330266 277.031323 1340.464093 -191.444013 571.735462
442.879474 -1415.152309 -1350.350635 277.067468 1340.477366 -191.444386 571.735483
-15194368483.081196 -9710569217.608202 7565207349.257778 5343622505.219461 -798411262.444653 -3714679413.031459 571.735500
442.920221 -1415.106072 -1350.378309 277.047704 1340.482552 -191.446605 571.735516
442.888332 -1415.109202 -1350.371188 277.061140 1340.469469 -191.463157 571.735506
442.895819 -1415.106134 -1350.360941 277.058226 1340.465448 -191.442484 571.735527
442.891872 -1415.048199 -1350.404603 277.051689 1340.477637 -191.448757 571.735569
442.920274 -1415.062155 -1350.425782 277.002613 1340.469984 -191.448969 571.735576
442.904057 -1415.201375 -1350.307450 277.048090 1340.469759 -191.434456 571.735557
442.898718 -1415.104100 -1350.377220 277.072215 1340.465052 -191.440263 571.735604
442.907576 -1415.002849 -1350.399552 277.026941 1340.463164 -191.453965 571.735622
442.882074 -1415.206586 -1350.329303 277.042276 1340.476709 -191.443024 571.735678
442.895615 -1415.169848 -1350.318165 277.091055 1340.469968 -191.436583 571.735695
-15194048591.715235 -9710770497.446150 7565796807.867976 5343350655.329870 -798287137.560297 -3714558402.301289 571.735741
442.892013 -1415.033438 -1350.404732 277.035461 1340.467878 -191.440317 571.735717
442.916257 -1415.139951 -1350.331106 277.044870 1340.474773 -191.429606 571.735749
-15194024911.553583 -9710714918.619225 7565671475.776509 5343363954.243247 -798300565.813394 -3714564167.913043 571.735792
442.898388 -1414.903967 -1350.491834 276.998572 1340.477146 -191.478224 571.735829
442.913585 -1415.174284 -1350.332731 277.041313 1340.473674 -191.435199 571.735814
-15194307155.769857 -9710663325.796381 7565211143.073399 5343563427.044489 -798386044.888530 -3714692902.956663 571.735837
442.896914 -1414.897800 -1350.506682 277.043126 1340.470718 -191.461037 571.735873
442.909484 -1415.048266 -1350.382892 277.059154 1340.472319 -191.442673 571.735845
442.896560 -1415.048654 -1350.394905 277.054733 1340.473741 -191.457618 571.735877
442.893727 -1415.011975 -1350.395223 277.071972 1340.470885 -191.439446 571.735895
-15193927123.343397 -9710940022.650406 7566262767.882195 5343320891.798754 -798265837.632506 -3714441613.405470 571.735938
442.892944 -1414.996956 -1350.397547 277.060714 1340.468632 -191.443660 571.735948
442.886921 -1414.996317 -1350.420156 277.072067 1340.474543 -191.462132 571.736003
442.888235 -1415.032672 -1350.411957 277.055834 1340.464397 -191.441704 571.736019
442.888893 -1415.028131 -1350.361013 277.080932 1340.467629 -191.434459 571.736044
-15194115756.736584 -9710966593.225574 7566113285.587876 5343477332.354947 -798326629.620765 -3714494872.979421 571.736127
442.888200 -1415.019216 -1350.397396 277.047094 1340.468519 -191.445435 571.736131
442.898998 -1415.074141 -1350.375576 277.079621 1340.476015 -191.437486 571.736179
442.886535 -1414.933850 -1350.483412 277.060583 1340.463023 -191.448256 571.736200
442.905567 -1415.020045 -1350.442199 277.031461 1340.466784 -191.460042 571.736193
442.895688 -1415.117933 -1350.374732 277.078934 1340.469233 -191.455481 571.736179
442.867960 -1414.971013 -1350.470658 277.063056 1340.478658 -191.466892 571.736184
442.885273 -1415.111580 -1350.381331 277.087498 1340.476092 -191.447722 571.736157
442.892179 -1414.850135 -1350.504938 277.021953 1340.467388 -191.460085 571.736152
442.908980 -1415.103346 -1350.366170 277.022044 1340.481889 -191.450811 571.736167
442.882744 -1415.047586 -1350.360259 277.098506 1340.470440 -191.446603 571.736183
442.885904 -1414.923018 -1350.493401 277.050742 1340.470967 -191.477034 571.736249
442.918933 -1415.018733 -1350.437191 277.048736 1340.472910 -191.468219 571.736224
442.885400 -1415.121580 -1350.350146 277.094894 1340.473076 -191.446181 571.736200
442.901493 -1415.102506 -1350.336655 277.090774 1340.473478 -191.447972 571.736233
442.873665 -1415.015421 -1350.416530 277.080119 1340.470202 -191.454942 571.736286
-15194258200.631296 -9710891551.384579 7565854632.548779 5343570752.813677 -798364852.163298 -3714564502.463233 571.736307
442.891147 -1415.217253 -1350.322196 277.081404 1340.477704 -191.438056 571.736286
442.890670 -1414.927187 -1350.437131 277.094843 1340.474913 -191.455168 571.736292
442.904132 -1414.904256 -1350.486825 276.989298 1340.471315 -191.489162 571.736323
442.903685 -1415.266977 -1350.234174 277.059379 1340.471448 -191.429369 571.736322
442.908183 -1415.128199 -1350.352427 277.023811 1340.473554 -191.454898 571.736419
442.872195 -1415.020918 -1350.378725 277.059942 1340.480768 -191.449729 571.736447
442.904047 -1414.945639 -1350.463917 277.019296 1340.475320 -191.455675 571.736504
442.887573 -1415.099695 -1350.338437 277.054394 1340.473866 -191.427456 571.736500
442.860380 -1415.027644 -1350.371697 277.071348 1340.470192 -191.441594 571.736569
442.880407 -1415.025639 -1350.400599 277.030855 1340.475335 -191.433872 571.736649
442.889234 -1415.055764 -1350.395313 277.050005 1340.477868 -191.433330 571.736688
442.905497 -1415.118866 -1350.365209 277.034536 1340.480422 -191.429584 571.736705
-15194230789.763884 -9710633753.352989 7565092707.064910 5343540941.695009 -798379860.114199 -3714712347.958052 571.736717
442.893330 -1414.952584 -1350.433307 277.070837 1340.476707 -191.442315 571.736772
442.909649 -1415.024645 -1350.404985 277.008774 1340.478060 -191.450646 571.736795
442.903474 -1415.167001 -1350.290145 277.102782 1340.483318 -191.413651 571.736815
-15194071218.245338 -9710983990.556120 7565999635.217123 5343430495.774190 -798306989.750418 -3714542014.935920 571.736877
442.913238 -1415.042921 -1350.413073 276.990007 1340.481692 -191.428808 571.736890
-15194187118.937843 -9711120248.480536 7566209152.153827 5343534273.966932 -798337895.562551 -3714515776.783847 571.736891
-15194048818.774149 -9710771780.523750 7565441881.547219 5343424026.636491 -798326946.350894 -3714638965.415537 571.736989
-15193849896.867622 -9710797097.847120 7565757311.487112 5343260402.878108 -798256350.904517 -3714558402.324178 571.736961
442.916530 -1415.174695 -1350.318323 277.073339 1340.476108 -191.436369 571.736929
-15193975963.841257 -9711195815.878376 7566549721.038018 5343410182.432827 -798285429.411664 -3714416568.466249 571.736958
442.868540 -1414.737199 -1350.593166 277.028405 1340.476845 -191.474433 571.737026
-15194375043.463903 -9710700330.393953 7564940867.538579 5343644254.050571 -798420181.313899 -3714785810.077145 571.736989
442.912589 -1415.243666 -1350.217780 277.104830 1340.484954 -191.412478 571.736937
442.857799 -1414.762837 -1350.566034 277.067329 1340.475550 -191.475380 571.737038
-15193939986.395700 -9711057077.779680 7566261216.017947 5343368255.650114 -798280063.702312 -3714472028.843774 571.737017
442.870063 -1415.240279 -1350.255573 277.112349 1340.481857 -191.421463 571.737009
442.855538 -1414.834097 -1350.512079 277.076216 1340.474341 -191.465361 571.737084
442.915151 -1415.057167 -1350.441008 277.005358 1340.481641 -191.442667 571.737092
442.874675 -1415.123057 -1350.333340 277.101466 1340.473828 -191.417455 571.737042
442.877319 -1414.946841 -1350.487297 277.044926 1340.479266 -191.456624 571.737097
-15194509170.579540 -9710509844.156454 7564353252.797818 5343756284.236474 -798484000.436932 -3714905293.217753 571.737062
442.930578 -1415.242163 -1350.265094 277.031262 1340.486474 -191.422014 571.736961
442.883703 -1415.036780 -1350.396527 277.106458 1340.477941 -191.444449 571.737010
-15193849070.158707 -9710753578.298920 7565628765.918145 5343249468.405542 -798257250.519804 -3714593539.491253 571.737024
442.916955 -1415.309795 -1350.245949 277.057862 1340.481782 -191.432078 571.736987
442.849592 -1415.013158 -1350.341392 277.141292 1340.474237 -191.425512 571.737025
442.891516 -1414.840846 -1350.607973 276.994909 1340.471496 -191.492954 571.737136
442.938711 -1415.206370 -1350.213279 277.049254 1340.477663 -191.424805 571.737022
442.881087 -1414.984201 -1350.415995 277.064039 1340.476561 -191.459464 571.737160
-15194330407.326942 -9710953532.337572 7565569060.334850 5343665594.833194 -798410267.082660 -3714653064.279285 571.737190
442.916652 -1414.919897 -1350.419718 277.083410 1340.478016 -191.442581 571.737245
442.912231 -1415.064043 -1350.365351 277.053794 1340.479025 -191.442221 571.737290
442.900340 -1415.052873 -1350.336922 277.088469 1340.479361 -191.440809 571.737326
442.907014 -1415.047077 -1350.370302 277.037097 1340.479706 -191.450504 571.737401
442.907554 -1415.089985 -1350.296135 277.095879 1340.476155 -191.423407 571.737445
442.905160 -1415.021147 -1350.407802 277.073401 1340.478104 -191.454055 571.737552
442.897934 -1415.106921 -1350.322735 277.073885 1340.476490 -191.431056 571.737557
-15193905482.689602 -9710974147.999695 7565850176.783362 5343344133.587047 -798283070.516747 -3714571018.301819 571.737628
442.894481 -1414.937883 -1350.409453 277.042495 1340.472477 -191.435155 571.737705
442.885857 -1415.145783 -1350.296944 277.076834 1340.479729 -191.429159 571.737779
442.878522 -1415.113415 -1350.311134 277.097765 1340.482114 -191.399310 571.737859
-15193856106.191031 -9710974944.472105 7565758357.444514 5343281491.560096 -798259555.557909 -3714613260.168943 571.737939
442.894671 -1415.172055 -1350.269454 277.036205 1340.475855 -191.400097 571.737940
442.876042 -1415.068228 -1350.399335 277.076427 1340.478445 -191.416947 571.738053
-15194025386.537098 -9710836043.524086 7565195156.099479 5343420181.954072 -798330959.092525 -3714738942.903712 571.738058
442.887137 -1415.104332 -1350.338854 277.067304 1340.480205 -191.417259 571.738155
-15193649904.829706 -9711237842.244711 7566473577.706601 5343147061.764074 -798187265.222093 -3714470893.917372 571.738209
442.904201 -1414.961837 -1350.456689 277.054791 1340.479958 -191.427751 571.738234
-15194133687.616682 -9711072678.371368 7565560795.893168 5343514172.516005 -798351360.253679 -3714702088.436784 571.738216
442.893495 -1415.104929 -1350.317837 277.107383 1340.487846 -191.411975 571.738279
442.904293 -1414.893638 -1350.469078 277.013165 1340.478962 -191.438546 571.738337
-15193900681.532520 -9711168901.898718 7565956332.165309 5343344452.956110 -798277245.559946 -3714609300.841680 571.738352
442.884143 -1415.059933 -1350.343145 277.108361 1340.480655 -191.410315 571.738439
-15193949239.480526 -9710925487.618979 7565216850.891261 5343387926.764305 -798320810.792910 -3714753845.336683 571.738504
442.917667 -1415.222779 -1350.262597 277.063199 1340.481715 -191.392971 571.738487
442.879015 -1415.011600 -1350.430818 277.080128 1340.476212 -191.442366 571.738555
442.918381 -1415.092627 -1350.392302 277.014800 1340.479976 -191.420785 571.738546
442.916806 -1415.198559 -1350.285746 277.088104 1340.482835 -191.405719 571.738535
442.876044 -1414.977131 -1350.404362 277.076378 1340.488206 -191.429604 571.738579
-15193947569.166428 -9711228545.811460 7565850524.435987 5343407797.630487 -798306498.162400 -3714648631.303170 571.738613
442.870796 -1414.816128 -1350.506533 277.009018 1340.475785 -191.438364 571.738619
442.903489 -1415.030856 -1350.423053 277.012259 1340.479471 -191.428408 571.738651
442.885618 -1415.196619 -1350.228204 277.130077 1340.487096 -191.407988 571.738645
442.849404 -1414.846359 -1350.528852 277.083506 1340.469936 -191.455376 571.738761
442.919948 -1415.114004 -1350.414970 276.995972 1340.482942 -191.435422 571.738745
442.885809 -1415.191902 -1350.259064 277.119560 1340.489235 -191.400837 571.738691
442.879405 -1414.777612 -1350.584264 277.039010 1340.475858 -191.458482 571.738771
442.949576 -1415.132282 -1350.373959 276.993534 1340.480799 -191.424768 571.738715
442.868916 -1415.152956 -1350.279912 277.135079 1340.477223 -191.404110 571.738694
442.893450 -1414.814355 -1350.560736 277.027745 1340.474732 -191.470855 571.738790
442.939109 -1415.125004 -1350.316154 277.014591 1340.480689 -191.429547 571.738738
442.929186 -1415.220086 -1350.238384 277.102094 1340.479129 -191.419125 571.738794
442.864062 -1414.799009 -1350.546303 277.103561 1340.467641 -191.468315 571.738879
442.937900 -1415.076783 -1350.366426 277.023089 1340.487639 -191.438114 571.738860
442.899297 -1415.245695 -1350.257965 277.118924 1340.476896 -191.428583 571.738870
442.862144 -1414.704017 -1350.594362 277.099558 1340.474470 -191.473793 571.738926
442.954927 -1415.146565 -1350.442038 276.971686 1340.481624 -191.472510 571.738894
442.915618 -1415.324506 -1350.059203 277.189643 1340.479873 -191.374216 571.738774
442.850269 -1414.769853 -1350.597121 277.097012 1340.477305 -191.477106 571.739018
442.968824 -1415.090046 -1350.355895 276.987587 1340.481320 -191.427123 571.738946
442.904163 -1415.144110 -1350.292387 277.141730 1340.477687 -191.421958 571.738964
442.884981 -1414.976993 -1350.446298 277.108359 1340.477807 -191.466050 571.739031
442.921670 -1415.062034 -1350.392957 277.034808 1340.475887 -191.453580 571.739010
442.916558 -1415.229734 -1350.283491 277.096352 1340.478901 -191.422109 571.739010
442.882896 -1414.949282 -1350.431691 277.134864 1340.478785 -191.448567 571.739040
442.917201 -1415.045994 -1350.431410 277.023734 1340.480693 -191.472679 571.739050
442.861589 -1415.202389 -1350.285266 277.115148 1340.479711 -191.418183 571.739007
442.864976 -1414.973985 -1350.457624 277.092009 1340.482627 -191.450738 571.739069
442.917542 -1415.140396 -1350.337610 277.034688 1340.481890 -191.453798 571.739043
-15194571098.691517 -9710789023.885077 7564059621.600326 5343841463.124893 -798517483.904371 -3715089815.942860 571.739062
442.885998 -1414.951069 -1350.501673 277.047707 1340.479687 -191.451285 571.739115
442.931516 -1415.203368 -1350.301560 277.024745 1340.479760 -191.430971 571.739052
442.877142 -1415.112905 -1350.323807 277.094449 1340.481810 -191.426412 571.739080
-15193610565.260986 -9711345600.211256 7566345796.302894 5343155562.533687 -798194355.887111 -3714545250.171988 571.739138
442.934426 -1415.219579 -1350.239378 277.047054 1340.487953 -191.411555 571.739086
-15194039538.661224 -9711334655.895288 7565846756.070814 5343473944.674151 -798324135.871304 -3714697594.685490 571.739170
-15194026797.300158 -9710889699.267811 7564814133.466934 5343413949.729458 -798336288.340555 -3714895767.891464 571.739132
442.901511 -1415.204067 -1350.275401 277.074975 1340.482268 -191.434125 571.739089
-15193228944.766970 -9711352977.215939 7566735048.732482 5342863385.962070 -798076566.238341 -3714426959.228388 571.739149
442.894493 -1414.933957 -1350.466384 277.013377 1340.483425 -191.456817 571.739189
442.907403 -1415.145206 -1350.294548 277.037338 1340.475815 -191.425933 571.739178
442.868443 -1415.049496 -1350.380284 277.119039 1340.479233 -191.444135 571.739262
-15194275414.377031 -9711187245.797546 7565209056.149804 5343632566.029137 -798400352.374470 -3714855449.227758 571.739286
442.920635 -1415.266837 -1350.253169 277.044982 1340.484297 -191.427442 571.739251
442.861878 -1414.992260 -1350.431244 277.131911 1340.485350 -191.440990 571.739297
442.906391 -1414.976156 -1350.499756 276.989643 1340.485130 -191.459966 571.739282
442.907242 -1415.292703 -1350.183291 277.098825 1340.489172 -191.399054 571.739201
442.847657 -1414.863526 -1350.517820 277.076162 1340.491569 -191.463080 571.739312
-15193601559.061274 -9711369216.844412 7566345092.153637 5343119643.595595 -798177449.758983 -3714563708.754431 571.739272
442.897949 -1415.230663 -1350.245099 277.088595 1340.473262 -191.408530 571.739267
442.856896 -1414.789339 -1350.546247 277.073463 1340.488939 -191.465222 571.739360
442.931705 -1415.053217 -1350.446528 276.985503 1340.482909 -191.454558 571.739327
-15193807992.211710 -9710985086.523209 7565228451.625740 5343245391.474392 -798260744.735346 -3714795302.838577 571.739262
442.858209 -1414.809406 -1350.566838 277.076894 1340.471556 -191.465262 571.739356
442.944596 -1415.044402 -1350.427752 276.935388 1340.495893 -191.443613 571.739306
442.891568 -1415.260816 -1350.209319 277.139926 1340.489870 -191.392794 571.739260
442.867837 -1414.768045 -1350.601068 277.071187 1340.465015 -191.476447 571.739354
442.913726 -1415.017435 -1350.424743 277.041630 1340.478994 -191.445362 571.739290
442.903976 -1415.142880 -1350.326090 277.039237 1340.480611 -191.434077 571.739275
442.910295 -1415.053639 -1350.412124 277.062808 1340.480973 -191.445589 571.739314
442.913365 -1415.068986 -1350.400722 277.044914 1340.478847 -191.430582 571.739287
442.898840 -1415.055752 -1350.428214 277.074267 1340.480279 -191.438472 571.739273
442.883348 -1415.070234 -1350.368985 277.062163 1340.486243 -191.426807 571.739229
442.901663 -1415.131603 -1350.363931 277.047563 1340.478737 -191.439369 571.739255
442.896753 -1415.072223 -1350.419194 277.064427 1340.479430 -191.436532 571.739254
442.904677 -1414.899898 -1350.510845 277.037454 1340.487184 -191.446872 571.739215
442.926227 -1415.263270 -1350.270678 277.046256 1340.476726 -191.428758 571.739155
442.881082 -1415.129645 -1350.293348 277.125449 1340.477380 -191.418036 571.739189
-15193669080.408585 -9711116066.322664 7565633388.179955 5343176965.303648 -798226023.150394 -3714696743.420492 571.739274
442.933757 -1415.206507 -1350.341657 276.994074 1340.479164 -191.426753 571.739182
442.886892 -1415.176016 -1350.299274 277.134549 1340.478058 -191.429076 571.739165
442.901418 -1414.951557 -1350.495918 277.028295 1340.478796 -191.463977 571.739208
442.918435 -1415.118730 -1350.332612 276.991833 1340.481356 -191.434334 571.739146
442.895434 -1415.109421 -1350.346486 277.098968 1340.482752 -191.435576 571.739195
442.892704 -1415.029365 -1350.428193 277.045389 1340.489379 -191.461815 571.739215
442.902796 -1415.103089 -1350.359103 277.009145 1340.476777 -191.439050 571.739179
-15193827804.112627 -9711226725.536192 7565740663.987209 5343289573.853927 -798260829.584759 -3714696800.718848 571.739210
442.893417 -1415.136415 -1350.358792 277.037268 1340.485893 -191.435804 571.739238
442.906274 -1415.098934 -1350.363216 277.065055 1340.476244 -191.439652 571.739237
442.881107 -1414.956038 -1350.467480 277.050974 1340.479119 -191.443287 571.739252
442.919361 -1415.168052 -1350.348716 277.023823 1340.483860 -191.432484 571.739230
442.902331 -1415.112478 -1350.320965 277.076929 1340.479614 -191.433621 571.739218
442.865460 -1414.877576 -1350.497157 277.083558 1340.479378 -191.460241 571.739274
442.904938 -1415.036213 -1350.417892 277.003020 1340.490235 -191.448333 571.739258
442.911988 -1415.277491 -1350.225795 277.141817 1340.482597 -191.402245 571.739238
442.875206 -1414.993151 -1350.434162 277.107793 1340.480105 -191.453994 571.739300
-15194102502.559277 -9710841109.765673 7564489351.923509 5343447646.620345 -798357023.409005 -3714980287.597984 571.739286
442.901696 -1415.129968 -1350.310868 277.064243 1340.476981 -191.427511 571.739302
442.885815 -1414.923846 -1350.479413 277.045063 1340.482038 -191.457983 571.739367
442.919906 -1415.129934 -1350.345170 277.013375 1340.491687 -191.431872 571.739342
442.897184 -1415.104925 -1350.339928 277.086154 1340.484710 -191.432114 571.739349
442.899350 -1414.917398 -1350.505439 277.027552 1340.482930 -191.466173 571.739379
442.922983 -1415.242263 -1350.273730 277.030728 1340.491638 -191.420169 571.739320
442.890654 -1415.011718 -1350.430003 277.093687 1340.481316 -191.429922 571.739348
442.892935 -1414.924450 -1350.481883 277.019852 1340.479274 -191.448904 571.739325
442.916171 -1415.183026 -1350.281066 277.054499 1340.480508 -191.431072 571.739304
442.896264 -1414.957439 -1350.409193 277.059869 1340.478120 -191.441971 571.739367
442.908524 -1414.918119 -1350.494225 276.999770 1340.479484 -191.458495 571.739410
442.928257 -1415.164136 -1350.294471 277.018801 1340.471339 -191.420048 571.739373
442.869425 -1414.996424 -1350.406914 277.090030 1340.476992 -191.433359 571.739446
-15193490391.072247 -9711199427.588125 7565923311.212421 5343035409.976066 -798163659.782921 -3714628627.933602 571.739476
442.938946 -1415.135080 -1350.309404 277.038197 1340.476404 -191.431943 571.739424
442.857793 -1415.121353 -1350.336810 277.131790 1340.482432 -191.422731 571.739480
442.894472 -1414.841819 -1350.536145 277.057406 1340.478703 -191.459145 571.739516
442.917895 -1415.119193 -1350.342136 277.021881 1340.492600 -191.420438 571.739466
-15193360570.877962 -9711403270.552513 7566586919.558500 5342956026.372736 -798113264.734249 -3714486203.146113 571.739485
442.908058 -1414.892796 -1350.525076 277.028882 1340.474039 -191.462048 571.739504
442.919574 -1415.135811 -1350.361098 277.046990 1340.483939 -191.432605 571.739444
442.934704 -1415.134652 -1350.339196 277.028194 1340.485021 -191.438155 571.739431
442.864256 -1415.145234 -1350.334620 277.137492 1340.480955 -191.434658 571.739441
-15193913560.645023 -9710891174.349054 7564767336.089739 5343333223.010063 -798309322.670785 -3714899285.788892 571.739462
442.902793 -1415.080161 -1350.388089 277.023991 1340.488389 -191.454147 571.739420
442.876962 -1415.171501 -1350.293556 277.123921 1340.485026 -191.441548 571.739409
-15194162215.130486 -9711377502.769039 7565689593.635649 5343563567.047010 -798360052.898231 -3714754337.089365 571.739459
442.910598 -1415.023863 -1350.419256 277.041024 1340.486990 -191.445381 571.739385
442.877894 -1415.157247 -1350.330743 277.084458 1340.472383 -191.452500 571.739364
442.883956 -1415.140174 -1350.321693 277.094415 1340.474812 -191.432041 571.739398
442.883897 -1414.890415 -1350.525055 277.041671 1340.495306 -191.463536 571.739447
442.892910 -1415.060853 -1350.397982 277.072234 1340.485887 -191.454553 571.739369
442.893313 -1415.062250 -1350.396814 277.071819 1340.485953 -191.454560 571.739353
442.893795 -1415.063691 -1350.395513 277.071174 1340.485962 -191.454432 571.739338
442.894359 -1415.065176 -1350.394079 277.070298 1340.485912 -191.454171 571.739324
442.895005 -1415.066706 -1350.392511 277.069188 1340.485805 -191.453773 571.739310
442.895734 -1415.068282 -1350.390809 277.067843 1340.485639 -191.453239 571.739298
442.896547 -1415.069906 -1350.388971 277.066262 1340.485416 -191.452567 571.739287
442.897446 -1415.071576 -1350.386998 277.064442 1340.485134 -191.451756 571.739278
442.898430 -1415.073295 -1350.384888 277.062382 1340.484794 -191.450804 571.739271
442.899502 -1415.075063 -1350.382641 277.060081 1340.484396 -191.449711 571.739267
442.900661 -1415.076881 -1350.380256 277.057536 1340.483940 -191.448476 571.739264
442.901910 -1415.078749 -1350.377733 277.054745 1340.483425 -191.447097 571.739265
442.903248 -1415.080669 -1350.375071 277.051708 1340.482852 -191.445573 571.739268
442.904678 -1415.082641 -1350.372269 277.048422 1340.482221 -191.443903 571.739274
442.906200 -1415.084665 -1350.369326 277.044886 1340.481531 -191.442085 571.739284
442.907814 -1415.086744 -1350.366242 277.041098 1340.480783 -191.440120 571.739298
442.909523 -1415.088876 -1350.363020 277.036790 1340.479962 -191.438227 571.739293
442.911327 -1415.091051 -1350.359685 277.032713 1340.479131 -191.435767 571.739336
442.913226 -1415.093310 -1350.356137 277.028204 1340.478188 -191.433322 571.739363
442.915223 -1415.095611 -1350.352482 277.023390 1340.477205 -191.430751 571.739394
442.917317 -1415.097970 -1350.348683 277.018316 1340.476164 -191.428027 571.739430
442.919510 -1415.100387 -1350.344738 277.012980 1340.475065 -191.425147 571.739470
442.921804 -1415.102864 -1350.340648 277.007380 1340.473907 -191.422111 571.739517
442.924198 -1415.105400 -1350.336411 277.001514 1340.472690 -191.418917 571.739568
442.926693 -1415.107997 -1350.332027 276.995381 1340.471414 -191.415565 571.739626
442.900310 -1415.061715 -1350.388326 277.056271 1340.482600 -191.441731 571.739690
