1564.844031 -1241.071416 -296.977731 -174.886022 338.323089 -1104.487291 885.278095
1564.842465 -1241.072257 -296.978986 -174.889547 338.324075 -1104.485767 885.278091
1564.840959 -1241.073137 -296.980200 -174.892900 338.325028 -1104.484293 885.278091
1564.839513 -1241.074053 -296.981371 -174.896079 338.325947 -1104.482867 885.278094
1564.838127 -1241.075006 -296.982498 -174.899079 338.326831 -1104.481492 885.278100
1564.836803 -1241.075996 -296.983581 -174.901900 338.327679 -1104.480167 885.278109
1564.835542 -1241.077022 -296.984617 -174.904537 338.328490 -1104.478893 885.278121
1564.834343 -1241.078085 -296.985605 -174.906987 338.329263 -1104.477671 885.278135
18464194170.252964 -4894482944.723840 17627638525.510113 -5665258346.527392 2864664143.294584 -3582731722.099931 885.278148
18464193235.084480 -4894486635.155242 17627637099.134007 -5665255503.277781 2864663322.109717 -3582731061.602250 885.278168
18464192701.306900 -4894490459.522471 17627635946.476219 -5665252507.201376 2864662620.341332 -3582730296.617070 885.278187
18464192525.443832 -4894494367.336182 17627635043.183498 -5665249402.301236 2864662031.090610 -3582729446.218981 885.278206
18464192664.018806 -4894498308.106774 17627634364.902447 -5665246232.580356 2864661547.458692 -3582728529.482439 885.278227
18464154761.590248 -4894449998.829766 17627592169.085747 -5665281611.640416 2864656632.329805 -3582743065.506136 885.278246
18464155398.608166 -4894453854.044204 17627591867.768597 -5665278444.288193 2864656339.239366 -3582742073.316843 885.278267
18464156219.634441 -4894457590.745410 17627591718.402229 -5665275344.123343 2864656131.071029 -3582741072.011572 885.278288
18464157181.192261 -4894461158.443042 17627591696.632763 -5665272355.148301 2864656000.925863 -3582740080.664151 885.278308
18464158239.804710 -4894464506.646522 17627591778.106163 -5665269521.365358 2864655941.904914 -3582739118.348256 885.278327
18464159351.994793 -4894467584.865090 17627591938.468330 -5665266886.776667 2864655947.109225 -3582738204.137409 885.278345
18464160474.285454 -4894470342.607780 17627592153.365051 -5665264495.384233 2864656009.639802 -3582737357.104980 885.278362
18464161563.199516 -4894472729.383423 17627592398.442032 -5665262391.189909 2864656122.597630 -3582736596.324183 885.278378
18464162575.259777 -4894474694.700658 17627592649.344879 -5665260618.195382 2864656279.083685 -3582735940.868074 885.278390
18464163466.988876 -4894476188.067872 17627592881.719139 -5665259220.402257 2864656472.198922 -3582735409.809581 885.278402
18464164194.909435 -4894477158.993328 17627593071.210217 -5665258241.811895 2864656695.044265 -3582735022.221435 885.278409
18464164715.543953 -4894477556.985023 17627593193.463451 -5665257726.425567 2864656940.720622 -3582734797.176233 885.278414
18464164985.407810 -4894477331.570734 17627593224.117611 -5665257718.346766 2864657202.324974 -3582734753.807978 885.278375
18464120407.655415 -4894472465.400580 17627547125.784927 -5665263215.859306 2864651046.241728 -3582743509.712255 885.278276
18464115614.594559 -4894471999.601420 17627540525.526749 -5665262255.270102 2864649902.567463 -3582744133.886375 885.278283
18464119269.395084 -4894454065.003663 17627550328.380142 -5665277089.382647 2864652231.066080 -3582746745.592681 885.278213
18464116991.079765 -4894471119.183066 17627543126.481281 -5665263579.654256 2864650632.183793 -3582744255.969533 885.278255
18464087705.581539 -4894500375.743420 17627516020.265305 -5665245250.241989 2864646042.887402 -3582743662.636667 885.278303
18464086286.203197 -4894463397.323093 17627524921.408051 -5665274024.465349 2864649741.987196 -3582752547.437261 885.278226
18464076191.801723 -4894462321.054906 17627514694.650341 -5665274794.300128 2864648482.413474 -3582755219.997408 885.278204
18464262658.362610 -4894484716.758431 17627685090.777725 -5665293314.500210 2864673590.775583 -3582756297.135744 885.278317
18464263585.731396 -4894454685.308205 17627696381.023396 -5665317907.095887 2864676105.551409 -3582762194.989989 885.278266
18464251257.926781 -4894431959.769315 17627689946.964794 -5665336709.310649 2864675803.131396 -3582769098.579813 885.278116
18463023305.449497 -4896084750.024487 17626766447.627064 -5664059714.455550 2864494204.298954 -3582480361.703199 891.158165
18463034352.517048 -4896085080.727947 17626780890.958298 -5664060631.041915 2864496231.952828 -3582478864.943294 885.278374
18463035602.226097 -4896072531.031755 17626787250.741703 -5664071909.185131 2864497200.814301 -3582480684.296791 885.278156
18463021142.815361 -4896029388.323483 17626783864.986900 -5664107085.556275 2864497888.522224 -3582492431.037850 885.277932
18464170108.621830 -4893930692.229579 17627613407.115543 -5665673711.709539 2864677295.993570 -3582856386.694915 885.277574
18464179928.472008 -4893964555.613441 17627616318.030972 -5665648006.451640 2864676122.823057 -3582848308.843890 885.277737
18464187144.925354 -4893989654.707057 17627619229.418095 -5665629795.641653 2864674567.223710 -3582841949.811269 885.277909
18464188687.861240 -4893943089.630525 17627634834.145809 -5665667486.950217 2864677315.792057 -3582850223.328236 885.277759
18463473660.205360 -4894672080.780954 17627085143.236759 -5665066215.324597 2864574646.647787 -3582711729.940104 885.277558
18463456875.021675 -4894622144.259717 17627081775.796593 -5665106364.154007 2864576487.307116 -3582725535.474612 885.277387
18463454420.561752 -4894589278.259401 17627091004.003788 -5665133423.588829 2864579561.555089 -3582732891.715216 885.277392
18464385901.766655 -4893252652.449387 17627797292.006874 -5666155594.565216 2864719723.714901 -3582961841.192483 885.277395
18464360143.232697 -4893181198.987229 17627791218.633564 -5666212706.147467 2864720842.725175 -3582980082.927529 885.277118
18464350380.660240 -4893136424.112618 17627796586.530155 -5666248621.918761 2864723352.140358 -3582990572.849249 885.277099
18464354804.179031 -4893126434.192396 17627806393.983753 -5666257446.711688 2864724403.448967 -3582991112.642315 885.277163
18464347592.926044 -4893089746.665690 17627812315.406654 -5666288084.660357 2864726199.503208 -3582999038.683313 885.277099
18464354344.136925 -4893079942.977163 17627824564.168808 -5666296771.905067 2864727298.431886 -3582999905.205623 885.277211
18464342898.412483 -4893009204.293990 17627833632.094250 -5666353717.455726 2864731249.333259 -3583015811.581890 885.277001
18464329122.156376 -4892947773.261914 17627837778.109875 -5666403092.971878 2864733969.958467 -3583030766.971282 885.276810
18464329322.783321 -4892926650.464322 17627845580.038692 -5666421520.379516 2864735959.699745 -3583036191.728069 885.276725
18462998506.777493 -4896029204.599187 17626992611.838646 -5664171996.041912 2864528013.044403 -3582503640.250850 885.276854
18462993106.036770 -4895993045.226001 17626999292.811226 -5664201485.630532 2864530445.898599 -3582512474.901196 885.276851
18462964987.875721 -4895908227.707500 17626994454.331047 -5664270067.902648 2864532612.284482 -3582535695.218104 885.276459
18462952599.168648 -4895882240.155194 17626990053.406479 -5664291281.450188 2864532954.142025 -3582544699.283561 885.276419
18462981452.563309 -4895060327.469678 17626926364.638241 -5664838373.937947 2864544186.193630 -3582681394.840265 885.276440
18462979661.100849 -4895027413.226952 17626934544.245365 -5664864706.891957 2864547401.255926 -3582688769.593760 885.276400
18462445811.079193 -4896109318.691702 17626590081.322006 -5664069589.351143 2864467352.662842 -3582500841.611434 885.276240
18462444343.845352 -4896070129.402191 17626600443.254124 -5664100965.095057 2864469710.107823 -3582508022.568799 885.276099
18462300196.939144 -4896287686.742498 17626489246.401726 -5663948633.587042 2864447574.244846 -3582479074.396929 885.276271
18462293255.989109 -4896252783.121297 17626491017.907383 -5663975939.081041 2864448338.408450 -3582486201.981142 885.276118
18462275190.518646 -4896200699.984509 17626486197.871979 -5664017039.941606 2864449947.409917 -3582499766.775332 885.275858
18462269552.935978 -4896207089.647310 17626479413.825325 -5664012738.358890 2864449212.677968 -3582500720.243231 885.275896
18462697782.397331 -4896201069.019369 17626875962.425533 -5664055754.957512 2864508600.545263 -3582485993.805023 885.275840
18462684781.625145 -4896185110.259204 17626867749.025684 -5664068963.972144 2864508466.160884 -3582491753.473256 885.275739
18463136825.536316 -4894429039.736026 17627057591.731590 -5665318517.453865 2864582944.304315 -3582809354.037787 885.275952
18463124840.067371 -4894389898.002335 17627055284.990700 -5665348702.795451 2864584000.325153 -3582819246.098263 885.275793
18463102961.947182 -4894353888.822134 17627041032.486423 -5665377506.698220 2864583831.223753 -3582831324.754036 885.275452
18463118579.196239 -4894436723.303833 17627034654.089844 -5665312011.228401 2864580024.705189 -3582812938.280568 885.275806
18463146694.296719 -4894476628.975962 17627050697.814640 -5665279024.139916 2864579341.425135 -3582798536.758134 885.275993
18463062040.819214 -4895414221.639997 17627110761.514675 -5664623017.356934 2864564115.517923 -3582619705.059603 885.275543
18463026389.874180 -4895410421.418459 17627070131.421581 -5664624868.613493 2864557086.894828 -3582624735.858898 885.275189
18463019032.717846 -4895395130.028476 17627061001.103729 -5664634580.684430 2864546404.980561 -3582620485.354805 885.274546
18463665758.233112 -4893768795.888378 17627443694.449791 -5665824293.538966 2864638278.895349 -3582908949.950778 885.274281
18463675800.196327 -4893826984.162230 17627436000.231564 -5665777354.220644 2864629093.317916 -3582892757.438213 885.274341
18463682410.088379 -4893789005.583732 17627451551.435894 -5665805791.997678 2864628525.728881 -3582895308.596546 885.274112
18463625216.317081 -4893978412.364566 17627402445.492016 -5665624629.888586 2864621773.565981 -3582862817.881007 885.274219
18464549611.695965 -4894353540.103512 17628312200.908585 -5665548368.987767 2864741507.656497 -3582792732.402339 885.274463
18464569655.814060 -4894354227.647711 17628336126.251122 -5665548992.282489 2864746931.747736 -3582791384.884967 885.274738
18464107195.109489 -4893691754.202592 17627836049.014767 -5665994407.346480 2864695676.064008 -3582957000.823737 885.275014
18462287700.104786 -4895496472.419846 17626382018.612782 -5664462428.842731 2864432353.699288 -3582595995.913286 885.275537
18462336870.833359 -4895518121.750129 17626433576.736141 -5664447198.647697 2864446363.243912 -3582589134.451182 885.276284
18462371266.452698 -4895543538.872818 17626468102.571133 -5664429819.381330 2864459209.089162 -3582585677.918472 885.276981
18462538256.243057 -4895627090.194577 17626656347.560524 -5664385883.129652 2864494673.410431 -3582567136.768643 885.277010
18462491651.543354 -4895552957.736509 17626631331.681160 -5664446508.164756 2864506144.211132 -3582602199.865253 885.277089
18462470963.056957 -4895563932.094643 17626609414.547848 -5664439518.220268 2864514952.653974 -3582616232.085550 885.277528
18461783672.279190 -4895451632.185853 17625965249.690689 -5664458648.300572 2864435143.806486 -3582680421.994014 885.277867
18461686207.162220 -4895382166.479135 17625887325.485134 -5664510178.889484 2864441907.588951 -3582724987.919161 885.278318
18462303356.825085 -4897027245.216458 17626665723.732033 -5663350725.853231 2864526055.273067 -3582352809.337858 885.278919
18462226565.460270 -4896983272.298223 17626605909.584530 -5663386482.166551 2864536470.683479 -3582390040.251328 885.279547
18462173354.894707 -4896961783.763372 17626567433.038094 -5663405905.100850 2864551900.477382 -3582420673.719295 885.280518
18464052204.074776 -4894358681.401320 17627991413.296902 -5665345284.285246 2864848895.221255 -3582842300.654484 885.281743
18464477494.397022 -4894420395.777580 17628415206.338184 -5665250658.678365 2864924540.031228 -3582761821.729922 885.282829
18463799441.657047 -4894524032.878280 17627850647.586544 -5665016778.508511 2864850535.817202 -3582697277.564532 885.283816
18463123962.291130 -4894196624.537733 17627232380.134190 -5665181668.292375 2864785856.542774 -3582783703.510097 885.284596
18459736825.305992 -4898007783.957903 17624614797.996357 -5662206823.549001 2864312291.343756 -3582157056.912281 885.284898
18459730357.554058 -4897878440.038177 17624640219.749802 -5662316290.414087 2864336491.731799 -3582198962.573174 885.284453
18459708084.542259 -4897736402.657146 17624640879.269234 -5662435505.483671 2864355440.781960 -3582245434.253023 885.283149
18458490253.873280 -4898204671.002299 17623616725.447845 -5662132860.203895 2864210281.435322 -3582292462.293136 885.280389
21167833405.078541 -9581274449.061840 21054426489.966774 9247995338.413546 8151877796.915619 2333978263.666794 885.276578
18576085358.975868 -4875978318.131399 17729430398.055271 -5625953078.473148 2877394081.009410 -3538639725.649802 885.272602
18457862771.334949 -4897719147.063879 17623038079.743805 -5662586182.908158 2864182535.754395 -3582564387.810364 885.270106
18457721079.800285 -4897723262.851438 17622876747.767296 -5662591627.061722 2864168527.521171 -3582602963.744800 885.268695
18457669452.630600 -4897824667.082454 17622786195.018635 -5662515230.549160 2864158632.125370 -3582600918.782674 885.268246
18458317875.352722 -4898222427.091946 17623347967.115124 -5662381641.069963 2864238358.473426 -3582576874.094484 885.268426
18458377105.354267 -4898265467.269045 17623271883.610889 -5662304741.893090 2864220985.358290 -3582557817.855069 885.263995
18458543132.974266 -4898054406.632227 17623180218.946171 -5662358573.778816 2864173589.628694 -3582548251.967675 885.251264
18458719365.117401 -4897326141.534309 17623061046.015408 -5662753699.375098 2864096485.944932 -3582603018.339372 885.229196
18458711086.376469 -4895887945.351776 17622809550.996166 -5663637009.266103 2864002922.578830 -3582746153.869948 885.199096
18458391218.980297 -4893689228.888425 17622326844.979080 -5665046422.878429 2863898781.106966 -3582952999.148710 885.161031
18457761312.241268 -4890874906.405684 17621550786.047768 -5666862582.335676 2863749509.585013 -3583197182.339523 885.113526
18457021232.129173 -4887798335.611211 17620501834.854073 -5668787691.306564 2863495824.239916 -3583427873.259977 885.054407
18456330186.045132 -4884768471.346281 17619198616.860523 -5670554329.235709 2863118971.768605 -3583663698.319483 884.984665
18460632462.994995 -4882805821.305995 17622109584.740673 -5672228233.638342 2863344557.335618 -3583864042.482639 884.904290
18460594256.536896 -4880604373.564370 17620354469.398361 -5672990837.981987 2862891004.886721 -3584040200.777086 884.814857
18461022747.486034 -4878995217.692895 17618489575.277359 -5673140126.230449 2862524743.697764 -3584200580.347617 884.722082
18462109393.753540 -4878266595.317576 17616708836.682976 -5672481831.131497 2862265810.354250 -3584245937.596189 884.629553
18463863975.416901 -4878540033.427208 17615132713.171661 -5670951942.659585 2862120862.623705 -3584120550.641802 884.541979
18466275629.100433 -4879857824.892627 17613834655.015228 -5668515940.518989 2862090833.284235 -3583766630.599548 884.463865
18469352079.821648 -4882573157.955828 17612850936.135395 -5664881589.337230 2862165833.431913 -3583031200.183056 884.400846
18473054923.605984 -4887089991.286504 17612173168.192947 -5659670562.576390 2862322655.630411 -3581781642.632126 884.361634
18477400363.564960 -4893692758.165059 17611859675.913105 -5652628548.178864 2862550468.503632 -3579924945.227409 884.353569
18482316704.526211 -4902958038.465177 17612008886.980556 -5643419463.764153 2862843907.787501 -3577356302.450706 884.385905
18487637358.094757 -4914856722.675323 17612838110.598442 -5632291716.214816 2863233390.125934 -3574166410.053954 884.463312
18494535666.104275 -4924642615.967324 17615206943.815193 -5624372056.937916 2864026376.781500 -3572375357.776932 884.592640
18499850733.266056 -4942619749.887470 17617714620.366890 -5608973477.246527 2864557641.822095 -3567780388.515169 884.785166
18504743568.243465 -4964106524.556018 17621159150.270847 -5591147442.381699 2865133186.298244 -3562407194.805203 885.050725
18508894489.362041 -4989531925.082888 17625606673.229424 -5570578306.528861 2865729728.852833 -3556156020.073993 885.404723
18512092079.688091 -5018747252.341529 17631167461.325470 -5547474888.561600 2866363451.103266 -3549044558.457589 885.850666
18513733409.586834 -5052055058.510365 17637674563.878769 -5521562882.425965 2866987249.029990 -3540856493.442213 886.389643
18493825996.985802 -5224863779.321189 17643424340.246742 -5435916770.919488 2865732564.220681 -3533461285.091359 887.028594
18491639251.405804 -5267038375.560628 17652112757.526531 -5403927158.217008 2866314297.782612 -3522824023.091940 887.769012
18486965198.843273 -5314113800.988712 17661798812.116982 -5368496563.071170 2866827465.135435 -3510815198.595782 888.615688
18479259703.797680 -5365744603.378628 17672311152.836452 -5330038560.800596 2867250637.508034 -3497596385.390613 889.565225
18622025849.443325 -4756585688.575424 17744894603.095558 -5716894036.626947 2891824944.655417 -3571848300.531451 890.609004
18606569843.221138 -4816755824.271608 17756222161.280022 -5673409943.732583 2891990770.623320 -3556413408.991596 891.738077
18586949957.460838 -4880160304.407376 17767682430.405968 -5628111880.728697 2892024925.942080 -3540095887.058010 892.941263
18702001593.769863 -4210103251.690011 17818087720.447144 -5866114673.745857 2905048150.850496 -3491564522.843624 894.218613
18674846767.020420 -4279019520.333727 17830170007.762943 -5818006576.413153 2904939027.684788 -3473733845.150072 895.566606
18643139231.241718 -4350689161.933577 17841816082.367096 -5768110134.688550 2904657483.965006 -3455023914.873140 896.976916
18606707378.443188 -4425814324.528502 17853006029.471916 -5715701763.852480 2904184880.393412 -3435109182.055972 898.445530
18606490018.521351 -4000872783.820565 17839930210.898216 -5759780282.022075 2900441475.696205 -3331422679.665230 899.964835
18562811508.240612 -4076165894.442595 17851141118.026123 -5707765668.951499 2900018372.336588 -3310926053.126142 901.524814
18516357695.467014 -4150366828.226717 17862912264.900444 -5657022597.206431 2899789716.154005 -3290391078.879592 903.115827
18468863907.431122 -4221258353.588247 17876362978.045856 -5609278437.247969 2900012476.205756 -3270252941.682250 904.832838
18434988729.073471 -4048039141.444930 17874978411.255215 -5584573584.732261 2897143167.169333 -3193098057.431484 906.374497
18386478746.546394 -4110432616.320106 17891964908.048424 -5543024226.216884 2898392207.779512 -3173461977.805792 907.992529
18339115201.813316 -4165710130.090167 17911753492.799038 -5507167633.043036 2900461654.177913 -3154865420.211387 909.617426
18293634478.744595 -4213480760.802507 17934586026.614811 -5477226422.519580 2903415479.979671 -3137365138.181778 911.226863
18277481048.864090 -3718225421.346133 17917679415.936764 -5404088374.547788 2893852026.487552 -2931831507.153377 912.807957
18237858532.014000 -3746012832.290808 17947075324.186466 -5387429047.281349 2898768818.830241 -2916554606.457267 914.348614
18201550625.450542 -3763586260.616071 17979905018.071388 -5378399099.448565 2904785857.984896 -2902724379.871592 915.836012
18168004902.579525 -3772050277.231714 18015483495.602489 -5375909272.723628 2911777306.286875 -2889927044.943546 917.257938
18138504685.567272 -3769552688.457672 18054550914.263489 -5381020321.449174 2919882641.334487 -2878388027.443164 918.607499
18112251855.938446 -3757601798.655384 18096388242.323147 -5392401707.981403 2928949503.650547 -2867989773.106445 919.877375
18068654878.407261 -3591915470.319989 18101285007.365177 -5318023028.297450 2927350162.193695 -2759819595.356085 921.070099
18046013910.080273 -3572406310.345102 18146342609.580067 -5330842319.524421 2937550240.830985 -2748897046.600995 922.185934
18024658575.069382 -3549381418.134821 18192304017.806252 -5345689695.723620 2948352208.095472 -2738812726.167001 923.221318
18003638176.508472 -3524448429.734345 18238013607.731586 -5361303723.707763 2959552512.887298 -2729505843.726754 924.180019
17648935835.555866 -3481810907.561508 17950269295.729000 -4767131135.283531 2892011061.459625 -2356329760.962152 925.090946
17627927468.036537 -3458832786.012934 17993361746.235954 -4774086876.704159 2903133834.419066 -2346954834.914913 925.892797
17609306612.379456 -3435002101.673951 18037495186.653053 -4779604229.759416 2914746804.858847 -2338401978.376197 926.702259
17594410708.636707 -3408975947.753706 18083601837.206573 -4783890991.939807 2927085893.707686 -2330469653.027144 927.460083
16896764758.387884 -3936285706.725482 17520197693.745834 -3774854571.637026 2805398845.472888 -1903552272.025964 928.186771
16890511252.434748 -3902236128.785765 17568916626.949203 -3773138351.353660 2818963654.870801 -1895666568.678349 928.878410
16887674334.770468 -3865245214.849051 17619110134.638859 -3770333152.614770 2833299398.062141 -1888375455.713651 929.538045
16376807067.043406 -4177185388.766403 17202119009.281155 -3109972671.061621 2750178117.144428 -1617076380.991417 930.160672
16380156003.770916 -4124225403.136857 17251689530.290718 -3111542294.829469 2765713812.152924 -1613400167.849558 930.736868
16382387898.128464 -4069924748.607884 17298131977.634869 -3112312649.697515 2781294947.974758 -1611223890.354736 931.269402
16104384715.671124 -4154240259.755660 17075782575.407673 -2813269781.360760 2744163178.433190 -1489681571.097236 931.660901
16106359043.563150 -4091790856.624056 17116130562.796247 -2814542959.953917 2759851527.285473 -1490161481.175028 932.272082
15249300271.400293 -4487713248.066507 16336783501.373245 -1971518008.354033 2616974741.887381 -1177505618.935049 932.580771
15246987096.130783 -4423632514.183898 16366287197.442656 -1968136244.409506 2631771190.472947 -1179543903.777891 932.910651
15071332051.258280 -4465336514.407250 16229824171.603016 -1787477844.772013 2614685834.989050 -1119468032.651953 933.550622
15067787232.424223 -4420653192.875509 16256364810.892311 -1758645083.047586 2629168775.038947 -1114872260.226744 937.210715
14419191481.759296 -4800792945.426810 15671830404.617184 -1035981737.069380 2523335097.777537 -864171126.625403 933.600124
14404997106.744028 -4721903986.871566 15676385863.128222 -1037013868.908812 2536489810.865536 -872359998.740370 933.651482
14388864044.024406 -4641120479.184770 15676528609.333221 -1036260982.614914 2549295198.285880 -880190843.204183 933.636750
14225225904.392420 -4661912999.916144 15535157868.708660 -861959613.476747 2533962272.391216 -824942702.156159 933.544163
14204334996.931929 -4578911185.728169 15525933929.788557 -857018588.787766 2545895184.356058 -832090044.243487 933.357465
14176816068.471167 -4498461974.124371 15508254960.646488 -849406021.252552 2556723047.267823 -839766625.626977 933.063056
13807893785.544731 -4619122759.978764 15158588721.476603 -484183083.665887 2502295726.932734 -716751448.704607 926.973696
13751123558.941984 -4580740303.959885 15110170366.548117 -445657026.150646 2507740738.177677 -721995530.146886 933.850551
13696183284.565340 -4507295542.501472 15056742720.636398 -436406072.956943 2513206971.603470 -734457793.139817 931.494859
13629217778.875311 -4443059735.300609 14989809141.884779 -422248945.272052 2516227371.783099 -747511724.137101 930.714047
13553388360.589014 -4385556541.802330 14912167111.122246 -404720314.252442 2517270326.402797 -760934221.362327 929.830699
12969977855.023216 -4756086221.380126 14355219474.761435 271291707.579134 2419261961.107771 -542662369.751855 928.857816
12882473126.353884 -4709195242.004487 14261165531.553463 295164165.590584 2417059412.068423 -555519843.993419 927.815726
12791989118.596914 -4667663000.087416 14162355396.558907 323130054.232249 2413689395.876513 -566920875.283328 926.691127
12698039415.954082 -4634288601.222883 14058679350.162066 357449980.429205 2409002185.545262 -576228424.824963 925.467039
12361569321.901844 -4804815227.564804 13723243469.191036 699239735.128554 2356231458.673592 -478356811.108234 924.103378
12262647434.782658 -4778257864.620378 13610183468.722830 738877583.449795 2348793219.440907 -484287251.068463 922.578232
12163208428.786737 -4756825326.077773 13494961868.858685 783154188.995957 2340223009.263901 -487401145.502618 920.840362
12064597738.149954 -4739044835.564292 13378779662.208317 831308308.799398 2330577601.686119 -487389893.293974 918.821720
11968520807.804552 -4723791250.787457 13263350265.262947 882795143.071460 2319976009.979722 -483956790.097375 916.453220
11876430276.915861 -4711031948.785017 13150275915.242723 938131126.794261 2308438352.085851 -476545044.062123 913.646774
11578272664.104052 -4828133712.307908 12833596073.951845 1345752333.819038 2250873042.470212 -309235992.906116 910.317174
11500106915.277037 -4814411958.687282 12731073155.963339 1403405231.211431 2238512885.605101 -294781628.695304 906.394534
11430691235.615572 -4802145083.823437 12636182886.234594 1463910282.164238 2226432410.194486 -276449767.604734 901.812556
11369945539.429241 -4792091823.059976 12549066847.833664 1527578621.981199 2214690399.589911 -254417687.572297 896.508301
11316951449.472689 -4785444693.618681 12468918023.113878 1595465268.028180 2203351711.767097 -228676316.841945 890.460882
11270867929.744776 -4783127428.472532 12394955530.549633 1668968612.082405 2192514494.748615 -198960943.901268 883.668185
11231358481.626390 -4784971734.003840 12326774443.875124 1747921332.268591 2182212229.651127 -165651028.924442 876.190416
11410028673.989168 -4589037115.294278 12463969805.899643 1745827425.067033 2209486555.130504 -105070095.719034 868.170289
11381801620.416449 -4600560770.368244 12405845053.857176 1834154595.318516 2200489580.697097 -66951009.163333 859.765382
11358151334.300261 -4617259089.660072 12351514844.079510 1927315943.706775 2192311351.457810 -26966656.246189 851.123910
11338230611.487410 -4639110042.509949 12300200755.883503 2024485796.943295 2185034150.506977 14114307.628156 842.446896
11320592314.261250 -4665809414.628260 12250304227.336056 2125711900.285604 2178542462.948022 56134395.142488 833.172840
11304375925.447176 -4699487956.655663 12201252186.343529 2232113230.949503 2172822644.401248 98740746.524815 823.111486
11288201736.215759 -4739580554.521111 12151485393.288832 2343708977.526713 2167767803.467063 141714728.729539 814.286823
11997616012.463509 -4013801253.690540 12782451335.283186 1633182402.968866 2305200085.057057 -14672441.167775 807.246960
11982415782.768797 -4064483270.577683 12733243389.345280 1751560843.107243 2302589734.894338 28378503.106792 802.759721
11966225114.048834 -4119855639.076786 12682275296.794374 1874416227.012482 2300512684.999506 72118957.204642 800.966349
11948950905.344799 -4180037794.302809 12629459365.206612 2001604129.942273 2298883981.216482 116397984.939887 802.707015
11931379873.571512 -4243184255.359863 12575497961.686571 2130960167.420272 2297807244.181841 160601038.088400 808.308141
11913763499.197475 -4308782029.515135 12520675479.569313 2261854321.940151 2297242110.775753 204596883.993763 816.799968
11896024158.422274 -4375644514.698173 12464928186.379816 2393570923.770027 2297090073.551329 248427733.792722 827.754584
11879337901.294474 -4442835568.915212 12409499865.796133 2524267142.710057 2297512436.494145 291417200.300865 839.570969
11864410152.705145 -4511676617.644041 12355331299.483091 2653923658.925035 2298548056.156756 333209772.989380 850.097243
11851165578.432442 -4581672814.981220 12302413031.466518 2782310894.046193 2300162440.911119 373859182.560710 859.272716
12922266489.854897 -3295537082.528809 13282110850.688124 1433419710.642773 2533789080.664235 53551113.407833 867.784705
12913786658.450041 -3376395352.663971 13238159674.928503 1559895368.156343 2539150512.322638 90660951.912181 874.734310
12908701181.646273 -3459805237.620862 13197631328.363628 1684067235.035403 2545393903.312366 125649019.673435 880.498277
12908256347.072775 -3545638500.838407 13161924747.021376 1804450598.103102 2552769520.635373 157669363.390912 884.913179
12911671858.586782 -3632737564.380490 13130309352.306221 1921523467.011123 2561071702.806190 187312163.140478 888.588861
12930104462.679863 -3697062242.580086 13113431032.846745 2012219666.808215 2572865141.323319 209981631.621231 894.373428
12955040505.964520 -3758816664.080309 13104209742.652874 2093867378.061215 2586018013.390953 229404211.765968 896.547364
12974896995.056900 -3836655474.878007 13090794158.628445 2189648038.496216 2597812587.496215 251545983.000650 898.229263
14056051470.280474 -2174908722.916013 14121129500.649137 693036595.317477 2857957895.088243 -2114002.725686 899.617378
14074607375.715336 -2249539689.570914 14114353092.715687 780781333.279845 2872380739.187047 19501203.354183 901.000070
15276182293.884615 92885033.401421 15285074431.484581 -1069273050.992225 3172545724.720077 -179048540.625400 902.251639
15288311935.580153 20781936.078108 15282980209.321247 -989816419.262437 3189049635.298856 -158310981.026332 903.329643
15900288794.761145 1552488630.333321 15890592523.204695 -2020609483.662466 3356310083.193128 -179375052.088032 904.123418
15926510840.551270 1495411716.173963 15910753325.213924 -1972185058.341023 3377543155.882606 -170302663.860774 905.129956
15941577283.436445 1541368103.292287 15921919932.427271 -1968420217.183062 3396705543.158597 -149988776.200670 906.124018
15950432116.307148 1481129288.594638 15926343146.124058 -1903150421.130348 3411977235.631574 -134952567.984949 907.437199
15957576056.550411 1424981040.388570 15929700301.432091 -1837836566.124230 3425370278.430830 -120165463.879159 909.019483
15963939168.000597 1374195638.067348 15932975781.415403 -1773228103.570924 3436644051.581876 -105492560.216197 910.715916
15972016404.927702 1330006324.145962 15938749813.408644 -1711158384.586198 3445664220.368718 -91626527.471632 912.521954
15983205525.912958 1293027517.771603 15948510967.343044 -1651982075.534337 3452395496.695024 -78661560.387263 912.500308
15967025611.219728 1459989819.516696 15939515244.481766 -1714785528.314125 3454202482.925615 -62724241.367153 910.621080
15988184262.056465 1434077098.725924 15961811116.942116 -1662238774.889902 3456802147.656238 -53042941.340753 917.153682
16012972770.687960 1408534339.712165 15988499394.800585 -1608633545.465200 3457138615.343637 -44533989.357224 918.248206
16039837861.520189 1379201149.046013 16017821635.513569 -1550821943.323352 3455306104.336365 -37115742.569864 919.162355
16066438832.201715 1341799540.685869 16047152687.398178 -1485846147.915075 3451501781.097725 -30882044.843599 919.931547
16088581256.232563 1292029478.936686 16071948230.123005 -1408994737.156494 3445710749.871984 -24753481.916788 920.620046
16104027788.329468 1228813641.043876 16089728300.297289 -1318471440.166722 3438604461.015066 -18201356.246280 921.268287
16112220826.730858 1157207488.624198 16100039177.940426 -1216825530.157004 3431302543.401346 -10773776.584882 922.030035
16113249344.659206 1082608529.640959 16103208043.295237 -1106821515.136595 3424602306.678726 -1785974.684662 922.946591
16108312086.562496 1007531242.030867 16100538762.304920 -991149309.981078 3419492387.552757 7891736.036536 924.093308
16012478347.485046 992979613.403819 16012032148.355330 -892596389.549694 3399909484.721226 27061096.918766 925.493980
15993678958.015680 926571679.875014 15996612680.380836 -774403678.237642 3399663414.217765 35907810.304259 927.246088
15966328817.691547 864328271.391960 15973114953.425903 -656633057.191684 3401742550.957580 42903724.800706 929.270607
15922181916.291895 806116606.867604 15933361040.318167 -533743414.637713 3405108839.483606 51058771.274416 931.600423
15861873562.375668 754573238.218906 15878268937.629005 -408353429.760309 3410532139.452705 59670134.849654 934.240465
15787211675.865345 712483912.079778 15809995787.735371 -283510907.775771 3418569753.015755 68047331.183803 937.179976
15698158112.631611 681671581.596456 15728806638.107662 -159239274.813197 3429355424.339537 77206741.305063 940.418978
15221455401.479528 1135742469.980876 15311485076.871384 -511039070.240215 3373903807.009449 -10923246.825752 943.968589
15118963744.275732 1131514913.868340 15222664682.703608 -393919760.075319 3391910236.351276 1817786.687197 947.843453
15018043889.351336 1139278949.468719 15137648337.090237 -277587955.602569 3415540349.460008 17852554.343815 952.056778
14925701196.679012 1158435157.860739 15063653471.214642 -162950182.272733 3446112880.970183 37237287.499919 955.222997
13345548224.581566 2012430345.788537 13603396997.838964 -589972489.767673 3156760240.651652 107908369.959801 958.622234
13277672347.120789 2055825586.378822 13562230796.882269 -498137709.340945 3196886365.648158 134441003.418092 966.872834
13224106974.566072 2111913922.680892 13538636923.485064 -411857282.795883 3245090099.396401 164691168.278748 972.565161
11191458997.726448 2860060640.861005 11624519154.718102 -435524188.898423 2836696221.285155 505790531.076674 978.645711
11160796962.847679 2985676074.277875 11638392004.532089 -387073216.476301 2893662120.651229 559205855.082252 985.112184
9662344088.093910 3666217656.703233 10259713328.482391 -486861729.020528 2600592670.429416 837285984.747919 992.082731
9666984090.280436 3775818429.134945 10312739029.115660 -483049980.971328 2665830732.250815 868382856.226125 999.287821
8829694847.497583 4170079191.092407 9563562952.016607 -533674082.631011 2522467646.055459 1045734093.934268 1006.666330
8848261578.124222 4296778964.252602 9637886171.245098 -554886710.404779 2593059513.659392 1079568549.935814 1014.076445
8871934059.944839 4428185846.110178 9720258483.688456 -582703083.693365 2667416404.824250 1114015476.715331 1021.282717
8893148570.124664 4559441161.429379 9802164511.948250 -615638965.395000 2742949433.113256 1148118554.312827 1028.128950
7731396539.331515 4926367013.540847 8729016087.902313 -656116862.563932 2492893469.995858 1380407085.309902 1035.159519
7738653649.039501 5064381135.229293 8801501426.563250 -704972375.411993 2560598334.722435 1419915982.232933 1042.728687
7758099025.189651 5237213170.400259 8894949814.246481 -749276171.334223 2635292659.803269 1481129594.889798 1050.713162
7765419320.908156 5397948200.378069 8976350248.720543 -789323253.962320 2706656081.596020 1542928646.420821 1059.245633
7742412907.801184 5498906251.625084 9016563811.385113 -824596030.795631 2764748467.356200 1582659016.097772 1067.936043
7701161658.834262 5589792664.178598 9037098807.385899 -853311948.803625 2815968930.108902 1624922277.468508 1076.765639
7640284432.714483 5672358545.427452 9036605162.869518 -876322072.305230 2859246384.798895 1669912033.241976 1085.647299
7560497032.540243 5744940980.918430 9015140045.610340 -893411658.282568 2894006174.026230 1716499306.329417 1094.146234
7463685067.985451 5802699270.077856 8973121267.186888 -902255927.030311 2919980160.350453 1763158010.382540 1102.843116
7352968369.356634 5841882492.502717 8912393041.159760 -900053126.517343 2937562038.169214 1808990672.497106 1111.523238
6253125418.578176 6092039507.403928 7883950632.322726 -970467062.825783 2626041982.233999 2029599131.305654 1119.924640
3479712946.033754 6539460099.160522 5178548849.604672 -1008849346.684756 1747780364.282453 2573852732.531715 1127.475994
3326639468.671636 6502244595.365473 5051296041.095652 -1002386461.761362 1720478198.852912 2597465354.367459 1134.123291
-2001346874.611787 7159859913.295360 -245632525.084727 -918751268.203355 -52692480.391354 3662667440.413648 1140.768795
-2179837037.938208 7089688317.434484 -414193463.367461 -948735809.087197 -115455691.418235 3658460093.589544 1147.322871
-2765671339.077355 7072289629.558951 -992170351.347466 -967512354.163413 -318106308.399447 3738072096.053411 1153.403346
-3334717868.820389 7050261586.962522 -1555860141.909249 -993965342.204421 -518636814.356310 3807288502.673219 1158.994502
-3523571622.996521 6982062615.063902 -1739215366.841172 -1036880651.307434 -591105646.935333 3790909002.681340 1164.068340
-4410596203.195686 6999877644.541461 -2624580928.888848 -1068234161.447697 -905236936.868470 3919610596.605436 1168.599310
-4591862922.141141 6940468754.875963 -2799264972.833689 -1126716407.388520 -977201450.158226 3895895442.050675 1172.554306
-5101556587.463789 6906753569.923711 -3308413266.790660 -1172530504.480018 -1163562542.459715 3938561503.570598 1175.886444
-5270564599.399115 6844502236.275995 -3471499362.486497 -1232743744.782188 -1231425958.875973 3910584723.913208 1178.581434
-5433541430.111845 6776532410.290289 -3630025020.560820 -1289306834.855473 -1297043320.927838 3880971904.514621 1180.662791
-6264018901.870269 6724294788.323153 -4479487834.269732 -1309405986.765183 -1597907766.139117 3978189330.192571 1182.228331
-6426794019.194845 6647848666.540779 -4640519292.455157 -1367131064.675682 -1663891922.988346 3945155501.884959 1183.332955
-6591539085.185932 6569075708.176849 -4804371154.557302 -1424646495.388166 -1730397486.728164 3911543919.421134 1184.050002
-6757155979.936800 6492199411.081691 -4968729006.739544 -1484131213.458842 -1796791716.636239 3878283258.102503 1184.354993
-6923099134.654859 6418547299.857360 -5132562540.305856 -1545973389.787334 -1862646858.966228 3846015539.079636 1184.281673
-7087898177.286029 6347495107.227464 -5294600729.826982 -1608658905.423236 -1927199008.378820 3815177818.543591 1183.841238
-7917705303.390643 6266665473.187718 -6153896396.502788 -1632090832.504309 -2225379550.505515 3907273113.936231 1183.048701
-8076081576.992228 6205085501.472272 -6305373622.698638 -1697615117.907355 -2284080419.588843 3883144319.959432 1181.914914
-8225957932.955224 6124636730.576825 -6454694613.406360 -1760347413.322457 -2341518621.471381 3849076279.598958 1180.560550
-8369978299.168505 6039935657.397533 -6599797641.124555 -1819550627.542164 -2396420754.597552 3814476876.723311 1178.972594
-9762506892.614761 5808641791.440749 -8099944624.189041 -1736289248.929050 -2890626959.699331 3987054964.138246 1177.199310
-9887074182.740183 5720502067.235874 -8227790164.139166 -1800463967.534060 -2938132157.619912 3946978330.751801 1174.531077
-10000669421.997017 5629470614.847251 -8345911062.066266 -1860319990.080381 -2981769129.496853 3905990206.867711 1171.778733
-11725481688.049316 5202460480.450448 -10269559666.373556 -1666531004.850065 -3596499717.233485 4093558129.995458 1169.077906
-11818313195.950089 5125323930.573794 -10362990087.289452 -1739292914.328238 -3632842645.065979 4050341336.662845 1166.426535
-11899912407.853935 5048683249.632956 -10443892540.635151 -1813829614.781892 -3665697635.503513 4004163052.378038 1162.633704
-11954644198.974592 4960289263.987832 -10501470850.684845 -1883623797.400037 -3691986791.701694 3948859054.404073 1158.978900
-11998986004.729048 4878206822.309240 -10545702801.467308 -1953178113.721174 -3715214712.521636 3895866126.615697 1154.956709
-12038000156.064508 4800718943.717065 -10582295218.942921 -2023028739.120939 -3737470861.533179 3845121528.895185 1150.972557
-12079331127.033421 4723740264.416008 -10620747782.528761 -2092243190.384207 -3761494563.568864 3796130931.898603 1146.802492
-12579889666.507166 4561552321.843977 -11170939790.566517 -2124272552.875267 -3951525115.066233 3798697140.823317 1142.310025
-12640184729.944149 4451716539.355954 -11242513397.876471 -2197635688.485693 -3989189951.742496 3730784651.524299 1139.078036
-12703102451.279619 4343375620.068721 -11317371091.454519 -2269148177.185506 -4027996259.840268 3663521296.149955 1133.788668
-12766021217.732592 4262262517.482090 -11381053101.602083 -2340156993.902832 -4061355965.784160 3614219103.191352 1128.443558
-12833959799.566523 4183737827.884419 -11449332836.102024 -2412026224.730491 -4095248055.874143 3566997924.458602 1123.434578
-12907481246.528433 4106531180.402947 -11523439563.975807 -2484593010.060380 -4129808480.473677 3521086630.944340 1119.119976
-12987950615.778027 4029115523.452371 -11605786204.223713 -2557260358.837607 -4165327905.944374 3475669422.374075 1115.754022
-13070576512.268511 3953035884.101844 -11690867964.567913 -2629565795.877099 -4199308065.202741 3430902064.884182 1113.259757
-14068956917.665030 3621662616.083616 -12837989827.475969 -2548959950.024697 -4556326200.663538 3478948947.129071 1111.355388
-14142517842.750521 3548209209.905019 -12915320707.151466 -2628563898.590745 -4583338918.457379 3426907323.280231 1109.543600
-14209712200.490772 3457987481.968706 -12995124258.380041 -2709421886.160803 -4610199679.999576 3359826203.719428 1105.387560
-14268289326.767467 3372128175.112832 -13065825155.973747 -2785997444.392561 -4631527330.440509 3294514663.437866 1101.870649
-14325846248.017315 3306350219.713144 -13127139988.675045 -2862998848.263243 -4647856831.632912 3240970385.168621 1097.338175
-14381421223.672222 3245344170.939214 -13185081437.412363 -2940651415.719815 -4662062410.036648 3188403515.240767 1092.370101
-14434099013.917490 3188707448.462018 -13238681616.130779 -3018531265.124228 -4674006116.456542 3136791010.504879 1086.842773
-14485307009.829443 3135304171.957430 -13289760565.831903 -3096281022.687353 -4684629024.470653 3086042535.806042 1081.068119
-14537477522.042370 3084591421.548130 -13341030031.878044 -3173941275.371871 -4694846648.296289 3036192673.400419 1074.987694
-14589139113.712538 3035519517.117826 -13391444756.343178 -3250229736.794600 -4704072933.591004 2987095773.635861 1068.361034
-14639639698.811983 2987061902.622969 -13440759068.156345 -3324039579.788881 -4712090240.309536 2938871555.054539 1061.109095
-15878557735.915752 2555176976.090414 -14891744755.720026 -3101370840.548357 -5111856966.034266 3031735187.704445 1053.220870
-15931686102.923727 2511963566.200436 -14940906323.433125 -3177163529.024662 -5116978940.614708 2984901777.788795 1044.423105
-15987670832.770657 2469695731.139613 -14992804211.013172 -3250085541.531183 -5121021429.972624 2941171045.627697 1034.696234
-16046713629.530962 2428318761.810321 -15047754193.815548 -3319531645.019343 -5123555984.821445 2901140950.515579 1023.848131
-16108110009.335299 2388332660.538411 -15104794901.803329 -3385029152.931443 -5123621028.939281 2865643802.964709 1011.693535
-16170818640.310555 2348338966.202904 -15163533212.159872 -3445628120.442436 -5120554720.861463 2834506251.442858 998.282356
-16236921697.602224 2308774933.861524 -15225884027.664833 -3502479276.102127 -5114749493.832644 2807823961.407459 983.764991
-16314045819.287050 2282935521.789009 -15292873203.095747 -3566686461.051635 -5107612610.704057 2790135546.201775 966.944033
-16898291573.231684 1832799666.064869 -16078829686.453577 -3305482591.143132 -5265057114.917653 2761571210.019388 949.295812
-16856361827.575314 1064640992.384088 -16391621195.218674 -2562054743.781181 -5203887464.679609 2660270079.477675 930.313403
-16925911160.583351 1027734614.904764 -16452140000.266056 -2611293590.253223 -5179508854.364342 2642530452.518935 403.908942
-16588530263.765846 33369809.027034 -16576158630.308210 -1656723491.579579 -5032952791.253813 2428576879.637411 882.296727
-16648247040.048306 3314833.780760 -16621089183.936277 -1699717843.283824 -4997606482.243188 2415401017.734953 861.594377
-16641207588.693184 -126016037.577091 -16647332750.455685 -1633652300.619056 -4939003064.210919 2380405076.565520 833.904145
-16692992769.246588 -147161350.960420 -16677952734.997076 -1684397281.298594 -4892724904.018183 2373756716.228375 803.934306
-16662114603.972012 -308433856.419264 -16693805607.638294 -1586421435.301693 -4820811954.177161 2333390195.857003 771.723290
-16691808261.190060 -357166279.786028 -16715515190.861454 -1605999825.389833 -4763379412.291405 2322990519.671747 737.252950
-16712945329.183071 -411207582.517017 -16731183543.992750 -1618632409.653640 -4701567336.026525 2313153575.562431 700.771235
-16570638362.249371 -695399953.732984 -16694577211.412849 -1373016644.687150 -4593704676.924100 2245178178.939571 657.877676
-16559876071.374321 -768617911.385401 -16687991770.242725 -1357615029.848094 -4521218800.663121 2233327001.922973 614.356843
-16557891601.350798 -833359064.655718 -16686011724.376633 -1353155205.105664 -4450791880.021416 2226046425.287428 567.586844
-16552492890.535620 -899225100.818652 -16681127852.818092 -1349507039.690195 -4379616527.166786 2219223488.792920 517.176247
-16441912117.858213 -1163768730.599476 -16668249541.876999 -1108845302.060400 -4280130002.408428 2172320766.752953 464.939344
-16426517510.261600 -1225988838.801322 -16653145006.396921 -1110473705.001562 -4205958195.933372 2166518148.250887 408.333770
-16404494798.504232 -1294293253.948692 -16635098448.622892 -1106532521.007263 -4131106832.233949 2159186107.460931 351.736011
-16380849425.556740 -1365895974.506010 -16618470187.648849 -1101240335.304210 -4055203711.728992 2151327708.690237 290.917208
-16342632380.565918 -1453862430.628889 -16597053424.527922 -1078928964.421133 -3976995442.751721 2137005031.191810 218.223955
-16060077325.338369 -1778770530.645887 -16463900537.517502 -669292923.030716 -3834977589.341924 2086825127.039507 147.319087
-16037060256.218727 -1838797185.407930 -16449669916.826288 -673364777.990874 -3764706569.196423 2079731823.619723 75.593213
-16016422914.194099 -1895192898.943365 -16437582615.383429 -682415024.071836 -3695204989.344718 2073397932.171292 2.896970
-15995308244.560745 -1950608821.870965 -16426557463.381849 -691207447.330857 -3625386085.290985 2067575811.775606 -67.054530
-15974472754.889378 -2004784727.306100 -16417600546.548157 -699777136.987938 -3555195082.206483 2062269817.094337 -133.991932
-15953412481.609550 -2057955671.155164 -16410792419.815065 -706537220.657550 -3484273334.306985 2057530201.897877 -194.788510
-15841698371.181137 -2315267133.155336 -16449701798.362337 -305167490.638329 -3384012729.367838 2064866562.795342 -248.978605
-15808738797.894236 -2364151366.314687 -16442838268.137865 -291278199.773331 -3309877646.676209 2061980905.059387 -290.728123
-15732914054.516508 -2445395598.631118 -16424246789.237175 -189759103.349618 -3225168159.399336 2059714649.357709 -264.086842
-15649569938.047964 -2524952797.167564 -16412819185.694265 -63848242.848238 -3139731886.874231 2059476020.856973 -279.465181
-15591416282.762592 -2569902302.500193 -16410811185.268967 182825.859624 -3062148933.939250 2058821653.157499 -270.457647
-15513054814.120005 -2617718316.921862 -16404823695.099312 99995417.063756 -2982240681.812323 2059447056.598051 -266.376834
-15414567898.504038 -2665068441.850910 -16396301788.345333 235853165.854749 -2901623455.840860 2061730596.729432 -254.679159
-15107832675.301832 -2827711647.690102 -16337949298.397743 857635284.820012 -2777961101.739532 2102430541.920212 -242.776498
-14984185613.785513 -2841909133.972038 -16334868096.364702 1033374679.237578 -2704499999.794466 2110267599.073355 -232.806531
-14859047024.485716 -2834984123.158978 -16336833960.342342 1204156570.608120 -2636789300.611783 2119353740.398704 -234.416364
-14740330685.030193 -2804032922.082545 -16347077665.517067 1355665577.090675 -2576189338.804066 2128781329.164535 -232.185207
-14614609329.907206 -2754777965.759647 -16362080476.616856 1520166932.697587 -2519324635.527343 2141975316.021621 -252.501517
-14529275495.301367 -2678525916.860145 -16410638774.803913 1627763202.128310 -2475899587.971762 2150996293.499656 -139.871299
-14496668087.631460 -2571357832.507382 -16480677416.878412 1626701117.178652 -2445485804.727432 2150953238.855019 -169.444148
-14467210060.638161 -2446023314.060382 -16536616973.369995 1579173486.283559 -2418592953.445023 2146250079.246341 -203.132005
-14464320152.316755 -2311381201.794026 -16601657895.849833 1480178326.246175 -2398704142.389143 2136500373.793230 -232.574932
-14489292479.276516 -2172922673.354652 -16677642850.874731 1334746976.814296 -2385053420.976358 2121762160.441417 -249.297363
-14536873043.006655 -2034487816.664727 -16762454650.739483 1155894910.547615 -2375814268.382392 2103079735.538853 -239.295935
-14597852908.211718 -1897956317.131612 -16852606140.227453 960593807.256949 -2368988967.540827 2081643677.134391 -220.258070
-14501364809.853594 -1725751271.452757 -16979883358.706198 1132267602.199648 -2347119965.247103 2071237555.618345 -179.702756
-14574170065.111427 -1577379874.402264 -17082539953.340431 934861018.723523 -2342642222.413588 2048552518.313414 -106.237422
-14646533529.078842 -1427970330.927737 -17189745770.828350 751975011.228914 -2337559303.692611 2026692913.213614 -13.421229
-14718164227.807650 -1275723890.826966 -17301950750.406223 583746323.599206 -2331742515.350558 2005941508.056838 96.231350
-14788888165.548286 -1119753364.362173 -17417183929.180965 426711257.858269 -2324947632.495811 1986107161.587367 198.035524
-14850092495.472445 -957123041.528386 -17529623665.886429 289587241.668485 -2315845917.538380 1968336652.718032 276.359986
-14717040891.091942 -681133514.344147 -17619075340.796867 415063737.014979 -2290586354.500334 1939230081.242690 357.881467
-14794965598.786367 -518476894.702743 -17727729306.844593 231381455.916599 -2285755168.441243 1911068020.000898 407.775080
-14843239186.200909 -337484630.993239 -17833299255.461731 115679765.158893 -2276448952.481439 1893999182.667423 446.758102
-14879989435.618256 -147074441.865946 -17938344113.357281 25253109.288725 -2265767533.764311 1880288053.119445 477.369215
-14908060152.021063 50992873.483142 -18042645599.708382 -48049433.262224 -2254291758.920835 1868934511.844935 499.652698
-14932242539.613554 250877398.107229 -18143739150.502583 -118125464.821786 -2242420440.955290 1858127538.621686 514.728879
-14376564327.519571 1067300706.863712 -18326547210.479546 689674489.549817 -2202086897.752491 1838267147.916678 530.570795
-14454136874.044546 1237274215.449278 -18422355140.104271 482307115.794761 -2200255775.496694 1804012293.845365 538.989728
-14506077399.677710 1421062398.111428 -18512267802.362309 327167051.198573 -2195800706.741618 1778338605.436842 544.267858
-14570084727.254463 1578990376.625910 -18594212368.745708 141750523.231777 -2193006986.452772 1746531880.563310 548.371486
-14649796769.071863 1704986123.418225 -18667726441.055347 -79502148.671928 -2192114554.810305 1707355181.682138 550.840507
-14745773174.435440 1798099341.338784 -18733978749.925606 -333295718.510528 -2193019569.135843 1661156939.884711 552.199808
-14854044475.464972 1863760567.363789 -18794679802.110310 -607211314.604048 -2195034334.373006 1610114633.087220 552.454224
-14743543247.144947 2253614215.855984 -18914655231.518841 -825991891.839291 -2210265353.482853 1420052434.825075 551.583562
-14864602910.470694 2288351643.830865 -18964145877.920868 -1120468599.683585 -2213061805.788869 1362690607.720058 549.940626
-15001445181.268021 2273879077.853011 -18993642221.773396 -1467313265.952157 -2216826548.169913 1291031725.123494 547.532120
-15137566873.852106 2236431789.590379 -19014049741.533207 -1810007481.900264 -2221590813.102911 1218183896.602935 544.895355
28920177054.368256 303398307293.150330 28770262971.458935 -191645994189.228729 11170067159.920696 10224531685.281229 542.162951
18129800000.020390 127038967788.017960 -82208467257.074020 100383362109.905853 -4830038887.209511 8985905738.343754 539.253808
-15216006925.304592 2565697809.566882 -19093081866.128208 -2586159635.607747 -2238999319.122241 889441444.927937 536.280369
-15312396214.771652 2536191352.655271 -19091929078.141300 -2834057930.089941 -2239680991.528299 829768428.470769 533.320086
-15395525162.926208 2515069702.315093 -19086845883.937130 -3052748450.844196 -2238661974.245570 774915128.981276 530.370256
-15464528832.896046 2504657013.522564 -19078431794.409153 -3241951349.853714 -2236224383.347155 724918635.291420 527.506214
-15511919308.120947 2524935987.728043 -19072132944.978626 -3383288124.432310 -2232000605.584042 683166623.579158 524.699692
-15546504909.769417 2557059579.945482 -19062919060.794930 -3502535641.389505 -2226787639.166982 644632556.692446 521.880218
-15572916783.396679 2584561795.445487 -19045480772.874187 -3615847894.543212 -2221195627.143196 606164121.558744 519.099620
-15584981863.129299 2626557255.044231 -19026437427.141628 -3703878386.215482 -2215232550.443703 571855609.649620 516.363184
-15584932670.832874 2679305191.668856 -19005585361.828106 -3772395198.407340 -2209389855.510868 540646299.147651 513.639088
-15590440737.571663 2694321811.286905 -18971264249.402885 -3882668534.143676 -2205739019.549108 497016958.408062 510.948788
-15588007820.094877 2714638576.159252 -18936592195.791340 -3975814196.960530 -2202770016.701768 456515336.681746 508.434663
-15521736206.226295 3414799577.884831 -19257719572.664547 -3782349631.000082 -2230076060.038260 391786431.475065 505.945137
-15501298772.657175 3472516175.009600 -19228613253.115345 -3832337260.723921 -2227972780.515778 360716601.840045 501.712446
-15484969706.554268 3517198857.127686 -19199956219.298382 -3892303816.799623 -2227495379.409389 327438093.644343 501.044694
-15476959168.607180 3543802050.454041 -19172942037.464577 -3967188116.872248 -2228678051.617481 291403505.420602 498.648147
-15479355874.761770 3552894805.310212 -19149580118.127819 -4056664988.540155 -2231098848.416483 253127591.499451 496.367917
-15488431790.661945 3550150591.187117 -19127569479.125324 -4155348974.184361 -2233990268.738420 213267442.281902 494.185974
-15499794046.952831 3540107681.886000 -19104876088.730431 -4257652577.412283 -2236763881.224183 172712370.823258 492.122443
-15903212794.080734 3573716834.337503 -19539264103.272820 -4557120500.811847 -2298512408.906005 100363364.789705 490.243016
-15904437779.128994 3570684943.705121 -19509400046.593182 -4646653646.359669 -2298949509.158475 61052503.955284 487.880602
-15911094096.492641 3559278080.962964 -19483090326.078934 -4731078754.108007 -2299914307.744742 26032983.600889 485.758618
-15912950629.536987 3562748452.825888 -19458969366.999512 -4800776507.078831 -2299812275.552366 -6205888.796759 483.986608
-15910814263.197540 3576752549.713612 -19435258133.260914 -4855613231.997347 -2298546362.510886 -34461144.712428 482.274662
-15903693690.235079 3603017981.964858 -19411643676.689110 -4894758525.267759 -2296384927.828213 -58873303.636254 480.516637
-15891727637.549452 3641278319.886737 -19388632752.883469 -4919785009.709456 -2293599309.907924 -80012753.082585 478.667033
-15877861742.622202 3688033899.119241 -19367538510.637329 -4934062967.510861 -2290448294.916910 -98154521.785695 476.784916
-15863948139.807337 3741044320.949403 -19349199175.758034 -4939218495.996050 -2287012675.638304 -113180013.322274 474.941362
-16068272694.294353 4123377318.929778 -19733475240.461796 -4720815426.800315 -2312945971.443644 -38149826.166861 472.993561
-16058336076.421463 4183746768.977190 -19721144705.473698 -4715050739.514235 -2309319370.248692 -48281087.242743 470.995707
-16051404663.390270 4244111173.987000 -19712506868.782196 -4705795665.063671 -2305923975.138718 -56184362.140920 468.855980
-16048267742.549791 4302940202.917853 -19708168979.254452 -4694458715.721772 -2302865161.418501 -62025947.565676 466.864964
-16048825319.244421 4358409024.603689 -19707333728.032711 -4683385428.246082 -2300197093.094658 -66621614.212309 465.042659
-16053009900.851048 4410382817.468559 -19709722442.448822 -4672863367.717265 -2297904543.533008 -70123159.781822 463.516242
-16060401480.594584 4459379408.858754 -19715049379.522709 -4662813813.011182 -2295954520.538741 -72678867.202150 462.056091
-16070915241.944826 4504745878.540976 -19722988044.312050 -4653892760.768914 -2294357943.531597 -74498176.441100 460.509929
-16084445874.524321 4544997016.684764 -19732931110.142960 -4647355930.853535 -2293150253.304518 -75965635.686753 458.837666
-16100481680.516186 4580764316.604380 -19744623223.021698 -4642541692.876178 -2292299774.904371 -77017246.075288 457.155605
-15780443192.341240 5122297090.793387 -19618677723.525688 -4176003508.784030 -2254855045.025296 -8217580.995418 455.554137
-15576088182.336416 5044259148.887150 -19338871685.223766 -4202669701.520583 -2226592443.086028 -46473666.990912 454.255444
-15594063537.032576 5070849447.580638 -19351472024.132030 -4201169623.400830 -2226385457.620493 -47023354.512570 453.022531
-15104529034.596609 5136647497.759017 -18827270075.924862 -4146525429.691742 -2171688579.520672 -128318787.999101 452.239936
-15121322029.606405 5158502855.346137 -18838730066.064175 -4145469239.493604 -2171410701.516669 -128465415.233385 451.690485
-15137300534.732630 5178839555.038895 -18849461875.713051 -4144061124.131876 -2171053708.282728 -128379807.566293 451.542420
-15124379592.781107 5194156968.294421 -18826989121.513165 -4132703310.888631 -2166956748.722142 -128137334.168403 451.438423
-15137585939.607168 5212246038.468332 -18834884199.385883 -4130260202.970902 -2166639951.902025 -128023511.762809 451.319072
-15149001671.864092 5229631297.553335 -18841060140.203453 -4126926492.903649 -2166319838.928052 -127890241.306485 451.292662
-15158303351.636292 5246658968.270298 -18845307507.054966 -4122513491.047811 -2165968972.314122 -127759324.872939 451.233864
-15165588710.967152 5263232267.084697 -18847750908.169289 -4117142487.908871 -2165597127.311132 -127633885.105555 451.323125
-15170685681.839230 5279390102.928364 -18848224369.250889 -4110950616.841386 -2165242873.325147 -127636515.643247 451.402089
-15143423652.502110 5273292611.328177 -18804509973.542698 -4094546638.941936 -2159882532.486143 -124664383.359950 450.817695
-15143165855.637009 5288120565.680107 -18801201962.751717 -4086365245.250859 -2159610130.981087 -124720076.916070 450.667223
-15141932405.919279 5300603296.550682 -18796716079.773022 -4079013350.320284 -2159476059.001289 -125039944.091251 450.623554
-15139222269.511623 5311804450.926350 -18790917194.206619 -4071983318.674652 -2159428335.696049 -125646520.916565 450.572433
-15135093604.647316 5321608265.800769 -18783946539.301479 -4065658758.239050 -2159481539.589889 -126651705.608087 450.323641
-15130126759.709810 5329836896.691080 -18776445542.860188 -4060342347.539789 -2159682173.668046 -128006921.557992 449.937994
-15132249449.867981 5287653647.948454 -18756325298.107986 -4071015608.386189 -2159120094.165534 -126351535.945973 449.553722
-15124860561.561491 5291936884.263491 -18747372913.356655 -4067004317.381340 -2159569490.292474 -128041702.839640 449.244839
-15117726163.506369 5292979813.975834 -18738561643.941597 -4065525158.649260 -2160260898.931468 -130246802.090641 448.925851
-15110577561.684912 5291577780.882894 -18729978198.341473 -4066027260.183113 -2161150512.375577 -132853023.910023 448.679918
-15103732804.432222 5288143304.248872 -18721931589.405960 -4068296132.685901 -2162231065.686648 -135766877.092421 448.612205
-15097337197.833685 5283493335.371746 -18714562081.884655 -4071853030.906041 -2163461491.090215 -138891719.902449 448.660086
-15303379674.097700 4971782882.981467 -18809099928.481796 -4191571444.955892 -2177740865.942915 -100020432.364430 448.559727
-15298093223.814169 4966349205.564938 -18803329840.250027 -4196397527.887237 -2179190592.915807 -103201779.638718 448.330866
-15293292289.337959 4960822267.411736 -18798193980.344322 -4201367801.898243 -2180699525.570993 -106296304.383864 448.091953
-15288825598.082521 4955546859.045742 -18793425223.397449 -4206110352.492813 -2182219718.672865 -109259745.681698 447.986145
-15362866363.884829 4836816754.252039 -18825918027.554260 -4206637226.963160 -2185267230.151649 -72603314.014324 447.871790
-15358963219.649469 4832759183.334087 -18821713202.847992 -4210282492.413420 -2186723944.331798 -75150928.276610 447.591312
-15304447567.113890 4895101382.898059 -18790984043.009037 -4143109363.913071 -2181744958.876024 -64264277.001448 447.348293
-15301289023.927132 4890733894.982164 -18787733966.648281 -4146660495.755494 -2183230618.000816 -66497310.520032 447.002359
-15298540519.879911 4886695103.475821 -18784930181.654251 -4149793131.734452 -2184698664.938865 -68495075.381627 446.560816
-15268772270.873728 4904942859.529350 -18762028659.422871 -4134570130.492769 -2183247526.567255 -70735502.606398 446.147349
-15266796201.403688 4901223128.109038 -18760136365.593731 -4137064912.555903 -2184688706.927087 -72282927.184857 445.896879
-15265102708.971676 4897748638.280240 -18758570840.960159 -4139273012.999586 -2186076298.402885 -73645357.841616 445.729378
-15263676129.976231 4894524588.824449 -18757295362.802223 -4141230295.380288 -2187400848.433253 -74844366.093250 445.328107
-15255567172.241652 4889443270.226590 -18748053962.257782 -4138020913.201395 -2187484333.092576 -74288689.224731 445.238155
-15254744234.325165 4886450767.730401 -18747528725.015804 -4139579856.743605 -2188680661.481188 -75110384.708463 445.179560
-15254032404.699272 4883663568.188267 -18747096249.897060 -4141011646.796340 -2189780536.577158 -75842975.156590 445.274227
-15253272912.639095 4881016115.190084 -18746566059.560055 -4142412758.372937 -2190815211.322499 -76578971.512887 445.409493
-15208536593.942551 4896330539.424864 -18705548950.144188 -4123695023.433608 -2186786478.385263 -79182634.822733 445.608467
-15207539957.170330 4893864906.189663 -18704698870.433109 -4125187992.213160 -2187749733.226141 -80038632.110359 445.888754
-15206474015.548893 4891642628.752084 -18703726050.378304 -4126610518.585568 -2188603193.448745 -80884870.622778 446.168815
-15176230543.737539 4899564494.576280 -18675008606.569481 -4116984473.145047 -2186033241.381701 -83762706.114201 446.384599
-15175197266.834915 4897873341.075915 -18673981537.075531 -4118162939.380999 -2186652329.431239 -84503838.355817 446.488964
-15174292718.197338 4896370606.566066 -18673086170.224930 -4119228888.416366 -2187158840.436558 -85142922.145268 446.566652
-15181563495.020796 4900394144.101080 -18683386202.577930 -4119182474.114016 -2188641468.747845 -84628227.877187 446.607782
-15181045647.754768 4899383514.950997 -18682897898.500443 -4119870998.215268 -2188905474.013911 -84976353.480250 446.629660
-15180757558.220991 4898627368.702033 -18682656363.974277 -4120347957.070677 -2189037946.348279 -85154926.944570 446.676557
-15194748135.672070 4892331875.843502 -18695559971.194481 -4129433243.490005 -2190818347.495292 -85779061.770983 446.746845
-15194904019.960127 4892134354.061655 -18695786117.354206 -4129461294.517884 -2190689333.661389 -85623802.041577 446.842804
-15195259164.396002 4892207632.131232 -18696219165.538601 -4129288579.684366 -2190438205.924504 -85323255.467572 446.984397
-15195805898.684654 4892586909.228029 -18696845043.704533 -4128900287.855268 -2190063619.789525 -84881131.029269 447.182939
-15196445166.086210 4893255103.828053 -18697549942.105824 -4128341057.068690 -2189628842.570240 -84374963.490510 447.374156
-15196957692.233503 4894028041.319616 -18698085191.026138 -4127761410.067493 -2189323520.773371 -83992530.786706 447.529967
-15204717912.894789 4886729161.411110 -18703082664.107254 -4140189685.833330 -2190359926.874233 -87337720.638500 447.564849
-15205006602.946726 4887435903.565228 -18703345101.310131 -4139757312.723137 -2190190591.700815 -87143506.140460 447.569158
-15205226143.844872 4888068908.856520 -18703531938.828865 -4139387013.803448 -2190047166.798769 -86993977.933185 447.511067
-15205388141.037621 4888582274.262577 -18703664338.615494 -4139093575.391867 -2189934883.286771 -86882393.783737 447.408320
-15205481607.840330 4888910319.344378 -18703737674.802540 -4138919536.757935 -2189868510.370685 -86822253.472403 447.288116
-15204091874.998373 4886254235.264229 -18700999292.323349 -4144500893.179233 -2189934941.649812 -89437071.704419 447.151664
-15204093090.241425 4886248285.205895 -18701001915.211361 -4144506005.702943 -2189936452.077602 -89438436.977818 447.127656
-15204093647.871420 4886217228.587448 -18701007414.959194 -4144526126.563620 -2189939983.065910 -89440509.777134 447.142695
-15221486306.426302 4867269705.516651 -18711955596.237083 -4170182446.044983 -2192496594.144502 -95450644.652831 447.143618
-15221495714.613230 4867286025.545807 -18711964035.383503 -4170157526.441056 -2192497209.197744 -95441150.990106 447.135529
-15221502258.848108 4867279481.432061 -18711972980.314659 -4170155385.858570 -2192499638.882913 -95438011.273144 447.148684
-15221496545.161694 4867267506.167814 -18711967687.345970 -4170164913.317482 -2192500699.692331 -95441263.292082 447.162952
-15214425654.765491 4875643337.574352 -18707796981.917305 -4158352170.894061 -2191404571.247606 -92423724.786900 447.152490
-15214420061.180893 4875630117.215447 -18707792296.085133 -4158366343.650110 -2191406615.363436 -92429238.123055 447.160704
-15214418624.870918 4875634483.696891 -18707789908.150848 -4158366227.129467 -2191407630.536107 -92431326.818031 447.159182
-15214027455.428118 4875745928.541215 -18707415825.271725 -4158159900.897273 -2191360226.680641 -92424741.671413 447.155539
-15214030053.492846 4875753578.560149 -18707417812.183449 -4158152528.387677 -2191361217.300354 -92423295.143938 447.162016
-15214027282.144148 4875761696.324577 -18707412961.544224 -4158147132.909694 -2191361617.574006 -92424595.241683 447.145815
-15214761267.071989 4875366924.693973 -18708054057.113510 -4158641929.977832 -2191453488.274928 -92456594.194229 447.146472
-15214761810.360132 4875364510.677150 -18708054854.703918 -4158639659.588953 -2191455416.994575 -92456459.815322 447.147568
-15214769305.340269 4875378044.754184 -18708061590.605755 -4158620954.222145 -2191455489.390550 -92449851.515460 447.147407
-15214551512.571260 4875428555.174994 -18707848408.131161 -4158537894.734278 -2191430952.343570 -92460674.809548 447.150238
-15214550473.525297 4875423192.590988 -18707848022.983028 -4158541210.314155 -2191431466.755179 -92462090.003470 447.152427
-15214542471.253292 4875410733.148819 -18707839964.615715 -4158554250.108908 -2191433294.828971 -92467474.275665 447.153952
-15214548635.393530 4875423444.084412 -18707845514.317013 -4158541190.226412 -2191433617.123203 -92463806.898371 447.156070
-15214289152.302269 4875759619.061930 -18707703931.433506 -4158189615.744376 -2191401673.761939 -92400866.937038 447.155783
-15214282118.665827 4875746960.647486 -18707697383.648506 -4158205348.941194 -2191403342.226885 -92407576.224648 447.160434
-15214280566.011917 4875752326.861985 -18707694656.088070 -4158203236.105638 -2191403936.468874 -92409009.232628 447.154473
-15214280815.608492 4875755619.835218 -18707694371.644894 -4158199798.311694 -2191405145.680475 -92409336.975743 447.147870
-15214280785.978863 4875750473.560802 -18707695077.149509 -4158202277.222804 -2191406258.904304 -92409438.223871 447.147766
-15214279129.659754 4875742459.150927 -18707694203.398933 -4158207997.368663 -2191408073.852114 -92411425.827664 447.150534
-15214396774.805103 4875589117.662312 -18707759184.723248 -4158357295.089674 -2191424335.079854 -92435936.470901 447.148931
-15214411964.912819 4875615950.808743 -18707773512.543373 -4158325936.165822 -2191423897.890372 -92423801.566928 447.145091
-15214417330.407265 4875615644.585677 -18707780142.165070 -4158323240.145140 -2191424025.300238 -92420589.731116 447.131564
-15214397664.121227 4875559657.465569 -18707764264.057674 -4158372664.235722 -2191427602.676039 -92436330.744353 447.127975
-15214396073.433933 4875539553.446459 -18707764939.571972 -4158379152.715502 -2191428459.121468 -92435802.828802 447.152001
-15214402355.153257 4875547591.017789 -18707771563.318348 -4158372730.475745 -2191429314.408924 -92433727.125062 447.154610
-15214391243.009697 4875529168.180246 -18707760883.929409 -4158394561.003647 -2191430373.117489 -92442516.973633 447.179634
-15214399247.826965 4875573730.839385 -18707763947.431114 -4158361645.821967 -2191426910.950447 -92435242.559362 447.151335
-15214403238.396749 4875579885.287120 -18707767972.865540 -4158354601.356522 -2191427569.500693 -92432202.116179 447.155488
-15214505436.331249 4875680851.864064 -18707932937.590549 -4158331005.558454 -2191444774.898779 -92419000.072725 447.177582
-15214508260.513382 4875718349.820661 -18707930492.838345 -4158302627.913377 -2191442753.362916 -92413938.769701 447.154987
-15214512369.575939 4875726080.541183 -18707934454.896954 -4158295743.355486 -2191442942.369184 -92411707.137937 447.141376
-15214509965.969746 4875703481.839872 -18707935191.328011 -4158315606.120839 -2191444814.865425 -92416199.717476 447.173280
-15214519716.360344 4875743863.457906 -18707941026.747730 -4158282493.489536 -2191443306.084860 -92408194.995799 447.150421
-15214525740.908260 4875748253.377732 -18707947897.742386 -4158277307.939632 -2191445112.435829 -92406137.338633 447.154938
-15214520398.207809 4875738275.575162 -18707942889.947712 -4158290355.590384 -2191447075.190846 -92411823.992286 447.178904
-15214533431.668386 4875787365.162940 -18707951606.505604 -4158250951.502830 -2191445304.841231 -92401981.706337 447.152338
-15214533218.688101 4875778548.529259 -18707953094.873749 -4158260551.201362 -2191448546.589811 -92405503.708631 447.149100
-15214521134.958954 4875755421.799809 -18707941679.991890 -4158281208.204811 -2191451806.514841 -92413939.097237 447.174050
-15214525805.136221 4875786152.080756 -18707942721.290817 -4158258635.231867 -2191451980.622613 -92410367.479221 447.164510
-15214465098.725204 4875686770.884474 -18707827422.036205 -4158278812.071195 -2191442117.035259 -92414985.976151 447.164807
-15214457832.856897 4875680379.099831 -18707819782.939034 -4158290955.118397 -2191444201.231120 -92421948.550821 447.169216
-15214467093.641630 4875710923.773447 -18707826598.440495 -4158265749.497723 -2191444645.806907 -92415792.558968 447.150034
-15214474146.303968 4875714171.413521 -18707834891.537781 -4158260458.195773 -2191447733.821160 -92413837.671950 447.162829
-15215187036.191816 4874966797.475310 -18708287618.771824 -4159083650.943316 -2191539022.319693 -92550771.680311 447.156350
-15215195407.141788 4874977514.645787 -18708296533.020363 -4159073419.746301 -2191541303.621151 -92547711.543774 447.158854
-15214789793.236629 4875645553.559241 -18708133463.968109 -4158438038.053179 -2191493924.720255 -92434627.353045 447.171527
-15214797593.817562 4875674323.501205 -18708138680.264473 -4158416192.614741 -2191494794.358424 -92431201.274752 447.166681
-15214802181.061005 4875687107.569735 -18708142710.476124 -4158409571.466870 -2191496998.956040 -92431035.642735 447.161334
-15214556444.070919 4875514672.323744 -18707801971.565491 -4158532247.853340 -2191472182.752722 -92509547.607802 447.175493
-15214559434.983250 4875540415.533200 -18707801843.251461 -4158513284.587596 -2191473121.331858 -92506871.287938 447.177148
-15214566792.819561 4875573385.240625 -18707805899.546448 -4158488832.165609 -2191473601.839631 -92502423.793912 447.175377
-15214644934.016539 4875618231.820554 -18707891780.371925 -4158467033.807845 -2191482625.015931 -92487882.824826 447.160588
-15214648244.970123 4875618487.597662 -18707896166.764935 -4158469564.926164 -2191485188.037512 -92489498.284569 447.149823
-15214640900.907572 4875589694.242381 -18707891846.665764 -4158496769.520422 -2191489165.598320 -92498638.001563 447.176942
-15214655504.411367 4875633334.133203 -18707903179.900070 -4158460435.329393 -2191488881.797463 -92489214.178136 447.178808
-15214660023.809319 4875661590.188477 -18707904424.423000 -4158441221.741059 -2191489018.587039 -92486712.949510 447.161285
-15214663706.285397 4875664922.216994 -18707908666.130386 -4158439815.120634 -2191491366.260284 -92486742.300857 447.162660
-15215141706.858719 4875209055.326701 -18708237800.738831 -4158908822.648100 -2191551301.727144 -92544573.453459 447.167109
-15215143243.705770 4875217403.787237 -18708238454.895771 -4158904763.167245 -2191552565.523130 -92544846.898443 447.156914
-15215143975.354548 4875212751.513005 -18708240222.159283 -4158908319.050262 -2191555917.915309 -92546664.726628 447.162017
-15215143246.228523 4875212485.658880 -18708239471.553463 -4158909270.885603 -2191557301.279679 -92547703.585721 447.162138
-15215143588.010712 4875212383.932552 -18708240087.570404 -4158910679.228821 -2191558797.186851 -92548672.398861 447.159163
-15215112747.460382 4875123645.740226 -18708164578.222324 -4159013563.749470 -2191558052.118640 -92591442.450326 447.158081
-15215109983.857689 4875111324.257239 -18708163299.757507 -4159027009.062306 -2191560059.970278 -92595665.832730 447.160499
-15215107991.288231 4875107285.857574 -18708161445.512585 -4159031774.924066 -2191561332.191587 -92598461.835692 447.164622
-15214886437.842621 4875526057.662433 -18708089366.877300 -4158628205.760954 -2191532935.653680 -92518729.790872 447.153247
-15214889271.454964 4875521037.196703 -18708093733.605099 -4158630243.413818 -2191533977.257556 -92517632.309459 447.147434
-15214618166.969223 4875827933.408873 -18707947863.865955 -4158314608.506185 -2191504086.875959 -92467395.673331 447.163985
-15214623455.936626 4875843110.968736 -18707952003.085747 -4158299881.196874 -2191503422.472527 -92462756.782987 447.161248
-15214849469.659519 4875384024.665175 -18707990416.148338 -4158701708.929455 -2191526930.145025 -92535362.740220 447.140899
-15214837866.097471 4875337804.360787 -18707983456.505753 -4158741624.472818 -2191529174.203266 -92545884.725492 447.146344
-15214825239.742847 4875300955.380356 -18707973539.689159 -4158773871.832716 -2191530546.267861 -92556139.237402 447.154578
-15214825055.530279 4875301190.208776 -18707972975.430656 -4158770468.333894 -2191530732.468915 -92554627.659386 447.159938
-15214375376.169962 4876206983.459470 -18707859193.855854 -4157880758.116937 -2191470963.815113 -92365436.420112 447.174254
-15214380497.657228 4876227178.270386 -18707862621.838615 -4157869581.073298 -2191470271.204044 -92363234.935230 447.154162
-15214377888.985764 4876220919.476282 -18707860191.453960 -4157871978.059757 -2191470178.394316 -92363679.789445 447.159896
-15214783389.686382 4875243467.061128 -18707882391.281330 -4158802193.573411 -2191521240.487710 -92569331.427318 447.153234
-15214780364.427958 4875227032.839207 -18707881551.543732 -4158816677.872213 -2191522925.499578 -92572846.635090 447.163797
-15214777322.564104 4875228340.296664 -18707877637.609623 -4158816525.180725 -2191522639.839623 -92573517.586307 447.157338
-15214787262.050766 4875243966.317628 -18707887468.300694 -4158798877.828874 -2191522012.650007 -92566056.037360 447.146921
-15215018330.270220 4875339081.604336 -18708193728.042164 -4158850454.776350 -2191557745.975792 -92564286.890454 447.163575
-15215022024.563540 4875354228.884686 -18708195794.391495 -4158835852.190351 -2191556624.541211 -92559716.605364 447.158714
-15215024347.275278 4875361946.815107 -18708197323.026379 -4158826120.259963 -2191556807.294056 -92556786.056378 447.141685
-15215022501.101940 4875337392.502979 -18708198954.889751 -4158843724.858720 -2191558386.144844 -92559339.385366 447.163242
-15215026943.437838 4875354954.209559 -18708201633.681911 -4158825336.041943 -2191557899.841184 -92553943.335971 447.154973
-15215027785.362663 4875352496.686110 -18708203145.961311 -4158825120.063742 -2191558496.419381 -92553067.729654 447.142048
-15215009985.816376 4875302862.515422 -18708188847.388565 -4158869663.030833 -2191561412.897926 -92566991.846922 447.167950
-15215009475.778189 4875318507.863636 -18708185581.902649 -4158856124.013996 -2191560262.459847 -92564755.495820 447.171504
-15215025301.239868 4875357006.108845 -18708199291.543842 -4158823458.969544 -2191557703.497606 -92553912.076311 447.146793
-15215023115.626354 4875336937.153563 -18708199766.350780 -4158839575.915834 -2191558759.663393 -92557363.510075 447.159079
-15214708426.836378 4875473534.411976 -18707914518.268719 -4158589196.813700 -2191516270.352557 -92518365.194406 447.164813
-15214719840.823912 4875503975.056861 -18707923778.710537 -4158559000.350632 -2191514787.027957 -92508489.346600 447.141570
-15214714941.633419 4875475689.599008 -18707922019.003601 -4158581604.571359 -2191517453.045134 -92514138.912055 447.165716
-15214718527.615416 4875489837.970681 -18707924293.610462 -4158570474.663381 -2191516565.882935 -92511289.847965 447.164368
-15214726180.977440 4875511582.861320 -18707930327.865078 -4158549902.864656 -2191515494.485025 -92504758.215588 447.149151
-15214720776.284521 4875491110.855807 -18707926843.799446 -4158566887.755191 -2191517239.466638 -92509860.435502 447.164027
-15214388288.432854 4876041952.326983 -18707790562.498108 -4157999754.610741 -2191472719.589666 -92393472.695525 447.161747
-15214391341.193192 4876052990.610777 -18707792556.713547 -4157989460.130527 -2191472446.446961 -92389967.032742 447.151567
-15214388051.959398 4876043030.197836 -18707789793.605129 -4157996364.444463 -2191473258.706685 -92391710.128049 447.166705
-15214389869.717072 4876056519.162031 -18707789879.320194 -4157986318.286263 -2191472801.667080 -92390046.005994 447.166469
-15214892764.901815 4875189876.270636 -18707962823.205311 -4158841259.138583 -2191535145.874826 -92560286.053299 447.147141
-15214883685.331848 4875160278.887987 -18707956165.870068 -4158867402.086297 -2191537205.400746 -92568021.987575 447.145055
-15214876135.609564 4875128867.451006 -18707951831.977699 -4158895066.795925 -2191539268.058145 -92575864.032055 447.168642
-15214879555.962534 4875153479.912552 -18707951818.860195 -4158873510.450924 -2191537784.383313 -92570969.489029 447.168633
-15214892497.737593 4875191445.632607 -18707961653.356522 -4158838367.388226 -2191536075.112681 -92560553.913755 447.148044
-15214801057.961742 4875452124.621526 -18707989750.820236 -4158604036.391956 -2191527755.843890 -92507725.666901 447.153988
-15214798982.584719 4875443481.939492 -18707988510.186104 -4158611168.364335 -2191528761.546069 -92510230.987210 447.148321
-15214800323.559244 4875433072.608036 -18707991797.466984 -4158617783.054452 -2191529203.415527 -92510832.681334 447.158779
-15214795798.050240 4875426192.903438 -18707987240.447506 -4158626091.743601 -2191529619.740560 -92514276.259488 447.159442
-15214794413.385950 4875422919.634396 -18707986179.505096 -4158630830.953697 -2191529686.186823 -92516174.137801 447.165194
-15214795943.424135 4875431704.666484 -18707986774.719875 -4158625890.125743 -2191528607.811018 -92515448.665146 447.154230
-15214792387.269770 4875419397.274343 -18707984328.227608 -4158637653.192698 -2191529021.119183 -92519034.508798 447.158510
-15214794694.155233 4875425903.340927 -18707985991.795116 -4158631358.347690 -2191529188.283434 -92517512.383165 447.159739
-15214395650.590399 4876103039.226499 -18707833552.406494 -4157954031.351646 -2191477214.001155 -92382152.564676 447.160132
-15214395527.660971 4876108122.040256 -18707832445.584476 -4157948907.279428 -2191475924.558041 -92380847.736081 447.151183
-15214398644.620985 4876103344.947960 -18707837219.745728 -4157950836.900584 -2191476517.628300 -92379135.016592 447.155371
-15214398735.806894 4876100338.474975 -18707837800.665955 -4157952927.719149 -2191476705.376661 -92379396.845810 447.157216
-15214392797.856409 4876088129.148623 -18707832380.348953 -4157966180.315650 -2191476949.760875 -92384177.478156 447.165522
-15214400636.425707 4876111022.939612 -18707838590.264923 -4157944755.866666 -2191475727.645180 -92377513.571276 447.160278
-15214402505.704782 4876112677.437707 -18707840893.556046 -4157944508.214010 -2191474734.633217 -92376725.748453 447.147917
-15214384168.224659 4876066267.669079 -18707825662.122231 -4157988286.769298 -2191476515.884086 -92391348.868901 447.172883
-15214571885.820433 4875789779.696418 -18707888522.682522 -4158266561.220666 -2191495969.789165 -92446169.355883 447.161993
-15214577564.025328 4875801783.852792 -18707893775.735325 -4158256636.361648 -2191494826.449570 -92441783.667690 447.143914
-15214562943.274027 4875758234.629192 -18707882574.848766 -4158295857.536394 -2191497431.139151 -92453789.209511 447.167144
-15214572170.830227 4875787396.526128 -18707889421.986515 -4158268052.757818 -2191495908.107896 -92445057.729903 447.161553
-15214576647.529032 4875798805.901307 -18707893280.944370 -4158256920.357489 -2191495550.308733 -92441365.986239 447.154756
-15214756825.804602 4875532456.266525 -18707989602.107414 -4158520508.724068 -2191520006.339577 -92486957.992218 447.164530
-15214758886.230473 4875541282.019039 -18707990972.112385 -4158514017.871450 -2191519527.208322 -92485084.870684 447.156719
-15214760952.967102 4875546149.092582 -18707992619.205360 -4158507157.372315 -2191519505.050919 -92482539.833103 447.156396
-15214760161.302105 4875542401.408081 -18707992169.031181 -4158510548.906505 -2191519262.387819 -92483123.625285 447.159410
-15214756021.644691 4875535272.243975 -18707988259.600330 -4158518520.734789 -2191519612.097563 -92486279.214556 447.163097
-15214756518.678373 4875541397.749043 -18707988001.957661 -4158514153.752588 -2191519462.580981 -92485071.796082 447.157876
-15214752637.226841 4875534594.285480 -18707984318.011772 -4158520152.203874 -2191520196.009405 -92487448.761325 447.155790
-15214756901.707745 4875537074.744780 -18707989320.609718 -4158516390.696809 -2191520340.239403 -92484916.154540 447.160447
-15214754321.744127 4875535964.792284 -18707986240.535679 -4158518561.355738 -2191521436.923182 -92487021.140288 447.160882
-15214750560.665743 4875466791.443838 -18707956515.412659 -4158631758.096940 -2191525392.066316 -92531507.435951 447.157145
-15214753255.317429 4875469572.685724 -18707959420.959805 -4158628117.940526 -2191525357.997817 -92529791.505178 447.155636
-15214755860.732248 4875471269.280567 -18707962351.225922 -4158624336.827796 -2191525276.134923 -92528252.592464 447.158508
-15214764078.260519 4875487409.558258 -18707969887.296520 -4158607049.546650 -2191524017.747406 -92521239.679894 447.151835
-15214757218.474163 4875464466.866351 -18707965213.045326 -4158628337.346087 -2191525705.183948 -92527618.040124 447.160656
-15214840554.354111 4875449159.393582 -18708046804.893963 -4158632985.641055 -2191534836.314347 -92511206.015198 447.165285
-15214840181.795971 4875457067.575665 -18708045136.579140 -4158627808.989593 -2191533915.529822 -92509902.899934 447.150958
-15214836470.603100 4875442549.380451 -18708042749.696236 -4158639487.906904 -2191535352.380544 -92513291.159185 447.164064
-15214840041.320002 4875454935.452938 -18708045308.561260 -4158628533.378275 -2191534154.058134 -92510099.298481 447.159145
-15214646100.850140 4875613298.887558 -18707899410.433819 -4158443920.854298 -2191509571.074945 -92484644.264305 447.151383
-15214643367.261509 4875602039.324613 -18707897620.617638 -4158452524.638612 -2191510808.709405 -92487250.138953 447.161070
-15214643655.833126 4875606123.144721 -18707897301.522701 -4158449666.097964 -2191510663.150362 -92486836.431356 447.161306
-15214643958.859335 4875610387.713901 -18707896972.325542 -4158446701.757144 -2191510481.560859 -92486407.124132 447.161506
-15214644266.240141 4875614762.843797 -18707896631.255444 -4158443682.722737 -2191510266.341977 -92485971.335408 447.161669
-15214644567.610399 4875619179.794723 -18707896276.867958 -4158440660.068524 -2191510019.947278 -92485538.502623 447.161800
-15214879585.354074 4875473815.145381 -18708088803.300556 -4158613335.764107 -2191538441.556558 -92499584.922393 447.161890
-15214879843.624361 4875478109.522771 -18708088417.960094 -4158610459.103666 -2191538140.172090 -92499186.322178 447.161941
-15214880064.788019 4875482239.497657 -18708088014.966698 -4158607732.045480 -2191537814.971858 -92498818.990011 447.161954
-15214880238.479658 4875486136.327674 -18708087592.874649 -4158605205.663514 -2191537468.409276 -92498492.362916 447.161922
-15214880354.333965 4875489731.269798 -18708087150.238079 -4158602931.031822 -2191537102.937733 -92498215.877836 447.161848
-15214504738.153933 4875876891.780781 -18707839367.023102 -4158177206.477840 -2191489132.740535 -92430047.544784 447.161732
-15214504707.228289 4875879676.728058 -18707838878.942039 -4158175588.540791 -2191488736.813199 -92429899.635004 447.161569
-15214504587.372419 4875881953.554931 -18707838365.981739 -4158174375.578609 -2191488329.338283 -92429830.178294 447.161360
-15214504368.221462 4875883653.515802 -18707837826.695938 -4158173618.665978 -2191487912.769132 -92429848.611444 447.161104
-15214504039.410545 4875884707.864523 -18707837259.638065 -4158173368.877615 -2191487489.559048 -92429964.371164 447.160798
-15214773957.617949 4875588038.116457 -18708005856.236092 -4158502354.416677 -2191521775.406554 -92487177.957459 447.160442
-15214773378.384911 4875587594.989857 -18708005229.284321 -4158503272.111203 -2191521346.266698 -92487516.689759 447.160035
-15214772658.394018 4875586300.009186 -18708004570.213768 -4158504850.151307 -2191520917.844141 -92487981.056682 447.159575
-15214771787.280151 4875584084.425886 -18708003877.576290 -4158507139.611549 -2191520492.591942 -92488580.494354 447.159063
-15214770754.678139 4875580879.490861 -18708003149.923447 -4158510191.566451 -2191520072.963118 -92489324.438771 447.158494
-15214767537.515095 4875581770.569934 -18708002378.600327 -4158510293.116579 -2191519479.711580 -92489699.868582 447.157871
-15214766150.841494 4875576380.681027 -18708001576.570621 -4158515023.285362 -2191519078.688511 -92490761.134162 447.157190
-15214764571.584158 4875569795.189445 -18708000735.178383 -4158520669.172545 -2191518690.647561 -92491995.213798 447.156449
-15214762789.376497 4875561945.341638 -18707999852.972507 -4158527281.853844 -2191518318.041275 -92493411.541985 447.155649
-15214727919.371227 4875595167.386382 -18707981032.919434 -4158489276.492492 -2191513708.101644 -92486417.398456 447.154789
-15214725700.979734 4875584584.813269 -18707980066.592113 -4158497976.280351 -2191513373.942712 -92488226.924958 447.159031
