1332.195463 -1220.355175 -1117.795533 258.931002 1207.757006 -88.545780 472.869951
1332.196910 -1220.374645 -1117.793364 258.928865 1207.757877 -88.547867 472.870000
1332.198299 -1220.393295 -1117.791252 258.926811 1207.758702 -88.549868 472.870043
1332.199629 -1220.411116 -1117.789201 258.924842 1207.759482 -88.551784 472.870082
1332.200901 -1220.428106 -1117.787210 258.922958 1207.760217 -88.553613 472.870116
1332.202115 -1220.444259 -1117.785282 258.921160 1207.760907 -88.555354 472.870146
1332.203270 -1220.459575 -1117.783417 258.919450 1207.761552 -88.557007 472.870171
1332.204368 -1220.474048 -1117.781617 258.917827 1207.762153 -88.558572 472.870193
10736341516.164490 -418349946.483114 12802467034.293430 -11402567371.579351 4581539178.786978 2776759384.138942 472.870210
1332.206392 -1220.500457 -1117.778217 258.914849 1207.763224 -88.561430 472.870224
1332.207318 -1220.512385 -1117.776620 258.913495 1207.763694 -88.562723 472.870235
1332.208187 -1220.523459 -1117.775093 258.912232 1207.764121 -88.563924 472.870243
1332.209000 -1220.533676 -1117.773638 258.911062 1207.764505 -88.565033 472.870248
1332.209756 -1220.543032 -1117.772255 258.909984 1207.764846 -88.566048 472.870250
1332.210456 -1220.551525 -1117.770948 258.908999 1207.765145 -88.566969 472.870251
1332.211099 -1220.559151 -1117.769716 258.908113 1207.765403 -88.567792 472.870249
1332.211687 -1220.565926 -1117.768517 258.907361 1207.765593 -88.568497 472.870246
1332.212219 -1220.571793 -1117.767484 258.906616 1207.765792 -88.569160 472.870240
1332.212696 -1220.576802 -1117.766488 258.906015 1207.765925 -88.569697 472.870233
1332.213118 -1220.580934 -1117.765572 258.905511 1207.766017 -88.570137 472.870225
1332.213485 -1220.584186 -1117.764739 258.905105 1207.766068 -88.570478 472.870217
1332.213796 -1220.586554 -1117.763990 258.904799 1207.766080 -88.570719 472.870208
1332.214054 -1220.588036 -1117.763326 258.904594 1207.766051 -88.570861 472.870198
1332.214257 -1220.588630 -1117.762749 258.904489 1207.765982 -88.570902 472.870189
10736260939.485735 -418483750.149613 12802702650.145161 -11402554953.486265 4581534722.128644 2776769842.218176 472.870179
1332.206747 -1220.708222 -1117.705924 258.912009 1207.767333 -88.554189 472.870170
1332.224695 -1220.511247 -1117.754402 258.877280 1207.760434 -88.559434 472.870174
1332.185922 -1220.281007 -1117.882639 258.905858 1207.759567 -88.575127 472.870190
10736250915.168022 -418516857.124886 12802748917.249643 -11402546606.251541 4581531799.936957 2776772277.190678 472.870205
1332.224748 -1220.627403 -1117.743749 258.867300 1207.767706 -88.558735 472.870202
1332.193370 -1220.355235 -1117.835930 258.919966 1207.754656 -88.581961 472.870191
1332.181897 -1220.282002 -1117.858883 258.944862 1207.758899 -88.582773 472.870214
1332.227925 -1220.855303 -1117.637731 258.890457 1207.764322 -88.563632 472.870245
1332.236701 -1220.548849 -1117.751397 258.897693 1207.761603 -88.569387 472.870246
1332.216574 -1220.309725 -1117.864163 258.948617 1207.762207 -88.583338 472.870240
1332.243965 -1220.856678 -1117.656752 258.930750 1207.765585 -88.551803 472.870228
10736401870.462875 -418191147.281687 12802192854.741436 -11402642886.433882 4581569510.937969 2776721447.770542 472.870195
10736549716.719694 -418035878.609641 12801980037.248081 -11402726909.162212 4581600015.626169 2776722485.631927 472.870202
1332.227059 -1220.625863 -1117.716631 258.929921 1207.764578 -88.563750 472.870225
10735857345.585848 -419003309.810372 12803542733.390181 -11402267327.496302 4581419408.419984 2776835026.704444 472.870226
1332.195124 -1220.172987 -1117.871598 258.932396 1207.762368 -88.570674 472.870239
1332.216625 -1220.617172 -1117.733385 258.949171 1207.759605 -88.553002 472.870278
1332.219525 -1220.724191 -1117.639806 258.887309 1207.769908 -88.551884 472.870281
1332.206730 -1220.249136 -1117.847546 258.907076 1207.765667 -88.569600 472.870318
1332.205831 -1220.574162 -1117.732778 258.954140 1207.759164 -88.552510 472.870346
10736091860.983856 -418674304.405901 12803037420.504852 -11402421104.652273 4581482589.605372 2776794094.601433 472.870368
1332.226420 -1220.378189 -1117.801347 258.896568 1207.767822 -88.572508 472.870361
1332.197972 -1220.538497 -1117.796949 258.970569 1207.758835 -88.559026 472.870369
10736651312.715479 -417918805.444301 12801847576.193468 -11402794081.859602 4581629244.304542 2776714268.961804 472.870359
1332.230357 -1220.497013 -1117.781567 258.922493 1207.761908 -88.553729 472.870367
10736329669.768362 -418610201.814820 12803155750.554459 -11402658408.116020 4581580119.069620 2776831679.001665 472.870355
1332.218549 -1220.712686 -1117.705051 258.875100 1207.761662 -88.552357 472.870369
1332.222957 -1220.460754 -1117.813179 258.922160 1207.762661 -88.562209 472.870373
1332.201578 -1220.459611 -1117.810432 258.932717 1207.761172 -88.560498 472.870354
10735980955.637281 -418559045.073669 12802631392.943539 -11402274245.596729 4581427401.815545 2776726076.069907 472.870355
1332.214428 -1220.564755 -1117.762309 258.887781 1207.762512 -88.564330 472.870334
1332.191011 -1220.435296 -1117.822526 258.938544 1207.766152 -88.572525 472.870336
1332.215642 -1220.560495 -1117.740460 258.905594 1207.764747 -88.577927 472.870339
10736393698.901114 -418356495.213991 12802597473.677824 -11402622403.991463 4581561980.681285 2776783195.594703 472.870353
1332.205761 -1220.448308 -1117.805980 258.914249 1207.769210 -88.556797 472.870331
1332.234210 -1220.612923 -1117.754690 258.907336 1207.768927 -88.562907 472.870333
1332.232238 -1220.622341 -1117.741370 258.901593 1207.766674 -88.558725 472.870304
1332.201690 -1220.400582 -1117.840270 258.899974 1207.765877 -88.563124 472.870285
10736177806.972200 -418570566.882845 12802848917.868023 -11402492034.406910 4581515155.991928 2776769683.761479 472.870282
1332.204923 -1220.600137 -1117.754741 258.892081 1207.762524 -88.560582 472.870269
1332.211807 -1220.413411 -1117.822534 258.919656 1207.773061 -88.569946 472.870275
10736309863.853321 -418522668.352719 12802879931.838322 -11402603325.956245 4581556862.897491 2776796742.842149 472.870265
1332.223678 -1220.629589 -1117.735916 258.890079 1207.769735 -88.561742 472.870228
1332.196274 -1220.309735 -1117.850867 258.897035 1207.769323 -88.579979 472.870218
1332.209117 -1220.613402 -1117.762185 258.889296 1207.758720 -88.564844 472.870233
1332.208193 -1220.700990 -1117.706886 258.889476 1207.769294 -88.549431 472.870230
1332.199875 -1220.278376 -1117.864509 258.913089 1207.767960 -88.581673 472.870236
1332.200706 -1220.565545 -1117.792774 258.925851 1207.764035 -88.569410 472.870245
10736484425.601656 -418225211.963194 12802316583.770941 -11402685153.993937 4581585385.183129 2776752481.286491 472.870232
1332.211804 -1220.402525 -1117.818733 258.862735 1207.770653 -88.551175 472.870233
1332.178872 -1220.460888 -1117.804412 258.956043 1207.757190 -88.574103 472.870238
10736079071.843771 -418769232.847222 12803172821.525021 -11402432981.914280 4581489766.393200 2776799719.226517 472.870262
1332.224274 -1220.504610 -1117.790243 258.888900 1207.766730 -88.575048 472.870280
1332.220089 -1220.669492 -1117.741345 258.903575 1207.765606 -88.566718 472.870267
1332.203763 -1220.526000 -1117.787285 258.891831 1207.764205 -88.575388 472.870247
10736174721.982939 -418503502.052811 12802622322.957870 -11402455232.560465 4581496315.464270 2776743700.605000 472.870249
1332.218045 -1220.614207 -1117.739980 258.919849 1207.771693 -88.562068 472.870273
1332.241023 -1220.853884 -1117.655040 258.904278 1207.772461 -88.552419 472.870264
1332.213077 -1220.261223 -1117.854332 258.899969 1207.769785 -88.573794 472.870234
1332.207713 -1220.530144 -1117.774001 258.937965 1207.770054 -88.569084 472.870258
1332.213965 -1220.843079 -1117.632580 258.904001 1207.768565 -88.562564 472.870270
1332.200282 -1220.184873 -1117.859493 258.872705 1207.771190 -88.580372 472.870255
1332.193026 -1220.447596 -1117.810111 258.952442 1207.763105 -88.584931 472.870296
1332.235292 -1220.821438 -1117.643154 258.880169 1207.769675 -88.547005 472.870304
1332.216964 -1220.411140 -1117.804529 258.867926 1207.770226 -88.563223 472.870302
10735958080.992111 -418976322.597167 12803542269.959780 -11402358725.323523 4581455689.926403 2776832274.413667 472.870309
1332.225058 -1220.717927 -1117.667339 258.884598 1207.766619 -88.552307 472.870330
1332.224962 -1220.515295 -1117.758222 258.877387 1207.772141 -88.574769 472.870349
10736897581.154232 -417843166.055867 12801872517.911346 -11403036689.032024 4581722849.702065 2776733942.984656 472.870351
10736149122.523882 -418342359.086363 12802233589.970308 -11402404580.782825 4581473855.707529 2776683256.540455 472.870370
1332.224784 -1220.606139 -1117.754654 258.865056 1207.764760 -88.557416 472.870359
10736493818.863102 -418371526.242741 12802684802.603222 -11402761697.507471 4581616353.002160 2776782927.993094 472.870349
10736318692.581551 -418336009.723119 12802408744.473106 -11402543997.789368 4581526133.061586 2776740827.800885 472.870356
1332.201389 -1220.624521 -1117.722476 258.893596 1207.761685 -88.554079 472.870356
1332.213044 -1220.542292 -1117.760186 258.930937 1207.764409 -88.563768 472.870383
10736438806.208054 -418442398.441045 12802794042.666880 -11402717994.458181 4581599842.777730 2776791514.392468 472.870386
1332.190103 -1220.700284 -1117.729997 258.925889 1207.768812 -88.552581 472.870395
1332.211013 -1220.580483 -1117.755386 258.947388 1207.765998 -88.561786 472.870395
1332.191170 -1220.446843 -1117.817442 258.890769 1207.765281 -88.568604 472.870390
10736111324.997482 -418518309.046509 12802596748.601198 -11402374869.475155 4581460381.624216 2776737435.039735 472.870401
1332.224815 -1220.457204 -1117.783971 258.895398 1207.766744 -88.563776 472.870395
1332.205535 -1220.473896 -1117.792674 258.906728 1207.769982 -88.566658 472.870397
1332.225842 -1220.620405 -1117.718321 258.903013 1207.763497 -88.560946 472.870402
10736595224.316957 -418149318.473603 12802270248.438032 -11402818517.255384 4581640624.007383 2776739110.192150 472.870408
1332.196138 -1220.561012 -1117.776639 258.938711 1207.764839 -88.547551 472.870391
1332.238614 -1220.568074 -1117.774886 258.917450 1207.760296 -88.570332 472.870391
1332.211677 -1220.520169 -1117.804921 258.906712 1207.762237 -88.563870 472.870360
1332.205933 -1220.654523 -1117.737900 258.945730 1207.765993 -88.558645 472.870345
10735962088.409361 -418807861.622643 12803145211.988211 -11402319963.020746 4581442002.535120 2776782966.204230 472.870337
1332.208946 -1220.531685 -1117.776672 258.928102 1207.765982 -88.561356 472.870347
1332.220872 -1220.496182 -1117.796458 258.930938 1207.766468 -88.559678 472.870345
1332.209389 -1220.535191 -1117.763635 258.900261 1207.761790 -88.563347 472.870327
1332.217767 -1220.499411 -1117.780023 258.925438 1207.764438 -88.569609 472.870339
1332.208740 -1220.411834 -1117.810011 258.909254 1207.768127 -88.561984 472.870337
10736686081.536104 -418192960.787643 12802430023.507706 -11402865109.181734 4581654559.733787 2776789882.906271 472.870344
1332.209702 -1220.455671 -1117.801219 258.926103 1207.765482 -88.568340 472.870329
1332.222558 -1220.602923 -1117.763553 258.951416 1207.760770 -88.553686 472.870329
1332.226664 -1220.450835 -1117.804276 258.908889 1207.769619 -88.555950 472.870307
1332.221315 -1220.607403 -1117.741590 258.933248 1207.765497 -88.555570 472.870292
1332.208431 -1220.592723 -1117.740726 258.948911 1207.768838 -88.552239 472.870285
1332.220217 -1220.456637 -1117.790837 258.894651 1207.766492 -88.565279 472.870288
10736435485.029268 -418332757.149387 12802526540.536369 -11402673997.947884 4581582176.773820 2776765536.197947 472.870290
1332.221285 -1220.571127 -1117.750591 258.930828 1207.763460 -88.558163 472.870255
1332.199177 -1220.561728 -1117.786574 258.897046 1207.766040 -88.562509 472.870252
1332.205250 -1220.596727 -1117.714712 258.954035 1207.763839 -88.556206 472.870248
1332.199578 -1220.349368 -1117.840782 258.912050 1207.770343 -88.567260 472.870274
1332.212630 -1220.585181 -1117.724894 258.929088 1207.766110 -88.568133 472.870281
1332.213261 -1220.557833 -1117.761622 258.918284 1207.763329 -88.573645 472.870298
1332.200374 -1220.459738 -1117.777766 258.889865 1207.763635 -88.575710 472.870299
10736118341.921772 -418670200.532034 12803011858.811897 -11402398639.031637 4581466978.645658 2776809397.280473 472.870328
1332.208081 -1220.559411 -1117.761984 258.899019 1207.771523 -88.570366 472.870320
1332.213178 -1220.401630 -1117.794867 258.919494 1207.761183 -88.555915 472.870321
1332.211657 -1220.630158 -1117.755800 258.908668 1207.761245 -88.573780 472.870342
1332.225278 -1220.589766 -1117.736051 258.860559 1207.776053 -88.552323 472.870332
1332.244514 -1220.251025 -1117.855825 258.812058 1207.784632 -88.564578 472.870331
10736233001.471642 -418551177.838606 12802790773.773735 -11402473517.488955 4581496513.881795 2776785613.826449 472.870318
1332.247648 -1220.650240 -1117.711178 258.778590 1207.765155 -88.546558 472.870309
1332.214856 -1220.586369 -1117.772199 258.843354 1207.760343 -88.572802 472.870312
1332.209215 -1220.502991 -1117.768706 258.879641 1207.758680 -88.553354 472.870309
1332.210984 -1220.617469 -1117.755334 258.896800 1207.741469 -88.561523 472.870333
1332.207338 -1220.837305 -1117.671090 258.952206 1207.746971 -88.535538 472.870346
10736161816.848753 -418597904.032816 12802815060.870428 -11402460819.741259 4581502992.246997 2776749465.260179 472.870353
1332.184323 -1220.558178 -1117.784195 258.929204 1207.752803 -88.584379 472.870402
1332.189109 -1220.702574 -1117.693233 258.940792 1207.756410 -88.550011 472.870417
1332.216274 -1220.588967 -1117.776672 258.890770 1207.754744 -88.575655 472.870452
1332.160495 -1220.643116 -1117.762956 258.995193 1207.750649 -88.557538 472.870441
1332.176481 -1220.685403 -1117.738290 259.029866 1207.753923 -88.563726 472.870462
10737231797.013870 -417815718.464959 12802274388.888138 -11403431241.707567 4581893886.375937 2776812149.918892 472.870469
1332.192771 -1220.647649 -1117.743404 259.035409 1207.741451 -88.562402 472.870485
1332.153304 -1220.788601 -1117.576785 259.301920 1207.739028 -88.518372 472.870495
1332.102304 -1220.676607 -1117.684304 259.650747 1207.735795 -88.524007 472.870588
1332.180566 -1220.633597 -1117.570487 259.420366 1207.751943 -88.516549 472.870630
1332.165999 -1220.665464 -1117.739639 258.980857 1207.700978 -88.646721 472.870716
1332.076140 -1220.675482 -1117.791421 259.314622 1207.715407 -88.860153 472.870778
1332.147634 -1220.720512 -1117.661771 259.941800 1207.719287 -91.539457 472.870803
1332.191184 -1220.526248 -1117.379142 259.680703 1207.736648 -96.553439 472.870619
1332.191180 -1220.384961 -1116.865556 259.274559 1207.775139 -102.010522 472.870416
10737028468.690836 -417944779.539689 12804116894.991386 -11403579187.071360 4580899905.007919 2778170304.877192 472.870362
1332.180352 -1220.328833 -1114.847738 257.356502 1207.778126 -112.477695 472.870550
1332.240065 -1220.287660 -1112.457715 256.411226 1207.790960 -119.368276 472.871688
10740361108.324770 -416457245.726422 12806311570.898487 -11407570730.444586 4579541003.878595 2781176989.727450 472.874292
1332.304751 -1221.614434 -1105.816078 254.607224 1207.779841 -125.559691 472.879111
1332.284982 -1223.315274 -1102.896688 254.045751 1207.842464 -120.681408 472.886188
1332.279594 -1225.205317 -1099.935452 253.015657 1207.859642 -113.829047 472.895364
1332.305542 -1224.975761 -1096.172875 251.320155 1207.934436 -105.071958 472.906820
1332.270078 -1223.837389 -1093.460418 249.227537 1208.020080 -94.887617 472.921832
1332.259958 -1223.001705 -1092.136920 246.392949 1208.060114 -82.418254 472.939984
1332.308230 -1221.486818 -1102.758244 250.627180 1208.119499 -64.554278 472.960334
1332.372746 -1220.549149 -1102.015979 247.176197 1208.159492 -52.679016 472.973011
1332.491507 -1219.520155 -1103.031876 243.844089 1208.230177 -40.707061 472.987486
1332.459958 -1218.359458 -1105.427779 240.491545 1208.276838 -28.306695 473.002344
10699340898.199411 -418655061.567267 12796565052.912209 -11404391806.464195 4584581180.247333 2753148837.472193 473.016748
1332.630467 -1216.363662 -1113.922251 235.204886 1208.341030 -12.404621 473.029709
1332.727719 -1215.340583 -1119.662745 234.082583 1208.362673 -7.167666 473.039686
1332.748523 -1214.611616 -1142.917772 249.234075 1208.357499 14.140634 473.046233
1332.738379 -1213.781402 -1148.410343 248.116506 1208.287882 21.566731 473.035812
1332.722324 -1213.110698 -1155.068125 248.862005 1208.317340 33.341553 473.022514
10685774638.901041 -491992725.066645 12902607234.192493 -11381665066.283430 4596720226.858837 2747002719.419048 473.002839
1333.024134 -1211.754778 -1172.558583 253.941601 1208.356790 52.128576 472.990273
1333.110943 -1210.818908 -1183.038962 259.159157 1208.463342 58.765396 472.954749
1333.748020 -1210.446526 -1196.416946 266.405629 1209.511010 64.763689 472.918919
1334.449436 -1209.920335 -1211.225285 275.135886 1209.877532 65.460737 472.872204
1335.172722 -1209.257997 -1228.137591 286.603110 1209.385618 67.706659 472.813809
1336.308748 -1208.679795 -1247.970836 300.745418 1209.023080 69.621083 472.742752
1337.350193 -1208.274772 -1270.178394 318.236970 1208.737948 74.345178 472.656317
1338.585918 -1207.553892 -1295.063103 338.800746 1208.661548 83.333240 472.552626
1340.392272 -1206.883964 -1324.087727 363.272904 1208.665781 96.803032 472.429571
1342.034731 -1206.383644 -1356.076743 390.527587 1209.564821 115.319188 472.283641
1343.446607 -1205.307761 -1390.782174 421.416548 1211.893569 139.912270 472.112253
1344.456052 -1204.348085 -1428.151194 455.986509 1216.144160 171.420605 471.912867
1344.306035 -1203.734850 -1468.184248 492.697210 1221.021646 213.856419 471.682461
1342.969988 -1202.518465 -1509.622965 530.763942 1223.695376 263.310174 471.419798
11210411105.772074 -167110156.306954 12205705068.986147 -11349395101.940435 4625628915.079289 2877945537.092310 471.126816
1337.998952 -1198.845429 -1592.671097 614.618774 1222.451384 377.841952 470.805598
1334.719052 -1197.012047 -1632.755085 661.427201 1220.077397 431.397662 470.458271
1330.648743 -1195.057886 -1670.704123 711.281474 1215.880355 479.148020 470.085891
11395758252.831495 164688680.111426 11319696714.454201 -11078878346.391388 4528736281.259939 2951343250.493114 469.690612
1320.422169 -1189.618541 -1735.914995 815.371941 1206.686050 558.572675 469.275160
1312.920122 -1187.134958 -1762.822327 868.931603 1202.853386 591.688830 468.842759
1305.118607 -1184.463237 -1785.758522 923.315335 1200.344381 619.837175 468.395666
1296.247130 -1182.742415 -1804.657180 978.349625 1196.287279 644.119004 467.935758
1286.459826 -1182.958789 -1819.404425 1032.372264 1187.596270 663.969228 467.466340
11733300026.920113 269725183.351656 10957389714.293167 -10854606111.351549 4487472703.635354 3200694011.307741 466.993999
1262.603026 -1189.244806 -1836.183058 1137.868729 1157.517816 689.277186 466.525639
1248.266871 -1196.282922 -1838.098696 1187.416647 1136.347585 694.758470 466.067442
1232.898762 -1204.389264 -1835.898131 1234.907617 1113.732440 698.559406 465.626000
1216.017506 -1213.525904 -1829.542074 1282.344908 1092.032877 701.739197 465.207210
1198.152138 -1223.212863 -1819.337895 1329.139933 1071.358186 703.296181 464.813299
1179.859894 -1232.671575 -1804.945799 1374.638457 1052.257276 702.187003 464.445474
1160.269033 -1243.061433 -1787.663329 1418.510055 1035.766716 701.848879 464.105979
1115.493552 -1253.746706 -1769.248545 1493.168164 1016.421544 702.521393 463.864259
1097.595649 -1262.397750 -1747.896707 1527.750706 1003.968270 703.826026 463.589824
1078.930143 -1267.559743 -1724.815101 1561.223643 993.941763 700.465271 463.343470
1058.542741 -1271.546087 -1700.063719 1592.871584 985.859037 690.846374 463.127195
1037.769363 -1274.158754 -1674.191990 1624.528391 980.201245 677.642116 462.940999
1016.602292 -1277.546477 -1648.698166 1653.647953 975.472402 660.507838 462.782095
993.911517 -1282.294059 -1622.214525 1682.168828 968.988089 639.678769 462.655208
937.448765 -1290.522385 -1595.097392 1734.209582 946.399724 613.357307 462.678676
919.720509 -1295.997312 -1550.139346 1740.398507 939.644095 579.244446 462.609782
898.600492 -1302.225010 -1517.982316 1753.624859 929.317272 546.500186 462.604633
879.834526 -1307.752803 -1484.940665 1764.049222 917.362491 510.173375 462.629439
858.487415 -1313.701582 -1451.467352 1774.605363 901.434074 470.761977 462.703660
836.767482 -1319.209731 -1418.454612 1785.474761 883.641874 432.152835 462.824600
813.575965 -1323.886008 -1385.582152 1797.123544 867.468316 395.526061 462.995476
790.400225 -1327.353557 -1354.496876 1806.915146 853.481146 360.332469 463.207233
722.405590 -1332.795457 -1303.243909 1800.084104 840.007896 304.390430 463.591952
7433792124.740474 152448635.381608 8873169703.165770 -4211153464.510989 1593807644.302256 3822218477.005550 463.896049
686.176364 -1334.982172 -1242.513853 1783.393777 824.423754 214.343806 464.237569
666.475866 -1333.347370 -1216.712020 1768.797682 820.022731 166.921597 464.611642
4704903374.964917 -749545069.962023 9771528578.752613 -1769283784.217454 503182925.086773 3434228174.343961 465.020637
621.361297 -1327.673332 -1182.099087 1731.293048 816.944815 84.895013 465.464324
2564085725.002757 -1498760292.460566 10579071935.486599 25702812.300747 -278612470.145484 3057478522.550392 465.940679
567.342550 -1316.674032 -1162.030767 1689.038262 819.652969 33.865291 466.456856
541.152420 -1309.843746 -1157.823796 1664.525896 825.100440 19.246961 466.982132
1722099515.763571 -1602699834.409123 10756621714.074371 772226663.821889 -569430361.357190 2910791824.989448 467.539649
477.393228 -1298.577415 -1158.521604 1610.536356 841.772117 10.747707 468.122080
442.120253 -1293.370387 -1163.766296 1581.573646 852.891288 11.413676 468.729018
405.610688 -1287.490800 -1170.260989 1550.706585 865.846833 14.744981 469.353996
846996658.341891 -1674814923.717225 10900434684.044222 1514287275.983510 -838397549.405586 2728818508.027056 470.005746
324.859179 -1277.673025 -1187.291376 1488.056735 892.669159 30.255630 470.680672
282.322430 -1273.149191 -1196.627358 1455.024708 904.144879 41.326686 471.377081
237.862176 -1269.107909 -1205.132268 1422.272649 914.167841 49.487533 472.104790
193.090258 -1267.089177 -1213.260924 1389.897686 924.888900 53.958260 472.860075
146.946794 -1266.007539 -1221.131928 1356.306810 936.474188 51.081352 473.645989
98.895597 -1263.139226 -1228.574729 1321.198559 949.325212 45.873664 474.462061
50.781968 -1258.205681 -1234.863727 1283.840194 961.933897 39.181947 475.301743
1.519715 -1254.273722 -1240.378781 1242.385514 975.361016 33.751505 476.166522
-96.391188 -1292.722153 -1242.907119 1184.994974 987.711809 17.822960 477.254838
-137.143196 -1292.930601 -1248.438457 1139.473403 999.307669 13.496429 478.166003
-176.728831 -1297.441451 -1254.070782 1092.991561 1008.605458 7.359337 479.097727
-217.435828 -1310.914473 -1259.267896 1044.166378 1013.419053 -0.498293 480.058844
-258.422449 -1334.626395 -1263.962091 993.054668 1015.659556 -10.670392 481.047384
-298.885912 -1361.146919 -1267.425849 945.356653 1018.246530 -23.776156 482.067344
-338.028024 -1392.688323 -1269.982816 897.663988 1022.657724 -37.938994 483.105523
-3397019160.056964 -2644742247.891493 10888231497.383936 4944451043.678934 -2205540087.436404 1508253204.734776 484.163293
-412.972166 -1469.276478 -1273.553165 810.534596 1040.957615 -63.048088 485.230925
-6880847537.527061 -3884898673.519814 10907865900.378258 7238248985.075397 -3128395197.499635 279842919.913165 486.298527
-485.909804 -1572.764081 -1274.629189 729.406186 1066.914276 -82.139255 487.361656
-8931806428.696341 -4595354618.998721 10827293308.939112 8506181053.713898 -3621142178.117424 -476127735.680436 488.419411
-537.482517 -1698.738555 -1275.833452 675.738644 1095.949268 -88.027234 489.461112
-9439903501.076101 -4748599204.178156 10741725954.467707 8660557034.105036 -3645119615.382419 -710112430.861261 490.501904
-555.005237 -1873.763039 -1277.816621 597.894524 1129.579738 -71.836301 491.259009
-572.107610 -1969.404257 -1278.020574 570.585921 1142.587811 -67.854333 492.211822
-590.969244 -2066.295439 -1277.087570 546.830381 1152.373190 -66.007631 493.160964
-10429167842.441889 -5074721498.338726 10650217853.339443 8770112278.948772 -3591675328.782264 -1197990222.607285 494.092552
-623.071876 -2248.367427 -1272.544290 500.884522 1158.610695 -76.849344 495.011827
-640.450595 -2335.666482 -1270.497980 479.985277 1154.228377 -86.930795 495.941612
-12721415450.610851 -5879543525.464490 10521195160.380581 9859485079.502443 -3964992985.038752 -2098600174.208356 496.857204
-625.685568 -2492.753287 -1268.107626 411.050262 1161.710216 -102.355727 497.507054
-630.672650 -2567.357011 -1267.047252 383.258588 1158.205404 -113.268005 498.340031
-633.178368 -2636.666254 -1265.144419 356.172868 1154.317681 -124.465219 499.158167
-639.634224 -2701.639841 -1262.985967 330.592670 1150.668933 -134.829612 499.991246
-664.966898 -2762.798291 -1290.025188 292.885723 1147.914409 -148.694981 500.454740
-13563024171.296993 -6173438287.071749 10467219510.584021 9325503943.630554 -3560728479.519396 -2568366372.975460 501.904071
-661.180519 -2865.145429 -1258.256193 241.034206 1185.169298 -173.899820 502.415254
-672.982904 -2907.828931 -1256.785518 205.369630 1207.271731 -188.873036 503.202655
-14204691997.337448 -6417045980.749458 10496327709.734396 9140136167.764370 -3381783396.891388 -2863497025.336943 503.793743
-656.173390 -2970.149054 -1249.417460 83.687431 1257.241940 -211.843114 504.530029
-651.649758 -2992.930571 -1248.669278 46.576711 1279.642041 -219.593970 505.250981
-649.904406 -3009.891873 -1247.901808 8.314251 1300.556354 -224.345844 505.966280
-15676710667.600269 -6987293823.747876 10497202739.293863 9164968612.325081 -3242204495.453915 -3481944400.580086 506.673980
-648.574771 -3022.973187 -1243.837457 -71.883470 1338.621825 -231.021063 507.376912
-651.094160 -3020.139936 -1239.665608 -114.793308 1355.113737 -236.077078 508.083873
-674.958041 -3011.475695 -1230.173667 -189.195735 1372.552613 -250.455726 508.795835
-16296924817.444401 -7311605181.492797 10582920815.393139 8718536361.701414 -2942385928.413389 -3742315339.571738 509.542092
-674.296611 -2966.882275 -1220.825474 -264.990840 1397.274180 -267.481435 510.293480
-673.853478 -2928.565394 -1215.356820 -304.263601 1407.086644 -279.346483 511.050140
-672.740688 -2879.462431 -1210.176010 -344.868730 1417.497583 -289.798490 511.813434
-671.932685 -2821.117325 -1206.394967 -384.861014 1428.393177 -296.273331 512.587600
-670.710135 -2751.596043 -1203.867613 -426.218954 1438.256152 -298.509959 513.367835
-667.700066 -2670.536217 -1202.781902 -466.516527 1447.940835 -296.857910 514.155139
-665.339925 -2580.503770 -1202.880112 -507.422926 1456.115838 -291.599717 514.949861
-661.317652 -2476.989245 -1203.955782 -546.486369 1462.809810 -287.850037 515.751667
-657.124752 -2361.475972 -1205.142331 -582.869763 1468.072592 -287.324280 516.562500
-651.848004 -2243.822462 -1206.046101 -616.843975 1472.692208 -290.298277 517.381067
-17593659999.107414 -8372995825.379529 10803792084.175192 6959684847.310996 -1903839816.952269 -4421411564.030188 518.205899
-17593420634.144661 -8466289570.735736 10889617801.623480 6585276301.293947 -1703994756.324633 -4500595913.121810 519.034083
-626.258917 -1916.828011 -1208.872701 -694.875697 1487.366232 -314.873235 519.859952
-562.795934 -1656.838534 -1214.425933 -699.301771 1493.593499 -313.063531 520.647370
-17516028189.596092 -8646798233.818167 10780819266.367680 6103403178.842301 -1473382738.689819 -4520844830.208934 521.435349
-17494525520.995872 -8716149801.874550 10768531262.497833 5894969138.790139 -1368992911.650237 -4550934569.177231 522.205427
-485.442736 -1430.923955 -1218.368198 -710.903928 1512.297475 -315.821291 522.954520
-17245067735.866230 -8782477857.103399 10720600798.426798 5581846092.475591 -1240928438.524141 -4468118860.351792 523.678290
-422.874859 -1410.374838 -1219.288523 -696.676004 1519.310408 -286.468373 524.374867
-17151233924.202944 -8905881280.032207 10673179200.853859 5368829828.425429 -1150787739.312417 -4440716133.210946 525.042595
-352.266445 -1415.829771 -1218.023930 -666.092481 1518.697997 -248.199895 525.679700
-313.733543 -1427.423546 -1217.284097 -645.405901 1515.884438 -230.425248 526.285825
-276.117482 -1449.473256 -1216.434444 -622.514067 1512.739824 -216.028896 526.859300
-237.444669 -1487.412505 -1215.711997 -596.624617 1508.366527 -205.397919 527.399366
-198.131581 -1561.596199 -1214.800158 -567.812424 1502.699809 -199.162463 527.905867
-160.356543 -1650.898830 -1212.980328 -535.205750 1495.185636 -199.682261 528.378195
-16716239715.530418 -9358003971.123999 10647073653.580929 4731082779.385869 -899552651.704682 -4316550325.511473 528.819909
-83.162517 -1749.782153 -1205.249202 -460.736244 1476.604648 -218.706374 529.237131
-47.153675 -1772.669775 -1201.280366 -420.086848 1468.093974 -230.331206 529.634196
-10.580565 -1787.622285 -1197.567121 -378.072727 1459.472364 -242.670330 530.012197
24.599936 -1801.705101 -1194.939476 -334.876990 1451.346201 -252.033811 530.372238
57.567309 -1812.759203 -1193.383663 -291.777378 1444.919369 -259.034993 530.713836
90.083900 -1822.480307 -1192.524854 -249.504826 1439.566788 -263.620596 531.036004
120.820312 -1831.758094 -1192.173787 -207.788919 1435.426617 -269.284648 531.338170
149.595611 -1839.974669 -1192.036093 -167.944941 1431.373776 -275.160735 531.619991
175.994813 -1845.852804 -1192.260129 -128.943886 1429.600994 -280.016920 531.882962
198.909851 -1851.442195 -1192.860718 -91.400846 1432.402830 -283.846313 532.126158
219.994160 -1854.311869 -1193.868551 -57.521542 1439.547854 -288.022433 532.346457
237.223210 -1855.217769 -1194.362166 -26.645960 1445.701759 -292.188243 532.541397
252.906564 -1857.548943 -1194.722856 1.055357 1450.777300 -293.300908 532.714850
266.811650 -1858.157048 -1194.896690 25.432566 1452.193626 -290.591553 532.869507
278.494341 -1861.297905 -1194.712260 45.779852 1449.944335 -285.570804 533.011144
324.324888 -1856.173610 -1201.652086 107.771016 1443.808798 -276.307370 533.145294
337.687647 -1861.169994 -1202.790778 130.028500 1437.791179 -268.817203 533.249357
348.264407 -1861.978658 -1203.718024 148.170341 1430.337363 -261.989504 533.347641
357.617033 -1862.068239 -1203.903438 163.082311 1422.118645 -256.261451 533.444421
365.022867 -1860.643023 -1203.634156 174.317390 1413.059528 -252.059858 533.542499
371.088954 -1859.057576 -1203.300420 181.323057 1404.145546 -246.691619 533.644727
374.414022 -1859.076727 -1204.829672 186.972744 1394.740183 -241.190848 533.751903
404.387863 -1848.195000 -1212.882170 226.734862 1383.544406 -226.549700 533.863434
-15775835069.572821 -10067565437.896692 10471493471.839567 4075053993.691231 -671066989.513721 -3869345944.063852 533.960496
415.826014 -1828.938005 -1222.177343 235.109179 1367.664105 -211.353926 534.059609
420.806789 -1815.268016 -1229.291669 236.820464 1362.369650 -200.782839 534.157278
424.792807 -1801.041893 -1237.657013 238.287392 1356.829972 -188.785224 534.251112
427.343465 -1783.298421 -1246.235071 238.272572 1350.822915 -177.104706 534.340579
429.957657 -1763.619573 -1255.017537 239.586215 1345.733181 -166.445410 534.427203
430.879848 -1742.572854 -1263.525939 240.130818 1340.709904 -158.136431 534.509717
431.836629 -1720.568110 -1271.686361 242.456786 1337.033357 -153.635611 534.589244
432.001099 -1703.633747 -1279.548578 244.843591 1334.896148 -150.255859 534.664208
431.774086 -1690.389586 -1287.507437 247.487064 1334.668092 -145.027164 534.733003
431.748908 -1675.672704 -1295.425075 251.400121 1335.935419 -137.091792 534.793711
431.273265 -1659.589771 -1303.188075 255.830059 1338.538444 -126.459141 534.845388
430.884253 -1644.272605 -1310.765514 260.106923 1341.263569 -113.265215 534.881655
-15185646602.501398 -9954905966.021296 10431765098.596659 4034451601.728224 -693804291.438303 -3553865578.739283 534.909544
429.935318 -1616.917503 -1323.097405 266.808887 1347.637299 -82.438689 534.927394
429.617815 -1609.259517 -1328.143209 269.254518 1350.021958 -65.216612 534.937243
429.369239 -1608.286141 -1332.219490 271.319377 1351.295493 -49.250679 534.940263
-15073064621.634388 -9849519644.073582 10268747006.457136 4043228848.601957 -706897213.605575 -3534530416.987415 534.938229
430.361171 -1604.064938 -1336.725118 273.920086 1352.070477 -32.333998 534.933196
430.909831 -1604.950563 -1337.455712 273.754999 1352.021726 -35.381029 534.926059
431.256063 -1609.648990 -1338.494464 272.336103 1351.928428 -41.055986 534.917768
431.066046 -1616.898052 -1339.239729 269.616545 1351.827446 -49.520194 534.907823
430.784071 -1619.307675 -1339.253590 266.159026 1351.730292 -59.847367 534.896578
430.827998 -1616.317717 -1338.511684 263.189913 1351.627045 -68.811121 534.885301
430.914284 -1616.875531 -1337.022781 261.269462 1351.537716 -75.161599 534.875163
-15104370729.835407 -9777339150.023663 10062637039.298531 4132134783.552250 -748735659.804785 -3575030273.479653 534.866593
430.898604 -1622.207977 -1333.487089 259.599158 1351.450994 -77.523267 534.859817
430.446183 -1623.921551 -1332.222417 259.359628 1351.533416 -77.696459 534.854835
429.836444 -1625.690705 -1331.380989 258.950579 1351.756689 -77.893743 534.851182
429.469237 -1626.954635 -1331.257615 258.539566 1351.781193 -78.136401 534.848323
429.351538 -1627.692204 -1331.437706 258.390122 1351.799114 -78.397554 534.845657
429.314667 -1626.560450 -1331.971903 258.299745 1351.820367 -78.735592 534.842772
429.280273 -1626.861870 -1332.404351 258.157901 1351.824717 -79.064397 534.839404
429.152517 -1626.851629 -1332.432959 257.998066 1351.838883 -79.463875 534.835576
428.892197 -1627.046024 -1332.144002 257.829176 1351.847019 -79.900750 534.831762
428.424319 -1627.791359 -1331.550489 257.665162 1351.868601 -80.372058 534.828324
-15077235146.452772 -9751000717.189430 10030327459.065292 4133039775.685532 -752077998.057946 -3570959147.043132 534.825635
427.071512 -1628.680416 -1330.140874 257.271084 1351.910297 -81.440610 534.823968
426.521513 -1630.079200 -1329.620770 257.094313 1351.920336 -82.024232 534.823197
426.063189 -1630.879143 -1329.348466 256.870564 1351.934470 -82.671798 534.823056
-15080418166.041349 -9750157979.735970 10024620209.207146 4135141790.673599 -752781765.988162 -3573488230.871953 534.823293
425.147492 -1630.118886 -1329.394678 256.375947 1351.958624 -84.124229 534.823674
424.629312 -1630.099956 -1329.738244 256.221438 1351.964976 -84.888481 534.824224
424.135534 -1630.141690 -1329.849238 256.189529 1351.982110 -85.619800 534.824560
423.818423 -1629.592966 -1329.970041 255.975080 1351.988115 -86.134676 534.824892
423.989306 -1629.154410 -1329.963827 256.007269 1351.950997 -85.763885 534.825255
-15081760155.739676 -9751341169.954132 10026916624.746281 4134917585.613003 -752509105.883564 -3573137282.837170 534.825660
424.609480 -1629.839147 -1329.817111 256.292820 1351.933188 -84.722364 534.826051
425.006417 -1629.000056 -1329.871060 256.466141 1351.929879 -84.122582 534.826362
-15094961720.626381 -9758664597.559856 10033072204.256266 4139760447.894927 -753745133.245333 -3576049342.403197 534.826552
425.494796 -1629.590719 -1329.821985 256.583116 1351.920793 -83.605797 534.826535
425.470984 -1629.412125 -1329.853361 256.585019 1351.929446 -83.621414 534.826568
-15105808589.878639 -9760117932.781305 10026539849.506252 4146283689.488598 -755897253.694281 -3580155127.394063 534.826579
425.487017 -1629.565144 -1329.826875 256.567907 1351.935265 -83.620932 534.826549
425.442677 -1629.246800 -1329.869690 256.576051 1351.932224 -83.599085 534.826568
425.433419 -1629.444963 -1329.889408 256.654753 1351.920580 -83.628553 534.826587
425.425922 -1629.524190 -1329.831181 256.662382 1351.924764 -83.613622 534.826570
425.435850 -1629.540146 -1329.862238 256.644567 1351.925918 -83.634527 534.826607
425.438817 -1629.141105 -1329.911567 256.611147 1351.930802 -83.628746 534.826603
425.480235 -1629.522731 -1329.851354 256.585062 1351.934472 -83.628844 534.826581
-15097988147.316517 -9758233577.853756 10029119395.851187 4141995045.116854 -754524044.602118 -3577502240.547395 534.826576
425.451442 -1628.916784 -1329.930307 256.613465 1351.927941 -83.640982 534.826581
425.467306 -1629.465900 -1329.862659 256.609532 1351.932605 -83.616006 534.826556
425.431049 -1629.390607 -1329.834353 256.651866 1351.935360 -83.624216 534.826548
425.417663 -1629.077263 -1329.932552 256.621111 1351.924652 -83.655823 534.826579
425.464657 -1629.882219 -1329.824906 256.596772 1351.921597 -83.633947 534.826551
425.427701 -1629.401418 -1329.869486 256.621987 1351.926725 -83.625208 534.826562
-15098101000.174540 -9758286102.653540 10029146758.297848 4142081228.347518 -754558485.963950 -3577512003.318289 534.826569
425.472715 -1629.814356 -1329.854437 256.619695 1351.929492 -83.623858 534.826581
425.463441 -1629.223137 -1329.892938 256.614808 1351.931619 -83.626954 534.826550
425.446523 -1629.195995 -1329.891803 256.605512 1351.929115 -83.635428 534.826531
-15098702648.011024 -9758252450.375511 10028515267.150854 4142575670.254464 -754743588.755887 -3577737012.960344 534.826526
425.439076 -1629.135231 -1329.888473 256.600864 1351.928575 -83.643711 534.826532
425.431385 -1629.367923 -1329.856652 256.595242 1351.932078 -83.628607 534.826539
-15098549472.219120 -9758364256.698946 10028909158.083391 4142430855.602551 -754691438.023584 -3577633473.067900 534.826561
-15098549107.265594 -9758364273.304764 10028910736.007759 4142429190.877493 -754690449.097826 -3577631697.153260 534.826562
425.449869 -1629.707648 -1329.855708 256.616750 1351.930308 -83.633563 534.826550
425.453812 -1629.125983 -1329.858059 256.616354 1351.919621 -83.624270 534.826535
425.459111 -1629.341596 -1329.915892 256.615641 1351.928606 -83.633303 534.826579
425.480276 -1629.518282 -1329.850603 256.617590 1351.918995 -83.627740 534.826529
-15098424679.356003 -9758357216.405149 10029023927.158897 4142307726.070904 -754641440.124233 -3577595474.404634 534.826537
425.454380 -1629.008685 -1329.930293 256.636593 1351.920138 -83.643119 534.826567
425.453432 -1629.439676 -1329.829295 256.604931 1351.924838 -83.625371 534.826537
-15098341099.106407 -9758313380.146643 10028987308.706394 4142289185.512052 -754638991.204854 -3577569251.287669 534.826582
425.436012 -1629.357685 -1329.874956 256.634687 1351.926121 -83.626964 534.826626
425.450883 -1629.295689 -1329.879944 256.628767 1351.937720 -83.632101 534.826627
-15098221103.657833 -9758309491.921825 10029093210.950472 4142193096.861392 -754602965.907847 -3577528416.815011 534.826611
425.455181 -1629.611445 -1329.828547 256.626710 1351.921229 -83.616568 534.826632
-15098483948.469942 -9758364617.110159 10028960899.018810 4142380403.831307 -754670468.759699 -3577610899.396846 534.826662
-15098417663.541658 -9758303922.218176 10028847679.155771 4142344474.298978 -754656128.071344 -3577622252.035683 534.826667
425.491633 -1629.496761 -1329.864423 256.582454 1351.930314 -83.636773 534.826642
425.444679 -1629.611456 -1329.865142 256.621491 1351.930895 -83.615504 534.826626
-15098355861.087902 -9758402136.617598 10029176362.475847 4142274436.859689 -754632889.924127 -3577541732.412931 534.826611
425.486218 -1629.895462 -1329.808188 256.617193 1351.923755 -83.595313 534.826544
425.450476 -1628.881678 -1329.933892 256.629216 1351.923157 -83.625598 534.826560
425.455420 -1629.107964 -1329.892918 256.614715 1351.927629 -83.633937 534.826538
425.474267 -1629.877939 -1329.823290 256.622434 1351.926356 -83.606735 534.826536
425.454154 -1629.258387 -1329.868277 256.621220 1351.924167 -83.632238 534.826537
425.454120 -1629.164791 -1329.883203 256.638225 1351.931833 -83.636078 534.826552
425.465291 -1629.476218 -1329.867755 256.594664 1351.918118 -83.623767 534.826547
425.462438 -1629.317780 -1329.850457 256.619368 1351.923577 -83.620262 534.826551
425.460646 -1629.107866 -1329.877022 256.629591 1351.928107 -83.629005 534.826579
425.468369 -1629.376786 -1329.886008 256.621121 1351.928879 -83.640511 534.826589
-15098545699.255253 -9758168091.174461 10028459029.630140 4142511436.063315 -754723661.976938 -3577695865.924961 534.826563
425.452828 -1629.087390 -1329.894290 256.621944 1351.920449 -83.615462 534.826589
425.464735 -1629.488204 -1329.859170 256.629795 1351.912203 -83.631573 534.826596
425.456451 -1629.563459 -1329.828439 256.620914 1351.934214 -83.617265 534.826608
425.441652 -1628.720074 -1329.940046 256.636520 1351.923296 -83.635112 534.826628
425.442814 -1629.099064 -1329.882540 256.622094 1351.923640 -83.618743 534.826614
-15098452974.774895 -9758279203.479239 10028841703.417252 4142398926.305267 -754680796.321285 -3577614489.135709 534.826632
425.438370 -1628.955712 -1329.868203 256.637354 1351.920209 -83.630902 534.826661
-15098355371.893202 -9758281508.901110 10028904477.212034 4142321995.205661 -754650936.040377 -3577589495.934893 534.826709
425.459832 -1629.273778 -1329.856707 256.609209 1351.929265 -83.635006 534.826695
-15098388069.327883 -9758485944.376347 10029377510.052229 4142265624.570273 -754626916.395843 -3577521017.429265 534.826715
425.442333 -1629.496400 -1329.864371 256.607842 1351.917313 -83.623469 534.826737
425.466068 -1629.739084 -1329.791317 256.619026 1351.933124 -83.605268 534.826750
-15098491705.285891 -9758321626.690777 10028827120.476450 4142426279.352301 -754689132.383969 -3577633610.210496 534.826793
425.462979 -1629.595762 -1329.830279 256.615028 1351.928788 -83.616850 534.826813
425.468546 -1628.766238 -1329.927089 256.629714 1351.928619 -83.644769 534.826832
425.467781 -1629.599307 -1329.828118 256.611153 1351.926252 -83.616427 534.826812
425.445895 -1629.214008 -1329.855744 256.607039 1351.925381 -83.623993 534.826836
425.464910 -1629.281028 -1329.872910 256.612938 1351.925159 -83.630997 534.826872
425.435186 -1629.656905 -1329.810156 256.614188 1351.909870 -83.619061 534.826875
-15098315184.115412 -9758382067.535477 10029075059.896971 4142266654.821832 -754626682.934390 -3577567661.315726 534.826941
425.465906 -1629.247562 -1329.849691 256.633781 1351.920859 -83.624167 534.826944
425.471397 -1629.559542 -1329.899632 256.618455 1351.924074 -83.621434 534.826976
425.465354 -1629.883551 -1329.813744 256.617812 1351.916652 -83.612305 534.826924
-15098343396.160521 -9758185439.978170 10028554761.901781 4142361503.277416 -754662752.623471 -3577661336.174983 534.826948
425.460570 -1629.406115 -1329.860204 256.611958 1351.925054 -83.628079 534.826965
425.475351 -1629.189369 -1329.856603 256.620580 1351.904459 -83.626303 534.826972
-15098376251.298510 -9758303744.010828 10028795358.070610 4142351634.363519 -754657219.436200 -3577628711.683621 534.827018
425.451238 -1629.611727 -1329.825921 256.615070 1351.931609 -83.621300 534.827027
425.457546 -1629.455414 -1329.833829 256.614196 1351.928249 -83.614517 534.827050
425.441168 -1629.282380 -1329.887615 256.632457 1351.926208 -83.629355 534.827080
425.441984 -1629.620698 -1329.832467 256.631935 1351.921051 -83.625391 534.827071
425.477401 -1629.617815 -1329.843895 256.612238 1351.923579 -83.623608 534.827098
425.467367 -1629.819750 -1329.838580 256.620508 1351.918752 -83.635723 534.827100
425.463512 -1629.492244 -1329.853101 256.648080 1351.922694 -83.630172 534.827098
425.471334 -1628.879363 -1329.921070 256.615821 1351.925582 -83.639126 534.827100
425.469417 -1628.795805 -1329.936989 256.615198 1351.926388 -83.644009 534.827081
425.472055 -1630.064629 -1329.824209 256.605745 1351.926245 -83.613730 534.827052
-15098201364.026712 -9758328050.248024 10028990952.623514 4142212539.736772 -754605100.193392 -3577559065.114340 534.827039
425.455847 -1628.895161 -1329.944809 256.633291 1351.917408 -83.652556 534.827066
425.479262 -1629.592736 -1329.800888 256.590959 1351.923544 -83.608200 534.827032
425.442601 -1629.066318 -1329.888903 256.629577 1351.926193 -83.656999 534.827087
425.452228 -1629.597914 -1329.832425 256.620924 1351.928441 -83.623398 534.827093
425.451893 -1629.694983 -1329.843630 256.613157 1351.928271 -83.621715 534.827112
-15098411163.523975 -9758460814.544882 10029094941.348755 4142318983.679410 -754639541.477072 -3577596467.453682 534.827112
425.447980 -1629.186079 -1329.889398 256.628948 1351.912982 -83.624337 534.827122
425.456965 -1629.911412 -1329.823578 256.611795 1351.917693 -83.628232 534.827132
425.445621 -1629.355967 -1329.877686 256.654273 1351.929285 -83.630257 534.827144
-15098394637.850529 -9758477055.833996 10029166487.129911 4142315185.913486 -754640120.722454 -3577570872.899912 534.827129
425.460483 -1629.665219 -1329.856239 256.618310 1351.916870 -83.627706 534.827129
425.439004 -1629.276614 -1329.873396 256.626093 1351.922354 -83.618891 534.827125
425.447001 -1629.452695 -1329.880214 256.652627 1351.928372 -83.631470 534.827139
-15098327444.101728 -9758267573.943012 10028738972.272587 4142284026.822947 -754622042.585385 -3577649156.145740 534.827114
425.438170 -1629.267325 -1329.890057 256.646766 1351.929037 -83.630665 534.827130
425.443295 -1628.675958 -1329.912919 256.641186 1351.931770 -83.647927 534.827114
-15098436451.160143 -9758298205.810408 10028742573.852757 4142386969.213435 -754665028.562090 -3577654633.071209 534.827121
425.449703 -1629.714115 -1329.831454 256.623530 1351.929454 -83.635818 534.827115
425.450979 -1628.762284 -1329.908589 256.619523 1351.920000 -83.643801 534.827123
425.456581 -1629.295012 -1329.915598 256.607687 1351.939061 -83.635914 534.827140
-15098317225.053123 -9758378992.439676 10029048793.570187 4142249840.031702 -754611996.211908 -3577583061.608948 534.827084
425.443913 -1629.504669 -1329.836094 256.629688 1351.929746 -83.609577 534.827124
425.463090 -1629.236511 -1329.867744 256.610745 1351.925545 -83.622429 534.827148
-15098456511.419874 -9758248541.171946 10028544213.927969 4142424979.191582 -754679260.517981 -3577697873.552293 534.827163
425.444892 -1629.045130 -1329.912520 256.629048 1351.932993 -83.631725 534.827155
425.460174 -1629.344011 -1329.883282 256.623231 1351.921748 -83.634888 534.827131
425.454508 -1629.272985 -1329.888846 256.615369 1351.933889 -83.624731 534.827119
-15098272337.420103 -9758479718.517347 10029298044.248083 4142175022.579692 -754582742.114869 -3577542551.665815 534.827100
425.445938 -1629.257438 -1329.863332 256.605591 1351.934443 -83.623243 534.827107
425.466560 -1629.521637 -1329.844302 256.603510 1351.933055 -83.617576 534.827102
-15098224370.212248 -9758332550.515272 10028938463.905800 4142208514.521513 -754599095.503368 -3577590018.663405 534.827123
425.467804 -1628.550609 -1329.961435 256.645444 1351.936251 -83.639814 534.827157
425.490905 -1629.798474 -1329.816901 256.609069 1351.929391 -83.625965 534.827107
425.457493 -1629.816114 -1329.856308 256.599569 1351.930967 -83.625162 534.827112
425.455671 -1628.864849 -1329.884954 256.607420 1351.931913 -83.634984 534.827085
425.476463 -1629.334900 -1329.884192 256.607930 1351.930890 -83.634110 534.827107
425.480800 -1629.316881 -1329.838128 256.608703 1351.926871 -83.617296 534.827082
425.437020 -1628.783104 -1329.932550 256.621384 1351.926053 -83.634059 534.827113
425.463379 -1629.604482 -1329.838097 256.612518 1351.937315 -83.621366 534.827101
425.470658 -1629.722895 -1329.824605 256.632493 1351.932453 -83.622604 534.827102
425.441493 -1628.646083 -1329.945620 256.624065 1351.924568 -83.636609 534.827105
425.468637 -1629.438410 -1329.866267 256.624030 1351.928680 -83.638583 534.827090
-15098186822.330545 -9758388431.769869 10029136005.235102 4142166671.961833 -754586114.976197 -3577542525.763638 534.827080
425.452918 -1628.968842 -1329.908838 256.602218 1351.931076 -83.639618 534.827093
425.459755 -1629.057560 -1329.892943 256.615911 1351.925443 -83.630066 534.827083
425.481244 -1629.791496 -1329.798289 256.625224 1351.918641 -83.606200 534.827084
425.474340 -1629.729291 -1329.819931 256.617120 1351.922434 -83.615641 534.827124
425.435968 -1629.043650 -1329.916373 256.640844 1351.923160 -83.632687 534.827145
425.448267 -1629.347150 -1329.889759 256.614052 1351.924050 -83.635835 534.827128
425.474003 -1629.699444 -1329.808396 256.604374 1351.912131 -83.614617 534.827114
425.437513 -1628.817077 -1329.957883 256.613170 1351.919254 -83.646589 534.827163
425.468240 -1629.562525 -1329.805519 256.586962 1351.920080 -83.609738 534.827129
425.448151 -1629.333898 -1329.883919 256.617589 1351.923720 -83.624828 534.827190
425.451646 -1629.121818 -1329.897091 256.627205 1351.918832 -83.610826 534.827183
425.445560 -1629.343185 -1329.869533 256.626322 1351.915434 -83.626006 534.827183
425.471083 -1629.302337 -1329.867653 256.631737 1351.919613 -83.623487 534.827199
425.436354 -1629.497706 -1329.889183 256.646744 1351.914851 -83.621427 534.827206
425.454821 -1629.635171 -1329.850718 256.633220 1351.926308 -83.630084 534.827189
425.451393 -1628.945791 -1329.921408 256.641845 1351.917195 -83.623026 534.827183
-15098522442.383900 -9758302437.553633 10028628057.033367 4142476640.990405 -754701159.054504 -3577692363.359137 534.827171
425.459042 -1629.585725 -1329.843547 256.647897 1351.914663 -83.628944 534.827165
425.456324 -1629.141403 -1329.906627 256.645617 1351.924174 -83.633179 534.827181
425.465465 -1629.417896 -1329.871844 256.638322 1351.920574 -83.626867 534.827157
425.463791 -1629.479806 -1329.867722 256.619950 1351.911242 -83.618308 534.827149
425.451411 -1629.313266 -1329.887867 256.646147 1351.927092 -83.633724 534.827155
425.450926 -1629.371494 -1329.867004 256.596374 1351.926183 -83.639068 534.827135
-15098383375.678516 -9758357251.922337 10028933212.270985 4142331313.187593 -754643982.507546 -3577613619.973876 534.827142
-15098375667.946404 -9758357285.698832 10028925635.750313 4142322279.567222 -754639328.088801 -3577616765.701132 534.827153
-15098367814.489325 -9758350239.978069 10028922826.897844 4142314863.405169 -754635723.802342 -3577617577.864237 534.827176
425.459235 -1629.387287 -1329.858264 256.618160 1351.927816 -83.614004 534.827147
425.457814 -1629.811114 -1329.802195 256.625373 1351.929748 -83.626111 534.827155
425.470450 -1629.023989 -1329.880749 256.658942 1351.929432 -83.623537 534.827184
425.461995 -1629.644195 -1329.848936 256.614401 1351.929725 -83.624217 534.827186
425.454080 -1629.371814 -1329.873506 256.619814 1351.934436 -83.643302 534.827178
-15098319520.571058 -9758334270.869162 10028907833.110977 4142294571.422315 -754630343.764040 -3577608025.567597 534.827164
425.467750 -1629.867194 -1329.824138 256.628484 1351.927144 -83.626787 534.827192
425.451210 -1628.859007 -1329.910791 256.642609 1351.942074 -83.641274 534.827191
425.470249 -1629.397033 -1329.834300 256.624149 1351.920229 -83.623786 534.827169
425.466321 -1629.680537 -1329.826295 256.631995 1351.934554 -83.618814 534.827205
-15098329735.262993 -9758451702.892958 10029148291.559284 4142264169.742570 -754617296.746079 -3577575695.954322 534.827210
425.464749 -1629.285473 -1329.874119 256.615181 1351.927090 -83.628093 534.827226
425.455081 -1629.340071 -1329.875790 256.633252 1351.930552 -83.626878 534.827224
425.463674 -1629.802449 -1329.815531 256.596630 1351.931851 -83.623376 534.827213
425.445259 -1629.365045 -1329.859414 256.594913 1351.939965 -83.631499 534.827228
425.448196 -1628.759507 -1329.915773 256.636823 1351.929172 -83.639822 534.827231
-15098223282.897205 -9758370152.390230 10029053972.725918 4142198302.158994 -754592531.859395 -3577572376.254468 534.827230
425.432821 -1629.412689 -1329.822461 256.619501 1351.929903 -83.616372 534.827246
-15098332988.109362 -9758296393.530760 10028714947.101282 4142318620.293478 -754637293.895605 -3577657910.579216 534.827297
-15098043410.952044 -9758431587.533895 10029340950.069036 4142034043.197831 -754530564.489627 -3577493060.649195 534.827271
425.453840 -1629.270440 -1329.861941 256.618728 1351.929750 -83.625868 534.827292
425.445499 -1628.978264 -1329.918052 256.608698 1351.928759 -83.652453 534.827304
-15098336792.642502 -9758469330.742554 10029145171.039392 4142259963.740294 -754614525.292992 -3577585211.165564 534.827287
425.438237 -1628.999550 -1329.870518 256.621325 1351.926183 -83.629583 534.827319
425.455517 -1628.961963 -1329.890078 256.618865 1351.925566 -83.634253 534.827355
425.482806 -1630.028534 -1329.793153 256.619753 1351.926817 -83.606131 534.827367
-15098416669.524601 -9758321142.991573 10028622953.013130 4142394874.897074 -754665919.618538 -3577693492.488558 534.827383
425.453464 -1629.066085 -1329.899623 256.607117 1351.927080 -83.624213 534.827396
425.437102 -1629.084633 -1329.924444 256.613239 1351.927852 -83.634287 534.827390
425.453308 -1629.518603 -1329.842471 256.589971 1351.927244 -83.618936 534.827359
-15098063582.273998 -9758626124.301779 10029717842.428692 4141986508.262217 -754509881.540679 -3577445063.223393 534.827381
425.440582 -1629.285033 -1329.882816 256.614719 1351.933612 -83.617538 534.827412
-15098277443.969599 -9758431731.730455 10029031171.838894 4142239244.595073 -754607293.125695 -3577598342.298756 534.827385
425.471881 -1629.302183 -1329.870532 256.609856 1351.927524 -83.624731 534.827408
425.467897 -1629.319509 -1329.866041 256.617092 1351.924999 -83.619227 534.827406
425.466141 -1629.521065 -1329.848831 256.596585 1351.929701 -83.623139 534.827410
425.457295 -1629.273238 -1329.894022 256.637029 1351.926856 -83.625077 534.827414
425.437772 -1629.411508 -1329.889655 256.632632 1351.923128 -83.628223 534.827390
-15098338368.371414 -9758378810.500505 10028860678.583544 4142300795.825068 -754630218.797421 -3577641184.145365 534.827371
425.449893 -1629.361148 -1329.897305 256.619086 1351.918899 -83.628096 534.827380
425.459259 -1629.447935 -1329.861475 256.631738 1351.917429 -83.622856 534.827360
425.459489 -1629.425828 -1329.865156 256.616273 1351.920256 -83.621410 534.827367
425.446829 -1629.434160 -1329.886927 256.614730 1351.927383 -83.625946 534.827371
425.436007 -1629.435165 -1329.873678 256.628933 1351.929452 -83.630678 534.827348
425.452989 -1629.357352 -1329.873219 256.636545 1351.925719 -83.634018 534.827339
-15098223294.376911 -9758393564.084591 10029036018.356775 4142216799.199626 -754601418.025578 -3577576798.238727 534.827333
425.449076 -1629.436234 -1329.896378 256.631754 1351.926859 -83.633001 534.827330
425.472147 -1629.437935 -1329.872858 256.642123 1351.926180 -83.621393 534.827293
425.460717 -1629.520128 -1329.893053 256.618766 1351.933057 -83.631327 534.827273
425.458033 -1629.582475 -1329.862040 256.610053 1351.925348 -83.631956 534.827223
425.448179 -1629.050836 -1329.880319 256.636018 1351.923023 -83.632677 534.827214
425.453852 -1629.493940 -1329.864142 256.628075 1351.927726 -83.632692 534.827232
425.453167 -1629.308382 -1329.882536 256.657888 1351.919951 -83.632055 534.827223
425.451509 -1629.661746 -1329.873983 256.608511 1351.926449 -83.644975 534.827214
-15098382880.179066 -9758398634.227198 10028965699.449621 4142309751.666854 -754632957.562165 -3577623186.555716 534.827185
425.457234 -1629.589643 -1329.854498 256.625523 1351.925610 -83.623562 534.827195
425.450380 -1629.139480 -1329.881767 256.649358 1351.932273 -83.633268 534.827190
425.462588 -1628.902746 -1329.890854 256.603939 1351.932951 -83.646133 534.827186
-15098374447.371183 -9758325687.626789 10028806937.215498 4142343219.124897 -754648444.004496 -3577638684.010114 534.827194
425.456097 -1629.587141 -1329.852447 256.601344 1351.942018 -83.633370 534.827209
425.460522 -1629.421390 -1329.858250 256.618901 1351.929625 -83.635910 534.827193
425.460588 -1629.420282 -1329.858317 256.618693 1351.929555 -83.635716 534.827194
425.460574 -1629.418386 -1329.858595 256.618514 1351.929462 -83.635424 534.827195
425.460476 -1629.415698 -1329.859084 256.618365 1351.929345 -83.635031 534.827196
-15098184799.087946 -9758330610.613270 10028960504.068300 4142178643.025885 -754584969.956822 -3577581609.113455 534.827197
425.460030 -1629.407917 -1329.860704 256.618156 1351.929038 -83.633944 534.827198
425.459679 -1629.402811 -1329.861838 256.618098 1351.928846 -83.633247 534.827199
425.459242 -1629.396885 -1329.863191 256.618069 1351.928630 -83.632446 534.827199
425.458718 -1629.390133 -1329.864764 256.618072 1351.928387 -83.631542 534.827198
425.458106 -1629.382548 -1329.866559 256.618105 1351.928117 -83.630533 534.827197
425.457405 -1629.374123 -1329.868578 256.618169 1351.927821 -83.629417 534.827196
425.456614 -1629.364851 -1329.870822 256.618265 1351.927496 -83.628195 534.827193
425.455733 -1629.354727 -1329.873293 256.618392 1351.927144 -83.626865 534.827190
425.454759 -1629.343743 -1329.875994 256.618550 1351.926763 -83.625427 534.827185
-15098259755.168501 -9758371813.164019 10028992521.093309 4142225384.893244 -754602586.576412 -3577588997.797720 534.827179
425.452534 -1629.319168 -1329.882088 256.618963 1351.925913 -83.622222 534.827173
425.451280 -1629.305564 -1329.885486 256.619218 1351.925444 -83.620454 534.827164
425.449931 -1629.291073 -1329.889120 256.619505 1351.924944 -83.618573 534.827155
425.448486 -1629.275689 -1329.892991 256.619824 1351.924413 -83.616580 534.827144
425.446944 -1629.259405 -1329.897102 256.620177 1351.923851 -83.614473 534.827131
425.445304 -1629.242215 -1329.901455 256.620562 1351.923256 -83.612252 534.827116
-15098302947.629223 -9758337926.985519 10028930293.783947 4142267591.701201 -754620471.179273 -3577604161.083994 534.827100
425.441726 -1629.205088 -1329.910890 256.621432 1351.921970 -83.607462 534.827081
-15098313683.884714 -9758327337.548950 10028926011.448465 4142277099.491802 -754624952.351156 -3577605522.509688 534.827060
425.437745 -1629.164256 -1329.921311 256.622436 1351.920550 -83.602204 534.827038
-15098411762.161867 -9758278941.361357 10028754848.013372 4142376201.805621 -754664326.748868 -3577648946.037657 534.827013
