-184383.496767 -27995.371039 15676.480194 186512.743674 -1430.010600 -308.103676 -49.952331
-183788.412036 -27882.123718 15611.164689 185913.871125 -1386.780567 -299.618805 -49.947688
-184381.986931 -27995.280106 15676.600545 186511.234557 -1429.959066 -308.103966 -49.943041
-184381.183543 -27995.213219 15676.638096 186510.427400 -1429.930287 -308.102156 -49.938404
11280466163.625195 381796476.418083 12173690523.430349 -12274074256.239935 4435627369.030127 3162878074.160976 -49.933788
11280464997.783609 381802253.877797 12173682456.557014 -12274079156.774496 4435628774.435434 3162877152.184214 -49.929210
11280463892.250452 381807349.362042 12173675247.321943 -12274083478.018690 4435629979.494827 3162876302.920327 -49.924680
11280462845.215208 381811794.631184 12173668857.512754 -12274087246.392464 4435630994.693569 3162875522.936124 -49.920215
11280487738.344156 381840489.912012 12173628379.445938 -12274108378.903933 4435639225.548292 3162874269.531398 -49.915826
11280486802.870111 381843730.034002 12173623513.846504 -12274111120.785656 4435639892.480682 3162873617.808135 -49.911526
11280485920.460861 381846415.221621 12173619353.035360 -12274113389.055120 4435640401.007538 3162873025.064829 -49.907331
11280523137.819700 381883301.438540 12173569397.038523 -12274142821.406473 4435652107.505092 3162872083.894268 -49.903253
11280522356.102549 381884972.040751 12173566531.160700 -12274144221.697983 4435652330.675391 3162871598.812552 -49.899306
11280548388.317883 381911219.309680 12173529977.543659 -12274163208.781063 4435659749.326631 3162871143.416325 -49.895503
11280547700.044779 381912002.364881 12173528253.749794 -12274163846.769318 4435659729.078240 3162870752.262447 -49.891858
11280547055.774744 381912389.285355 12173527043.678368 -12274164143.232008 4435659602.846241 3162870402.921804 -49.888382
11280546453.694365 381912411.830826 12173526309.115437 -12274164124.584446 4435659381.114436 3162870091.960977 -49.885093
11280545891.989824 381912101.760903 12173526011.846949 -12274163817.241467 4435659074.366478 3162869815.946498 -49.882000
11280565348.968872 381927899.828644 12173506493.869295 -12274177807.306673 4435664503.713711 3162870234.948862 -49.879120
11280564862.976702 381927019.437434 12173506956.547972 -12274177001.817278 4435664058.384788 3162870018.527169 -49.876464
11280564411.109236 381925902.448231 12173507741.878618 -12274175986.875057 4435663559.489834 3162869826.751221 -49.874048
11280563992.764601 381924579.511466 12173508811.646755 -12274174788.893230 4435663017.511905 3162869656.187400 -49.871883
11280563605.720890 381923082.755587 12173510127.637804 -12274173434.284655 4435662442.933928 3162869503.402068 -49.869984
11280590579.880337 381947342.063793 12173475778.225641 -12274190835.888178 4435669617.315619 3162868975.809798 -49.868363
11280590249.993143 381945592.947759 12173477472.020906 -12274189247.268101 4435669008.987517 3162868848.281148 -49.867035
11280589951.129204 381943766.030644 12173479297.380262 -12274187586.451197 4435668399.915523 3162868728.389949 -49.904333
11280586079.950527 381954309.597180 12173468559.321692 -12274192683.954102 4435671745.286982 3162865027.992816 -49.747895
11280590428.721352 381932025.112307 12173490368.820465 -12274179880.359478 4435665296.544259 3162870291.615175 -49.904875
11280592642.986217 381929448.666672 12173492161.529011 -12274180278.869362 4435665638.594639 3162871527.156215 -49.921529
11280593433.424198 381959889.803311 12173459867.363747 -12274196264.074795 4435674214.521066 3162863307.086834 -49.603590
11280596685.601942 381933033.581797 12173481604.237911 -12274182710.523527 4435668052.633296 3162867373.790547 -49.991074
11280595408.755686 381940933.519850 12173476867.410133 -12274185099.498718 4435668801.929905 3162867246.868731 -49.919694
11280588470.730143 381959212.062415 12173458645.077459 -12274192492.921707 4435674733.449721 3162859662.660529 -49.986672
11280589548.150846 381960470.758730 12173459091.601198 -12274191926.627762 4435675231.750923 3162860439.711613 -49.796886
11280593104.740591 381947490.801843 12173470409.071867 -12274186460.448631 4435672196.981659 3162862992.845410 -49.993728
11280592611.040140 381953032.354479 12173467909.380335 -12274187557.194141 4435672585.382877 3162863149.877341 -50.055491
11280621736.148148 381977209.261435 12173440195.930344 -12274204332.858660 4435678674.764015 3162866518.719255 -49.850272
11280624138.232452 381971098.986917 12173446496.598351 -12274202416.038033 4435676828.610227 3162868104.129741 -49.882733
11280624830.444729 381969412.267830 12173447373.875963 -12274201977.774529 4435676844.815175 3162867568.490829 -49.886741
11280626222.981249 381965408.523964 12173451294.825695 -12274200236.139406 4435675514.991550 3162869217.002954 -49.926676
11280623185.640951 381971334.801839 12173447581.517691 -12274199963.811693 4435676225.979239 3162866746.464397 -49.796011
11280626036.324409 381955547.938155 12173462483.445957 -12274190707.261057 4435671712.262870 3162870341.407853 -49.805103
11280629361.920860 381940317.034992 12173476469.649754 -12274182246.457193 4435668017.690049 3162873280.085824 -50.070873
11280626863.465847 381959163.113422 12173461113.154453 -12274191788.221106 4435672996.925714 3162869822.260184 -49.932050
11280625993.755697 381962404.422297 12173458796.702135 -12274192402.716225 4435673980.391365 3162868804.291907 -49.734546
11281204993.616632 382486877.798668 12172706103.908596 -12274591552.441202 4435839581.444790 3162855308.845031 -49.965352
11281211428.575083 382474578.883298 12172720190.899708 -12274585411.313604 4435836079.271157 3162860973.910332 -49.983594
11281200830.910992 382507202.690555 12172690430.545727 -12274599542.737032 4435844618.328783 3162849416.010515 -49.589173
11281202873.000763 382484644.123434 12172706010.047512 -12274589809.964247 4435839987.924389 3162851214.368058 -49.893036
11281206357.794441 382476562.903488 12172713562.148849 -12274586684.810635 4435838513.151272 3162854677.996281 -50.024054
11281198149.894735 382507413.686910 12172684180.920345 -12274601970.499237 4435847558.329468 3162844965.852012 -49.695834
11281197779.745035 382492553.004776 12172695539.258226 -12274592318.488619 4435844087.484512 3162845333.689034 -49.998512
11280582417.966692 381886605.223535 12173540939.535944 -12274152609.538666 4435660501.766646 3162866359.130970 -49.883642
11280572201.034317 381911338.734674 12173515900.724670 -12274163508.429642 4435667518.391935 3162856997.808321 -49.638760
11280572093.505619 381897900.715514 12173522937.625242 -12274158601.518427 4435665307.212340 3162857240.382475 -49.991005
11280576629.817101 381893207.093223 12173528794.824919 -12274157306.896156 4435663692.957695 3162861887.012885 -49.958014
11280573885.219173 381905715.827222 12173516990.698965 -12274163790.919638 4435667500.778174 3162858338.077752 -49.779578
11280583886.879671 382076324.557828 12173075828.481287 -12274127832.770472 4435664034.255544 3162795222.827045 -50.089628
11280586254.592648 382082948.721113 12173073208.077713 -12274131071.064461 4435665413.406452 3162796872.199756 -49.866484
11280456096.413788 381609306.968134 12174169888.994841 -12274087424.097467 4435617065.713233 3162955988.522437 -49.839660
11280457092.760143 381604463.825133 12174173988.879152 -12274085045.977064 4435616448.060596 3162956080.800182 -49.871323
11280260993.975666 381717354.140382 12173640877.575602 -12273893931.132589 4435562812.922373 3162831318.401121 -49.880742
11280260539.262026 381717648.273153 12173641393.147429 -12273893319.865166 4435562583.702218 3162831180.751131 -49.854602
11280621306.368937 381910213.460157 12173558676.376980 -12274180704.857727 4435670266.059100 3162884756.137721 -49.956175
11280619278.012770 381918878.701943 12173551585.994530 -12274184131.917170 4435672157.703276 3162882716.960582 -49.724385
11280624411.513693 381897508.302352 12173568988.599533 -12274175480.360884 4435666908.435144 3162887839.766999 -49.987749
11280677252.372265 382005291.718549 12173370486.562513 -12274237509.355934 4435698022.363953 3162856333.338553 -49.875107
11280670959.099649 382020624.212671 12173354322.576229 -12274244659.005663 4435702389.762667 3162850096.181501 -49.684195
11280664183.463615 382026932.514236 12173342922.571823 -12274248066.354959 4435705816.543904 3162842641.362490 -49.716132
11280671280.177803 382000398.535669 12173366863.102516 -12274235876.575491 4435699201.100324 3162848873.311152 -50.132563
11280437344.835764 381763576.368235 12173732429.060978 -12274058607.257118 4435621813.188734 3162873137.895169 -49.765933
11280432511.066612 381772379.764621 12173718896.998590 -12274065375.789427 4435626010.836711 3162867309.560503 -49.811192
11280438243.147848 381755537.370757 12173733789.220539 -12274058910.515642 4435622424.244785 3162872750.065363 -50.104505
11280440417.818245 381761710.729659 12173731595.071398 -12274061004.542755 4435623872.042154 3162874932.079876 -49.774949
11280438234.437313 381763278.618761 12173725664.262020 -12274063787.509010 4435626304.324555 3162871620.213941 -50.011059
11280442032.470806 381764694.424345 12173724675.482998 -12274067543.907352 4435627071.828444 3162874681.048483 -50.085674
11280445785.448193 381768740.771754 12173721725.742756 -12274071969.866402 4435629490.644849 3162877893.151220 -49.787421
11280445823.618298 381764939.268080 12173721983.857170 -12274072384.699244 4435629863.351497 3162877744.175791 -49.919657
11280325591.377474 381680601.991732 12173827392.688042 -12274016845.824392 4435611610.455587 3162860314.296014 -49.931310
11280323145.256872 381688439.915305 12173820052.159348 -12274020271.466839 4435613435.104917 3162858446.268086 -49.810721
11280333355.589327 381657002.331281 12173848470.862444 -12274006496.431009 4435605412.013615 3162869283.266717 -50.132098
11280327774.827497 381684787.808686 12173823754.031752 -12274019691.529181 4435612583.941895 3162863599.516881 -49.904208
11280325082.534122 381690251.046412 12173817127.254011 -12274021432.900473 4435615019.539301 3162860241.575323 -49.860703
11280340431.220089 381652684.580856 12173853879.600201 -12274006753.539358 4435604731.834556 3162875466.195419 -49.514230
11280678865.205639 381796617.660465 12173805078.665710 -12274261567.975050 4435696680.289118 3162929415.805680 -48.420397
11280671784.551012 381758655.470258 12173802397.687939 -12274261927.177103 4435699556.430165 3162907698.144213 -47.908717
11280660593.226099 381704657.218401 12173806426.845306 -12274254955.140484 4435701302.109731 3162882075.113579 -48.702796
11280660984.409309 381665920.280207 12173814900.916048 -12274252086.689171 4435701478.708528 3162871964.693873 -49.421607
11280655555.190474 381676490.005296 12173792401.309225 -12274266320.824100 4435709426.456039 3162862570.763721 -49.229014
11280644041.650639 381680701.931854 12173775582.229982 -12274270600.147163 4435715859.712247 3162851648.684743 -50.590504
11280646861.387911 381715171.488303 12173762701.900497 -12274280011.267303 4435719086.304697 3162862290.131615 -52.014935
11280475425.488287 381771464.124670 12173626891.147699 -12274133691.283102 4435664719.467280 3162846673.602032 -52.522405
11280462732.921881 381944733.973136 12173512621.366833 -12274205411.094791 4435696987.273950 3162846774.850664 -52.324556
11280459602.245541 382068757.827034 12173442554.991543 -12274250855.022360 4435717040.077824 3162858069.393835 -52.114887
11280466969.833313 382138346.225527 12173424568.584869 -12274264297.581051 4435719953.398379 3162882338.232515 -51.602836
11280464440.798170 382203037.513813 12173395403.301783 -12274277965.916809 4435726817.344165 3162891125.740703 -51.511329
11280461297.436966 382261614.582320 12173366431.591862 -12274289124.735889 4435735965.044835 3162894828.775589 -52.056761
11280442359.499563 382359894.325777 12173304285.858976 -12274300877.761547 4435756384.888185 3162883039.573667 -54.153021
11280415876.698652 382574720.988183 12173186141.534967 -12274347076.634104 4435784661.898621 3162878265.875900 -56.548327
11280358024.526459 382991961.437066 12172918217.021242 -12274476914.040890 4435852594.118333 3162846941.214053 -59.093973
11282178210.989809 384720979.002733 12171921873.706560 -12276582872.058914 4436711974.488297 3162917220.998554 -63.863264
11282036064.609207 385748488.540048 12171133091.000498 -12277024522.055758 4436917356.615419 3162827818.782618 -72.350067
11281920059.821129 387308757.275009 12169823312.235704 -12277856490.885605 4437277041.865667 3162757782.960603 -83.346487
11281961604.580469 389470638.721860 12167844594.328720 -12279284983.237179 4437864061.056632 3162759487.672658 -95.776768
11282266534.859528 392267619.525784 12165109893.432823 -12281444135.705023 4438720803.828002 3162889437.960011 -109.065119
11282811171.431637 395746674.384176 12161556535.005560 -12284355014.536150 4439856899.647168 3163145535.969553 -123.269369
11283577224.766510 399952441.379264 12157113570.388170 -12288079794.130116 4441299257.362846 3163515791.412152 -137.380731
11284550072.203825 404834475.623503 12151827453.888456 -12292658211.984383 4443073792.223592 3163970360.204072 -147.542830
11285661897.785942 410167557.569079 12145890469.317602 -12298006685.208899 4445167677.954943 3164448303.363285 -152.552684
11280478274.604576 411227769.012220 12143864939.289450 -12298393449.636154 4445277310.378238 3164687473.534685 -154.442586
11281713829.773180 416959311.597580 12136971364.501751 -12304963065.495241 4447879361.724687 3165059133.655882 -150.092011
11283053966.087616 422506434.183271 12130032242.456148 -12311912509.595413 4450541190.785854 3165422489.524020 -141.392365
11284373916.883165 427686318.088899 12123206959.898632 -12318899673.774801 4453209483.247398 3165694591.278111 -127.227187
11285654792.900488 432249491.439641 12116837680.945385 -12325693445.124084 4455789254.861339 3165877178.993577 -105.161497
11286760023.094166 435555836.889932 12111641016.101133 -12331539027.124483 4457960933.745545 3165984060.573630 -75.384636
11287480215.259314 437121225.483872 12107908095.542141 -12335726588.244711 4459413254.640134 3165967997.076215 -36.474804
11287691618.816792 436506072.028682 12105806161.189486 -12337400312.711664 4459801358.526469 3165741679.347955 8.252142
11287305508.966274 433339678.583661 12105408718.548641 -12335825089.397194 4458754997.377104 3165313663.601198 59.481048
11263928178.473543 407467392.297684 12132778460.512518 -12312980818.679556 4448729710.499578 3165141006.511332 111.577875
11262007702.941706 398161203.939142 12136308434.897768 -12302760703.260891 4443693976.446207 3164323874.186165 164.013534
11259079034.129864 385382994.553010 12141835685.717619 -12287297266.226866 4436160590.683095 3163335149.182664 -119.428113
11255085234.351217 368783310.454169 12149489193.797132 -12266094743.976992 4425797080.253313 3162254397.680126 262.437223
11246295798.479240 346437549.663943 12159642895.915648 -12235538501.904253 4410993634.527630 3160753292.375807 304.468274
11233388844.690117 316471180.090422 12176614708.382242 -12193148604.170534 4392311733.076462 3158556820.990671 336.448377
11017484773.602051 142109936.320252 12327083331.942764 -11998483146.708187 4314524007.968067 3136577491.025877 362.206240
11008037317.870506 107071376.305413 12346828241.133514 -11949867315.449665 4291805830.548753 3134702073.255745 383.835156
10996802773.449871 67254791.895460 12369417465.987572 -11895088337.278988 4265836759.703985 3132667328.886092 399.959400
10982231703.672342 20957611.990826 12398136644.002317 -11833636696.872894 4236562520.248344 3130506454.511919 412.026578
10963896157.458555 -32438711.173619 12434871243.082140 -11765489149.293453 4204145677.900375 3128352449.356499 421.084858
11466631375.905607 272296443.933058 12145741653.560194 -12108382183.681417 4332488011.327701 3167814270.328633 428.062064
11423490510.161203 193533032.426492 12211745381.130617 -12009516646.468248 4290988923.782056 3163363494.657490 433.343000
11395807705.071741 119467351.178253 12279829656.101408 -11921795014.655849 4254138120.359576 3160577362.374675 437.036417
11364291912.087740 39191841.797388 12356958328.478062 -11828581360.231787 4216106033.873355 3157248920.401125 439.632687
12389595368.195940 742141157.155798 11654895050.198298 -12571900335.080671 4508873861.128661 3226268503.322475 441.494837
12348771480.737520 649936398.899683 11754464403.915724 -12469630319.241837 4470371979.865270 3222285706.000060 442.919101
12302333507.012001 552499181.739662 11860737267.568087 -12358710586.763111 4430766688.443388 3216936672.927799 443.811300
12250777991.638613 450646669.038019 11972437734.829361 -12239007151.324396 4390284521.244789 3210191113.794695 444.535711
12194071806.010693 345148979.967246 12087394397.312412 -12109545833.267212 4348738371.349325 3201909759.452492 445.327162
12132596626.800278 235610430.515409 12206495354.052130 -11970586467.119236 4306537531.083716 3192010134.684550 445.655534
12066461590.493279 121872865.623650 12330459104.427542 -11822623284.529482 4264080636.772428 3180462514.877244 445.586357
12749448908.879234 575989693.452491 11894537204.109669 -12291396318.493393 4463789050.775900 3219343107.749726 445.133462
12677299795.745544 454768668.388139 12032656421.499191 -12132229185.518600 4422663157.957687 3205707958.816940 443.938784
12566255318.093359 311421873.951506 12182645421.769075 -11933346389.781767 4369908075.276001 3186246712.760888 442.208915
12454880292.067215 163450552.771455 12342527928.323563 -11724954445.647158 4318731593.846102 3165698400.347131 392.087514
13154816211.822763 722289887.463735 11700200139.056162 -12127712237.837330 4495953074.986985 3207390917.369328 432.313069
13090646275.308399 595703465.700702 11866408127.766125 -11961603622.583126 4465692211.984111 3191716537.776273 425.910474
13027982262.981121 470260583.696345 12033734876.790260 -11793028082.723940 4437942344.718071 3175149875.724193 415.781783
12966259988.993773 346114523.697346 12201586131.134832 -11621494060.082926 4412470649.523012 3157729963.411028 402.606857
12860496612.496984 201341819.480022 12374755297.439762 -11406313842.348501 4373880431.056272 3134009670.155005 389.294173
12759882879.954037 57794815.417117 12551392352.339018 -11187783309.979746 4338708643.329956 3110022784.113346 370.231969
12727868522.742046 -48721445.083956 12715918570.373693 -11028318529.502243 4328589234.165582 3093830565.256310 348.012279
12704270466.879560 -147481024.866901 12875072064.487606 -10874417235.630524 4322922550.826018 3078247876.004915 324.617245
13469471385.741989 611890774.983572 11897640953.599720 -11275016930.582018 4478303039.906776 3136219279.166737 300.560119
13449685868.818178 517550952.834826 12058534567.453360 -11132045484.417942 4476146264.823351 3120735055.028477 277.478658
13432992121.899715 427303465.615056 12215968193.034424 -10989548173.191683 4475903102.210140 3105262397.044014 255.704114
13701270963.243080 804840103.250512 11611513015.835405 -11009370230.295753 4492483730.675816 3112002437.375301 234.702513
13684398740.937834 715282039.753777 11770167161.121336 -10869418895.398775 4492352837.760090 3096325719.088454 215.349993
13658989055.482565 619552629.613563 11934603987.645653 -10717860123.710566 4489006908.119385 3080447588.248733 196.632477
13629489873.068773 519788820.805353 12103714723.276024 -10558558520.159105 4483542163.291231 3064942466.732281 178.401517
13296726989.557430 845431930.151876 11024451282.083504 -10062261654.195353 4260103066.813367 2976281686.766201 160.626863
13255415827.759249 737738258.562975 11196863920.285429 -9899333267.705406 4248816973.408824 2960562601.284703 142.277805
13147866365.446209 596614136.203725 11379381742.386253 -9675392223.498383 4216901684.706619 2936794802.794244 119.855078
13038536109.815834 450201129.421255 11572366774.984201 -9439814956.476212 4184940856.719940 2912643816.003356 98.268634
12994894658.115187 332786615.166481 11762992609.835745 -9255098089.417871 4171097706.489458 2898274805.166077 74.775767
12945608244.179352 212242645.010397 11954805737.415615 -9060648801.264406 4154507377.462221 2883683670.859857 48.961310
12891883826.671043 89747367.221720 12146805355.523214 -8857300987.383173 4135773054.688443 2868837106.042379 21.389329
12826612554.750679 -37695100.003807 12339068841.688457 -8638399892.477058 4112980839.268813 2852793156.010412 -8.777412
12763132691.241446 -163341554.016012 12529180403.118505 -8415838280.072261 4090553152.085876 2836511623.112523 -43.661142
12544533891.731569 -220536982.169620 12416521779.000425 -8083410040.760853 3998060021.910162 2787420019.052907 -76.404135
12477635754.239828 -341801208.917613 12594717952.971027 -7853623540.441504 3975048783.412502 2768990324.460489 -92.189818
12408718765.662766 -462024639.801952 12768913254.418730 -7617408694.337947 3951786163.688856 2749265757.281472 -111.284446
12341805585.350500 -579171828.849278 12938441118.356844 -7379251714.775329 3929918535.490972 2728137710.649543 -125.169620
12206925790.973721 -725439315.160744 13111244516.702908 -7076708883.535571 3890172701.754468 2698118782.176872 -134.354229
12131967328.862114 -845883402.580355 13280816350.073912 -6819196106.597357 3868208656.155038 2672486352.147760 -126.112354
12031059101.226225 -631013852.559119 12662998991.227890 -6723371296.776012 3792194791.350246 2589988578.568987 -117.410592
12019599643.480564 -717425499.879340 12817698565.011442 -6537021775.419291 3791082724.789716 2566904797.976658 -102.470515
12016934432.738361 -798231725.597194 12969589060.052464 -6360087666.690304 3794548705.307043 2541290280.021698 -83.718874
12023372828.676029 -872804330.172790 13118016587.107626 -6193691076.173702 3802659957.485559 2512666042.827853 -62.889009
12588482432.266415 -166336224.206684 11999362982.157160 -6818417814.097289 3849980814.453025 2500076752.480857 -16.733465
12526171254.784512 -276314869.222036 12164111979.518478 -6600661149.234727 3839772495.273159 2461385631.516837 19.102314
12617838388.031244 -316173208.475871 12311984674.377466 -6526207957.341218 3871422106.226294 2433916594.015309 78.427351
13149712146.314148 145119944.906399 11710826775.779972 -6985653248.072976 3920654938.120648 2468388218.756386 142.222045
13187765658.776197 83657867.210242 11856189778.324917 -6878355158.044853 3936319597.498412 2433043633.317189 155.311659
13218203377.287512 20973012.651160 11997065136.313852 -6759792824.646780 3948040881.230393 2397268334.271927 192.999850
13157772597.249525 -83586858.501540 12151986655.199411 -6537362000.820019 3932862408.396461 2359255681.774024 232.362879
13103188084.323223 -185135169.988763 12304365254.015247 -6310581730.395556 3917673347.054746 2323521767.903222 259.933113
13138122734.622385 547845.994098 11863972623.950228 -6371833806.212346 3865207270.371009 2287352923.791605 284.403653
13168978133.833143 -63593765.657125 12003128910.365036 -6236924649.087362 3870903732.037786 2258445953.993797 308.758004
13181795234.375381 -136783391.376521 12147424373.912914 -6078132212.136685 3871875814.939674 2229670367.148079 332.238609
13181270655.107304 -217030772.848951 12297542115.890280 -5900449174.436357 3870006692.640617 2200687726.165994 354.852131
13162879788.538385 -304417529.618812 12450784317.788845 -5699287627.948580 3863990871.289405 2171236725.176380 377.028231
13132417635.026785 -394805081.012340 12603328253.118008 -5481603083.841922 3855206568.740820 2141390251.457995 397.563382
13058963663.221411 -496101161.224571 12747653882.778385 -5215740509.955867 3834359819.605169 2110781363.395653 412.294516
13007071371.204788 -516482024.451374 12713921454.476311 -5043868508.041795 3798268392.410676 2084093865.466903 432.503063
13070247227.019089 -559494742.161731 12839933471.576418 -4926476263.445970 3810620874.562558 2060969013.700175 447.517016
13094083388.537930 -614705976.756857 12963609181.026190 -4770164779.945666 3813980762.827611 2033919283.776384 459.875865
13129814445.648167 -662193673.869182 13080434986.112158 -4628308702.002951 3819371216.440061 2007115103.501770 470.425672
13043561090.417070 -497489820.262109 12551296461.829432 -4746341365.729030 3735322983.018232 1956901841.284113 479.488321
13090762809.862621 -330545637.151917 12121288955.889111 -4923000232.789112 3677890379.154404 1945503027.490001 486.967490
13202702763.351358 -350035455.513736 12221892808.006069 -4892464885.134962 3697110132.266457 1925772990.331404 493.383898
13324560830.312086 -361367496.027582 12308723856.091599 -4885095024.645145 3717088463.224671 1908725467.676985 497.633372
13231452154.954939 -334457857.239118 12107405479.982817 -4827732372.245652 3658584093.184050 1882735215.732805 498.445127
13272974730.060999 -371844787.803265 12188659657.350281 -4729538816.129571 3656832137.861472 1872053559.545452 500.144490
13300706511.050213 -382305515.507592 12183382279.530550 -4692610972.821385 3646779654.890408 1853261499.763113 501.479539
13373320439.536882 -404397569.714998 12245488555.805515 -4652025122.403665 3650626978.235561 1845629942.703906 502.655762
13439984590.218307 -426467778.432626 12299775912.497780 -4611376185.997775 3652012891.078435 1841261661.290709 504.108903
13492126011.067808 -454784239.013234 12357298228.236376 -4549612094.751132 3649677716.534939 1841771852.573001 505.505114
13553736265.885441 -478491968.611383 12406487165.178692 -4514264215.449897 3650037181.846107 1842096189.084080 506.045412
13614623481.427896 -503280314.920576 12455685873.077694 -4482639646.619349 3650986061.821326 1844172370.103812 505.633901
13353509825.141777 -506872618.685584 12181426257.109125 -4368731136.454865 3562911304.951313 1807719269.570292 503.704917
13413619009.357315 -534771540.931675 12238986414.016665 -4337981482.656924 3567182482.281017 1813213861.191885 499.758638
13472245620.593988 -563924342.451225 12300620362.627916 -4302814486.866897 3572643605.657681 1820734254.920301 494.336373
13580414193.903685 -581360032.360695 12363981986.240059 -4335562195.700274 3591318231.764052 1828445822.014731 488.601887
13582717450.025093 -590629550.792479 12319914229.536596 -4358529275.853069 3584477087.296165 1819351604.013970 481.552672
13649198649.269917 -616170864.036853 12383370313.382332 -4340065438.790781 3597066827.886631 1831930513.149699 473.814880
13710066956.803450 -640962139.495851 12445006261.313686 -4315923291.400610 3610294814.151554 1845459793.674253 466.792069
13761750548.679096 -664944336.697849 12502768410.011612 -4282135980.916261 3623032919.187207 1860116530.485347 459.232690
13807996877.847918 -687102749.042940 12555580179.798553 -4245133189.431808 3635884760.275032 1875417653.166849 452.100791
13627328825.804741 -691663566.190962 12384369513.532097 -4140332887.183995 3585683067.493584 1869964837.974324 446.165669
13647080285.816862 -712627962.748001 12426047351.770309 -4076532113.342872 3594281272.680673 1885639647.080915 440.797236
13661878312.754311 -732053773.855452 12464001176.108269 -4009379019.749234 3602463161.918978 1900634045.364157 436.193696
13670407712.168823 -750155844.940279 12498204832.885437 -3937227538.589213 3609742481.065085 1914566989.724404 432.549223
13673745770.192764 -767162957.766433 12529865507.528484 -3860397032.127369 3616216289.824183 1927261994.347003 429.334950
13708771511.820726 -778587052.146605 12559137065.412262 -3837464414.259937 3631172596.350196 1936260648.320668 423.693257
13283959802.700203 -773688553.604964 12231993101.064726 -3485329518.220259 3504416624.463233 1964131536.901242 420.509762
13284898452.772449 -783294890.351515 12249966273.371960 -3425982910.119526 3512255951.365933 1973770355.079847 417.555465
13283501084.265806 -791935488.059255 12266406265.999613 -3365652183.523715 3519561661.427587 1982738469.803015 414.454572
13280401156.805279 -799569171.995860 12282194364.031006 -3304054071.778694 3526562613.653921 1991116156.743353 411.071472
13276670072.901558 -805934496.162159 12296992420.501396 -3243549658.688736 3533565427.390959 1998813530.048115 407.404479
13298774624.962469 -809577871.347479 12299409668.343687 -3242780412.172328 3546609166.781724 2003294368.140741 402.632650
13322803437.932043 -812478436.609276 12291316996.970829 -3262317981.594966 3559587465.503058 2006390349.137518 398.204997
12441665704.013954 -765820121.484129 11586388008.066462 -2585268275.938576 3282612344.763310 2071577039.504020 393.468417
12429868335.975456 -765177937.814451 11581389700.517359 -2545713070.740791 3287447641.374263 2076523045.393327 388.304641
12407565071.226358 -762748310.032662 11577623050.914005 -2488503957.350058 3290151696.921042 2081779272.964514 382.610264
12373427344.580210 -757156688.589999 11577137112.514261 -2407677748.779795 3290591679.778306 2087890888.951421 376.686518
12356051812.127182 -753205906.920002 11554572698.697824 -2385521154.473568 3294264424.901361 2090578927.700698 371.929709
12333065910.989576 -749248165.776459 11526289714.543510 -2364624270.566808 3296770382.119196 2092191795.206460 366.847804
12262470674.055290 -730397665.584399 11527689384.432924 -2223968419.743035 3291022010.515656 2097775822.699381 362.672950
12172953391.885286 -699449596.373129 11536676883.811182 -2039895975.416483 3282660255.201448 2103578410.582331 360.001399
12074805219.716841 -657203229.199933 11547643134.572681 -1835371754.312277 3273632915.886426 2109092519.023131 359.750685
10858376008.005314 -506787114.224938 10620499459.883957 -864789352.390666 2902409450.314739 2186872109.412931 362.904291
10754079589.589098 -438366005.022877 10627939286.914291 -646140378.510820 2894278547.222558 2190194765.376261 370.933127
10655888556.323071 -364764880.015715 10626307194.365934 -445967516.877231 2888109379.100475 2190951337.067504 397.704139
10566556344.924591 -294961691.182689 10603089232.477140 -292545902.762760 2884105191.278913 2184804696.112315 424.972604
10481146157.716068 -225110370.366692 10569083801.167578 -160380608.283374 2881296192.187117 2174969080.689779 442.564837
10398128553.412609 -150803875.425289 10535211961.801701 -23922070.483672 2879402318.551950 2166155049.210838 489.694564
10319357907.081463 -79308855.752845 10492869672.895721 98049219.358912 2878243474.871772 2156433225.080985 549.738043
10241045073.026402 -8087289.638527 10445347422.034105 217790580.287287 2876876991.611094 2147226531.289383 611.080593
9046947188.479530 139092898.688391 9357452274.105625 1069119574.182461 2484643805.455423 2293678309.265995 649.377439
8973274855.190470 207534487.611557 9302129459.087847 1180663894.016333 2483358267.077156 2290175471.505433 654.435925
8904222081.170033 266531430.827662 9240043896.716604 1279439851.696992 2481695305.015464 2288730805.688935 637.320714
8840231332.571589 314278551.602810 9172662342.404005 1366536084.325493 2479598441.470924 2290076860.168023 608.025986
8775743356.467184 341279124.565084 9088282271.898840 1426477690.757861 2475006862.958240 2290363556.844619 567.160961
8711711436.197041 352254476.554680 8996026036.897348 1474964901.400598 2468221395.203784 2293229462.183362 521.949144
7355627651.231288 215142064.261369 7505653439.316514 2289811830.351187 1952154450.510596 2659453700.053143 484.991195
7271511528.332688 216721123.716673 7406141960.927607 2364617498.390408 1938575763.407679 2674709068.285406 465.053183
6007601780.354691 -153018520.169475 5882232080.158423 2642245441.836396 1463871687.715059 2884901960.440915 455.526435
5909947924.532108 -177246306.519445 5775053265.500774 2713004290.925695 1445112733.625837 2904388393.744895 449.764971
5808761686.997091 -205231125.353551 5664803518.062231 2786281845.703625 1424615427.661399 2926188554.561007 445.269421
5706229920.438236 -239788076.815937 5551898391.724562 2856732386.871383 1403177328.591761 2949325540.194981 441.296789
4290156439.253422 -954794327.222446 3766833388.915413 2562385854.690353 888101478.167050 2974155118.671324 437.616399
4180035777.368512 -1027907105.011974 3650227131.717936 2606869859.815937 864056851.239673 2996764952.580726 434.144135
4064762694.822735 -1103592434.203537 3529454506.002942 2653570342.418111 838551542.480369 3021420423.789962 430.849356
3938619055.826263 -1171076417.598140 3403724862.890521 2715669828.929959 810536110.839324 3049314547.279793 427.715248
3805285588.039755 -1234715801.950946 3274113944.864442 2784401304.450119 781115713.824928 3078672715.319300 424.718365
3444887523.134898 -1417563533.181816 2869789907.068893 2768040940.215856 670106749.338587 3093678541.150471 421.860255
3313278332.713779 -1505560209.675274 2737056737.022569 2808171500.292397 641191982.407086 3121252595.256542 419.140489
3187472038.107590 -1612314345.920912 2604928033.856814 2825066647.244627 613769283.980038 3146348822.257688 416.561618
3068553465.943783 -1737103092.496443 2475569846.950669 2820020888.254124 588283563.647794 3169161250.384220 414.135038
1727958849.961432 -2198897352.274979 1010376972.409500 2637509662.313038 141771629.257195 3127987159.729956 411.854387
1623214418.327692 -2368266819.590655 890755701.812040 2569838472.470062 119713240.475291 3142902804.308599 409.721162
1525918692.185352 -2550978980.273440 777759371.056080 2485355348.485972 99772269.109450 3155510194.597101 407.743062
-656484154.894126 -2853053133.463606 -1465133440.134330 2506642864.973573 -616585144.633986 3106005130.078076 405.912657
-740604814.275922 -3062457594.821922 -1565846994.937933 2363819016.614667 -633957123.218271 3108621586.906100 404.229151
-820651421.879952 -3278055958.559970 -1660903506.027869 2213154908.699739 -650456430.404601 3109696376.168502 402.681153
-896996287.911179 -3499307565.892556 -1750663816.497733 2055542890.059164 -666204138.035647 3109338782.924190 401.261315
-3296616092.951366 -3475681997.461393 -4125731276.573994 2308145380.916205 -1443206143.941439 3082606750.909906 399.956794
-3367790747.943468 -3694845559.470967 -4208415624.971536 2114293450.990770 -1458213438.890828 3070144794.318049 398.755590
-3438782436.019401 -3905993703.530887 -4287074401.211421 1925283606.636791 -1473327926.707209 3056177316.891413 397.649159
-3509786120.210171 -4106788911.397779 -4361984629.967669 1744950083.308878 -1488692733.474616 3042217491.229295 396.603000
-3582790317.758720 -4292881049.507749 -4434820201.231643 1577032206.783302 -1504984049.463557 3028769971.390022 395.556587
-4575214266.670777 -4268810683.622252 -5397195917.005678 1632441959.497195 -1819433246.885301 3009742714.143442 394.445851
-4658223331.180937 -4420206473.159035 -5473916305.302928 1480693487.427005 -1839581298.336219 2992988267.218571 393.238999
-4749273648.418271 -4552985789.343996 -5555196409.200618 1342958924.193367 -1862328059.223136 2975758138.862814 392.096682
-4850678827.339211 -4665748669.090387 -5643562410.028423 1219007837.854168 -1888199553.684820 2957117321.484499 391.078522
-4962714758.374333 -4757251460.251644 -5739541782.761290 1108200718.325935 -1917090243.931730 2936128887.477468 390.279432
-7259550139.323644 -4200440894.757030 -7944904689.341577 1550877612.499089 -2649177439.566277 2883278760.641642 389.727453
-7385482872.765220 -4237998749.691584 -8050733826.835269 1441472676.816548 -2680888278.063197 2842859933.243022 389.317630
-7518881813.498477 -4252689711.465914 -8161536810.783032 1344562747.834946 -2713723044.377534 2798699301.697839 389.003775
-7657877224.873209 -4246466500.736343 -8275966402.085611 1259311836.907029 -2747066001.641208 2751334460.262095 388.726091
-7803273946.814424 -4220685463.479642 -8395270361.423814 1185057462.863803 -2780915618.419457 2701060695.335858 388.518709
-7951889913.622287 -4176513665.254157 -8516592892.636209 1121449156.188804 -2813920818.011145 2648193895.255684 388.330556
-10132312511.645281 -3468946102.365484 -10603576516.216686 1582802462.284289 -3492280562.157776 2578279363.869390 387.446209
-10277044001.181547 -3392874425.164122 -10720515532.265255 1514837015.632654 -3517719136.006521 2511340030.848073 385.711585
-10421167157.105747 -3306091207.885191 -10836682009.208141 1454409488.214215 -3540414201.403550 2443152351.809256 384.634542
-10564484837.148340 -3209891053.259684 -10952105284.336390 1400458286.554200 -3560415108.201339 2373409733.980352 383.786326
-10707932358.645174 -3107085522.618731 -11068024215.733009 1351599524.937971 -3577941210.472335 2302305000.280104 382.953958
-10849229710.892874 -3003503172.913953 -11182744104.565712 1305725112.185458 -3592302659.256490 2231141731.068343 382.104791
-10986183144.361115 -2902494244.291449 -11294312179.590979 1261626604.272441 -3602990009.439936 2160706039.415122 380.676598
-12911982743.099405 -1998705673.420049 -13117409752.908712 1764785739.925250 -4149280287.980098 2054500281.291835 376.535179
-13038268629.462593 -1906006482.700822 -13221023422.706366 1705117453.405588 -4147649415.882154 1978207229.485906 369.518958
-13160135865.669050 -1820410265.908493 -13321432287.706141 1647071546.774602 -4142139309.334261 1904364901.190518 361.816734
-13278550284.533113 -1740191109.795933 -13419332595.589334 1590320680.533475 -4133032754.221123 1831941844.886482 354.224365
-14751567457.007256 -578660449.678583 -14770134592.241123 2253285074.736979 -4494639770.831487 1719586616.303947 346.533367
-14849020061.267954 -512889733.137604 -14849929784.765862 2183730815.050264 -4470616677.427230 1645485818.269472 338.447892
-14934430525.890539 -454829043.801439 -14918647167.752501 2116299306.812897 -4440598875.190428 1574875511.827534 329.505850
-15006312856.959026 -405058490.045011 -14974856021.566666 2050837254.215249 -4404227979.131551 1508423732.398091 318.683890
-15066175032.379086 -362339707.531359 -15019980777.676161 1987743706.639973 -4362243739.852591 1446212269.760812 306.112884
-15606731790.593122 1124622636.212698 -15423908287.169861 2827669762.068978 -4408314542.197736 1318659595.364976 292.192065
-15634678761.767616 1157501143.250459 -15441475923.381958 2760150324.886863 -4353022686.524550 1263423469.963901 276.975838
-15654410558.478157 1186259857.511885 -15451924340.037554 2693725367.758938 -4294261785.036620 1211583077.322648 260.465950
-15668588285.005795 1210829106.454030 -15458002914.633883 2627836800.026290 -4233148220.043256 1162893411.791392 242.584454
-15680704041.640064 1231143624.634705 -15463275252.307281 2561431366.710385 -4171054890.594753 1116777578.901491 223.476494
-15694445270.482073 1244720321.722364 -15471656307.803352 2490440701.229039 -4109313158.847126 1071605938.967507 203.153132
-15707953601.771973 2257457835.090870 -15412663835.275000 2990458553.254845 -4022450536.465626 968611649.805870 180.212940
-15720479440.408031 2246863951.222674 -15426337789.802170 2897045342.688346 -3962017492.310670 924313313.471867 153.495370
-15731857575.677656 2229980148.432759 -15440240078.280054 2800443151.750610 -3901257369.317169 881195733.859139 122.396619
-15664919652.320732 3699586074.300011 -15288826522.774097 3556603805.780725 -3789176242.486663 769712446.092999 86.335959
-15586791601.677629 5418108149.714266 -15121848681.521713 4513025683.998567 -3672304509.894387 694732783.619710 44.528233
-15598312654.654604 5385656601.785967 -15149125234.446148 4389605506.731002 -3616195601.014890 654515085.620681 -3.547858
-15614554897.521265 5350826473.873594 -15182153266.184465 4264636932.118603 -3561084123.992781 614702177.608136 -56.841771
-15590122007.378540 5812659927.439599 -15151992305.048941 4450027614.099565 -3487504934.216248 574906520.566505 -114.277379
-15615938873.892164 5773051386.312666 -15198001576.597841 4319195251.781065 -3435273356.779513 535425121.090095 -174.151180
-15643810848.453085 5734108342.700457 -15246870946.424038 4189301589.472287 -3383650057.046412 496258948.683369 -234.567858
-15673673244.527121 5696942176.659315 -15298528047.599970 4060108120.533263 -3333036061.569158 456754518.313972 -290.163243
-15705403815.950537 5660971383.523522 -15352849357.887810 3931014211.762567 -3283872655.409844 416658046.428478 -335.602734
-15715753819.475048 5858048751.663860 -15378998789.064491 3940351408.933587 -3228714402.645960 375682937.684795 -366.149321
-15746256136.444414 5824087388.233539 -15434335055.077681 3811237335.098143 -3182764520.941481 334851984.406925 -376.562194
-15778053382.601610 5792038823.872905 -15491738215.515022 3684190471.557339 -3138732707.685421 294250160.871086 -361.334238
-15812215758.085878 5762512173.483384 -15552324607.468760 3558756817.608936 -3096603138.675404 253569207.674426 -325.179580
-15848295590.970726 5735251335.448934 -15615723444.513529 3433782696.904158 -3056187936.358720 212277434.945671 -275.171214
-15885131744.277496 5710263108.052234 -15680790122.440125 3309368049.868517 -3016959330.816778 170568051.301028 -217.624392
-15922963620.390251 5688104586.890675 -15747770614.707308 3185273054.803331 -2978993345.870232 128121743.532859 -146.740585
-15962994752.532629 5669607613.597610 -15817828922.082455 3062220478.809598 -2942270329.459163 85233739.305606 -63.306457
-15910832262.373108 6492210382.806403 -15788175533.415089 3400177393.710121 -2884128442.367485 37562377.924252 20.522367
-15947407558.951694 6478582940.400597 -15858939788.128387 3277021357.855669 -2849303156.432969 -4313184.221729 97.894477
-15982737076.496355 6465850409.269821 -15929271360.941534 3155476758.132103 -2815256672.879683 -45478250.110370 104.833185
-16017437489.621061 6453277619.906219 -15999721839.389191 3035990595.526548 -2782145414.715380 -85494560.860984 233.248206
-16051743643.986479 6441424951.725125 -16070475290.858828 2919135770.642758 -2749968183.028441 -124226434.574066 258.156636
-16085060562.660625 6429581863.052104 -16140904586.313404 2804642382.420060 -2718905242.705668 -161758919.801153 291.165702
-16117003267.919689 6416329521.664207 -16210550374.837894 2691692052.051790 -2689006795.686654 -198232216.030902 315.757050
-16166354932.974915 7196605451.787767 -16306736262.512268 2982260659.891561 -2662480323.422820 -242233718.164738 332.250387
-16189849378.603428 7178855551.019287 -16371362747.221672 2867466994.487119 -2635643203.368639 -277822985.180180 343.622379
-16210936500.435856 7157307537.685491 -16433980499.269182 2752844200.268642 -2610843802.902323 -313163042.046835 352.350083
-16230135382.362459 7131708421.879457 -16494988353.728754 2638216411.115399 -2588266591.035248 -348390436.767381 358.632878
-16246098107.926416 7101890944.012652 -16552980712.887861 2525277233.127996 -2567771439.674731 -382603194.975618 362.968561
-16259250965.681009 7066994536.346256 -16608432289.649769 2413329770.119615 -2549264656.629343 -415932544.491649 366.707261
-16399484468.911482 8032490947.834854 -16822596565.563728 2639340838.737174 -2555839867.077579 -543314813.205294 370.122311
-16408924524.885296 7984078531.081862 -16878168279.898520 2518317524.295137 -2541667960.126910 -578506993.446658 373.583589
-16418332395.890957 7930062538.888459 -16933929883.954756 2395879973.229479 -2529134626.768285 -613908760.450546 377.440077
-16428587975.413286 7870870850.785072 -16990742424.068569 2271440913.015460 -2517775085.960521 -649717726.073485 381.661466
-16439116062.808260 7807003685.827616 -17047967899.211864 2145695512.795075 -2507100090.788344 -685531696.675188 385.699416
-16449314782.544146 7737278378.630730 -17104926508.741516 2018068040.348643 -2496406144.073464 -721099695.789095 389.434849
-16460768595.547438 7660530243.617253 -17163090995.327789 1886409704.669057 -2485588675.963808 -757200592.917260 392.055493
-16473969563.250067 7579703444.946000 -17222953418.354000 1752400305.319233 -2474495849.197842 -793634806.053733 397.212341
-16228842553.229952 8441199498.465786 -17071770872.986719 1905344530.562220 -2431127230.869613 -930780560.004621 400.312649
-16243986261.804770 8351239886.815162 -17136088903.608589 1759739879.197916 -2418303388.197675 -969399128.169830 402.850062
-16261382400.081448 8256138726.183446 -17202272578.511909 1609888782.424511 -2404076332.779996 -1008577389.057860 404.792011
-16280752597.494770 8155445942.677135 -17269842717.453362 1456466580.605467 -2387921162.192156 -1047624938.718693 406.260234
-16302508396.386667 8047452238.338285 -17338957484.708836 1297799907.724599 -2369729463.994502 -1087019635.708240 407.325015
-16325497797.654783 7932170376.066059 -17408133695.723267 1134498885.760076 -2349101022.257905 -1126419886.230586 408.027761
-16348664879.717175 7810606084.846311 -17476234888.869785 967654387.039188 -2325701207.251932 -1165483522.232754 408.477606
-15918010054.399855 8797050355.216801 -17161377632.763914 1304569540.403416 -2246973315.488471 -1217258409.864316 408.676837
-15940353751.148905 8669347080.835012 -17228548639.507095 1129157801.868879 -2219061599.977094 -1256024489.465215 408.754184
13985520411.321896 346975418360.985535 13916202564.828810 -224715070569.350555 5422955725.149704 7082484550.863111 408.792530
34974809280.773315 288573381891.491211 11026297480.786798 138236335487.797333 2076870525.997119 4195054876.943063 408.821367
-15993619617.755924 8288291439.184181 -17408576543.074669 618027457.880385 -2116374660.307252 -1359874364.807647 408.851369
-16010193573.170059 8167344047.887966 -17465492537.109474 453539964.954365 -2076641948.959752 -1391192146.924996 408.852591
-16025149646.384863 8048332316.708800 -17519695675.760891 291189534.219156 -2034112486.449070 -1421032975.555827 408.828895
-16038406496.102892 7932986096.420239 -17571254670.671471 131160891.636709 -1989199422.880725 -1449896761.602735 408.788804
-15455504150.260525 9545774980.024940 -17171532110.158001 763332482.574983 -1889576963.291890 -1459980348.761319 408.729209
-15464140380.816059 9435837757.407970 -17219475179.017376 600646733.841034 -1842413675.487247 -1486055073.851427 408.649163
-15470769584.389482 9330228132.735462 -17264235398.674011 440195379.424502 -1793763706.927184 -1511634228.854718 408.567719
-15476205021.916143 9231058568.439087 -17306681948.694553 283176538.449075 -1744228433.094559 -1536779121.948411 408.483195
-15481337732.741968 9138996772.910141 -17347804762.579617 129967137.941222 -1694389175.525004 -1561621742.466037 408.399802
-15486125703.949999 9053839843.220432 -17387391230.914345 -18962877.257812 -1644547161.447884 -1585972732.625504 408.353788
-15490484112.819071 8975745853.737080 -17425481418.407909 -162879334.792466 -1594983616.351349 -1609565372.735815 408.206926
-15427122760.505030 9888830406.535313 -17506469199.783752 85474598.754221 -1548685766.138942 -1631005618.274949 408.119789
-15432819659.597759 9825091344.930487 -17545841054.369305 -49888935.661061 -1500788951.975135 -1651416808.947137 408.029873
-15438968637.455517 9767845550.268963 -17584391631.501740 -178944985.794627 -1454043791.621440 -1670622639.643836 407.935223
-15444717674.447357 9716045616.928984 -17621151858.237492 -301774303.696896 -1408680983.525164 -1688661602.293608 407.842701
-15449734166.243517 9669303680.603149 -17655539424.789215 -417877906.630585 -1364982186.425674 -1705428321.612101 407.750946
-15453560512.409729 9627541248.654058 -17687045186.749149 -526706883.792678 -1323239415.535444 -1720862185.543536 407.662730
-15455890421.889072 9590673789.866262 -17715207268.364704 -627668199.832245 -1283743724.530942 -1734880998.846698 407.575351
-15456309867.737444 9558039997.479073 -17739605940.657158 -721194157.220675 -1246804027.135258 -1747839961.146818 407.488816
-15455773392.954849 9528864230.301113 -17761316527.656437 -808049104.658181 -1212808009.793472 -1760195442.907189 407.411522
-15454405385.042288 9503024106.690420 -17780697147.594303 -888210540.522914 -1182048569.142611 -1772107461.262077 407.339746
-15712168877.555691 9842925455.269375 -18124949705.564095 -894031363.559275 -1175796608.552268 -1806508554.612493 407.284154
-15710214545.594648 9820848524.406620 -18141593268.080276 -964471926.045245 -1151977448.179787 -1818839427.118631 407.232064
-15707643438.663967 9798476408.891174 -18156094209.291538 -1030742693.543669 -1132237063.860819 -1832033600.096332 407.193740
-16010271262.422838 9789409402.070560 -18497614066.251068 -1215392711.750690 -1137129276.567489 -1903498070.317633 407.170591
-16008847150.669855 9763574445.115946 -18510242568.448059 -1276112847.331674 -1125275212.203865 -1919149289.828995 407.157893
-15776846833.562536 9428460026.538372 -18230772903.081638 -1528064332.790603 -1100270501.159382 -1988479655.316967 407.157591
-15704544484.180580 9362757212.745066 -18158732928.672855 -1565516800.989846 -1090395026.968840 -1992577118.259364 407.166324
-15706568355.261850 9337588474.637720 -18170573238.646656 -1614090180.259986 -1088382608.484242 -2009463535.278762 407.176837
-15709314583.748783 9314579874.047014 -18182245369.244240 -1658004454.305726 -1088619756.254969 -2026019428.483646 407.190986
-15631658358.077662 9251493804.262161 -18100736024.297100 -1675604169.742892 -1085048117.350721 -2025759365.713202 407.212780
-15636167098.907698 9233324776.354015 -18112573288.687351 -1711200202.813670 -1088443915.427524 -2041256010.259847 407.231499
-15601918223.051689 9192480075.620659 -18078486864.320595 -1734451531.490772 -1089923136.030424 -2048270420.538845 407.249729
-15607734203.009081 9179159788.302774 -18090428410.085346 -1762596496.382627 -1094734991.443942 -2061903756.951762 407.258527
-15614216964.917564 9168400772.479555 -18102531233.904167 -1787003058.241473 -1099724653.397055 -2074232459.149583 407.258022
-15482393071.383018 9049291679.439539 -17949486248.248440 -1807280485.833257 -1094662457.091141 -2069596129.982877 407.252569
-15489427948.548386 9041835641.849577 -17961424504.281811 -1826129089.881102 -1099360400.451513 -2079565403.039286 407.234663
-15497166775.893692 9035574573.649878 -17973865967.388393 -1842844562.504301 -1103783635.085400 -2088476273.691188 407.190898
-15505526439.147984 9030501625.746346 -17986754765.975548 -1857600467.397382 -1107717083.306265 -2096256069.848958 407.161673
-15514324362.830879 9026077150.388945 -17999942776.659016 -1870901752.460111 -1110995360.828681 -2102956443.359075 407.117198
-15489222291.409634 9002002233.312443 -17973517441.575699 -1884363313.238010 -1111089162.578488 -2106784708.594269 407.047892
-15498974962.647404 8998102276.837847 -17987181210.961014 -1895331447.781907 -1113001712.336571 -2111474252.507439 406.961103
-15508774137.619474 8994297174.865667 -18000701830.112000 -1905414129.617957 -1114147926.695756 -2115248928.293564 406.872990
-15518249347.519907 8990161795.575899 -18013709296.641903 -1915165338.090010 -1114636368.805422 -2118422968.796599 406.796233
-15526857654.993046 8985640896.463123 -18025633345.124161 -1924649591.028394 -1114674049.013872 -2121208580.046780 406.704113
-15534583804.704338 8980612984.504595 -18036578833.251087 -1933942826.624887 -1114651073.505120 -2123891310.169225 406.593595
-15541551938.686625 8975368096.958584 -18046690122.496346 -1942856221.653384 -1114652118.818219 -2126468448.860773 406.501319
-15408221580.768394 8924041987.041174 -17899468915.197849 -1943950103.280218 -1105090888.055344 -2121003855.703987 406.448623
-15413047388.437702 8917315044.285660 -17907490200.069344 -1953509949.674652 -1105138315.156891 -2123920319.579861 406.426761
-15416576160.554960 8909559300.761053 -17914237141.520626 -1963885268.670815 -1105200611.143111 -2127213205.089167 406.419991
-15419039223.530329 8900914286.695686 -17919902591.854961 -1975016507.208887 -1105302677.979931 -2130871647.502182 406.393624
-15420616483.426107 8891566613.787394 -17924607439.556992 -1986568300.206648 -1105464969.668000 -2134765992.748752 406.335321
-15421344834.885233 8881646079.708075 -17928416208.506878 -1998272827.502800 -1105693821.797403 -2138793884.132358 1297.357967
-15258470474.661060 8887852514.821476 -17759372026.122974 -1972060921.560631 -1095396807.104191 -2130581211.078914 404.977622
-15258265981.918465 8877686675.338322 -17762097885.285954 -1983427685.340972 -1095801734.691505 -2134650158.769769 406.042348
-15257777509.574961 8867753187.495979 -17764423500.726639 -1994176054.940860 -1096293279.097951 -2138562193.780315 405.922676
-15257127984.779921 8858356118.672930 -17766474917.044479 -2004080338.723605 -1096864998.202126 -2142235951.979914 405.838438
-15256499654.479958 8849743502.876352 -17768428647.143173 -2013002111.061320 -1097511465.941259 -2145613872.240189 405.802457
-15256084452.465219 8841969430.019060 -17770473065.900410 -2020988786.155726 -1098224563.858281 -2148699569.135183 405.787169
-15256022232.567802 8835013249.806208 -17772730423.709740 -2028076755.804924 -1099003394.277872 -2151493156.852773 405.745935
-15160656184.166817 8844002850.705763 -17674926289.553833 -1938157686.373174 -1093322264.206734 -2109463858.256128 405.718166
-15161465797.079458 8838788810.513758 -17677762186.039223 -1943306021.282030 -1094219646.784904 -2111597605.143602 405.679527
-15162715441.028946 8834453857.354443 -17680843425.108120 -1947423021.007509 -1095170236.198985 -2113372224.785051 405.618239
-15164219084.668552 8830906582.110317 -17683958518.654812 -1950526447.878386 -1096164918.557473 -2114797762.434137 405.544728
-15144011564.880100 8844294341.207321 -17666113370.555782 -1874621684.268344 -1095593107.709654 -2078865314.717087 405.462756
-15145400428.082724 8841972731.234419 -17668666311.736046 -1875993767.428273 -1096643372.542409 -2079722090.493373 405.416017
-15146500869.596064 8840042875.385891 -17670732464.842064 -1876784132.285128 -1097704779.283312 -2080408607.586962 405.410358
-15147245831.424555 8838364073.529669 -17672272929.070213 -1877222482.983181 -1098765874.887292 -2081009402.938485 405.464962
-15147676412.691204 8836815993.979031 -17673375511.616760 -1877548864.816063 -1099819771.260529 -2081606377.441455 405.517122
-15090854902.143791 8793143231.163738 -17606195494.953621 -1869590033.537220 -1096617810.727457 -2072214667.553960 405.560535
-15091224001.178476 8792008254.203819 -17607085243.434559 -1869647630.914530 -1097662307.196262 -2072744951.069472 405.571180
-15091742323.580166 8791156588.385416 -17608074282.885532 -1869437669.447961 -1098706188.634822 -2073175662.500625 405.565038
-15092359129.311676 8790590021.379198 -17609098153.213303 -1868914577.434996 -1099743940.958553 -2073488891.849747 405.555098
-15092988045.931572 8790275103.568918 -17610050629.921963 -1868087650.339948 -1100769609.239958 -2073689184.489851 405.533539
-15093602513.326900 8790103903.499641 -17610932246.263802 -1867053297.439234 -1101779186.903174 -2073806444.445690 405.536474
-15094177522.564661 8790079395.929232 -17611711608.848499 -1865862049.738913 -1102763543.596317 -2073861087.097620 405.571895
-15076716126.327259 8736357719.390575 -17584477599.225380 -1879613840.948792 -1102013703.430529 -2072839086.339662 405.598730
-15077166510.611717 8736402243.708677 -17585045034.664646 -1878473813.982344 -1102927072.177995 -2072892459.409390 405.621783
-15077585845.339289 8736273985.006882 -17585620158.568020 -1877582288.701499 -1103803337.138333 -2073014526.719089 405.648970
-15077956024.334040 8735875435.169973 -17586218027.718674 -1877059946.644692 -1104636623.977534 -2073242376.539752 405.661928
-15099019520.909882 8691481362.781055 -17602168873.204659 -1891017210.084973 -1106399143.588256 -2072732171.891651 405.656632
-15099071781.475368 8690249895.051105 -17602621819.754852 -1891412812.304163 -1107132715.584183 -2073224554.340792 405.662815
-15098979440.792459 8688728618.560698 -17602987408.180874 -1892143028.282822 -1107806608.571452 -2073804097.553782 405.670901
-15098739083.025024 8686964259.730610 -17603242437.390781 -1893162161.198526 -1108415762.665749 -2074453483.540747 405.680977
-15098376251.659250 8685073406.308683 -17603387005.018860 -1894358976.962528 -1108954850.666205 -2075132100.450725 405.709364
-15102026063.782557 8656460544.231333 -17603545215.254932 -1906925180.166675 -1109450711.240529 -2076905654.527301 405.741528
-15101525176.890232 8654722601.551622 -17603470049.905533 -1908130903.628626 -1109827544.438715 -2077515831.109893 405.779160
-15101035921.452833 8653187082.821915 -17603346021.771690 -1909228177.665121 -1110117587.511109 -2078045661.440101 405.828686
-15100579125.544226 8651948019.529325 -17603163478.360371 -1910138306.554837 -1110313348.804036 -2078465403.931284 405.876671
-15095543903.196726 8685025517.758217 -17603400530.086624 -1892060078.811816 -1110385193.063884 -2075058156.917353 405.941009
-15095170626.217968 8684409217.852888 -17603109261.365898 -1892605424.379023 -1110377593.286329 -2075257558.493527 406.004516
-15094923583.730305 8684264291.348637 -17602815938.304356 -1892821721.162108 -1110266296.364003 -2075291088.795535 406.050136
-15094675166.339138 8684332924.171879 -17602443723.721741 -1892937489.620999 -1110041877.288703 -2075233903.580587 406.095767
-15094567318.137072 8684770451.129333 -17602134200.421589 -1892796656.345898 -1109738723.946423 -2075044103.771694 406.111383
-15094644570.027975 8685535701.336472 -17601977059.532784 -1892353362.415742 -1109416039.361723 -2074725937.933450 406.094675
-15094806530.049469 8686291907.496222 -17601948615.069927 -1891861852.865602 -1109202527.172229 -2074447652.060911 406.094477
-15100326888.252773 8705511642.694904 -17610646608.066647 -1880273932.182624 -1109533612.943820 -2071496783.507874 406.109229
-15100346618.526646 8706108652.982128 -17610491739.936954 -1879958916.057220 -1109375180.187352 -2071329212.399360 406.107659
-15100247641.435953 8706515394.457392 -17610244520.165123 -1879828716.175967 -1109247949.886058 -2071253711.011451 406.076391
-13823296390.335758 11494711851.693853 -14882319366.465040 253584887.145273 -5763015067.973475 -5631944894.960456 406.027763
-15097726598.850901 8705626067.822695 -17607214459.024300 -1883478912.695633 -1108993715.364894 -2073003440.907303 405.985316
-15100157410.373774 8706899626.929033 -17610015794.402088 -1879688576.595318 -1109151280.184748 -2071190620.709188 405.976735
-15100218604.519115 8706897050.848434 -17610097436.224331 -1879649036.275585 -1109157894.761327 -2071169300.503600 405.979195
-15100303331.202766 8706946387.978827 -17610192687.666790 -1879563308.835608 -1109162805.748942 -2071130380.339611 405.968181
-15100415120.063984 8706966465.861359 -17610333112.633205 -1879484797.384504 -1109172123.841741 -2071090011.355545 405.966997
-15100515259.430323 8706949292.853405 -17610470835.989937 -1879444094.028492 -1109181284.114175 -2071062876.611722 405.971571
-15100617700.849606 8706971773.409260 -17610598322.773129 -1879373771.357294 -1109188710.925344 -2071026860.923455 405.982180
-15100655558.739031 8706951407.019161 -17610655459.095310 -1879371533.436902 -1109192377.134667 -2071020801.287883 406.005811
-15100603634.277119 8706956626.419567 -17610584161.913612 -1879397448.377486 -1109187423.436230 -2071036420.227206 406.010028
-15111341907.775129 8700788227.599697 -17621125233.100445 -1887806124.099138 -1109874458.983321 -2074031873.648134 406.005704
-15111284585.520351 8700785335.177574 -17621049698.611538 -1887838785.368965 -1109869813.854940 -2074050512.757158 405.999941
-15111260579.580456 8700797482.875591 -17621014124.156403 -1887840311.017966 -1109867106.522156 -2074054294.934183 405.991191
-15111272846.745472 8700805272.302330 -17621027938.590134 -1887826714.719966 -1109867746.520362 -2074048271.410103 405.986934
-15111301299.314713 8700811443.562943 -17621063571.353195 -1887805526.557773 -1109870039.994607 -2074037569.043874 405.985115
-15111326689.982792 8700799497.589657 -17621101312.590668 -1887798787.213731 -1109872307.390748 -2074031720.785833 405.990263
-15111349485.274851 8700819517.819777 -17621124825.781391 -1887771481.009868 -1109873366.074984 -2074020200.680582 405.992300
-15111341223.386724 8700796699.024265 -17621121617.146763 -1887793231.976239 -1109873474.151352 -2074028165.533894 405.997410
-15111327843.299793 8700803177.156065 -17621101717.249485 -1887796501.274498 -1109871319.408252 -2074031083.348625 405.998483
-15153144781.956030 8665294862.966101 -17660358576.858643 -1930294120.054875 -1112466527.038600 -2088755997.402715 405.997379
-15153131228.215343 8665301671.807434 -17660338373.359005 -1930296710.910478 -1112465755.407264 -2088759006.467595 405.993685
-15153132639.344017 8665305767.069534 -17660339059.734192 -1930293115.118046 -1112465770.301063 -2088757794.048635 405.991068
-15153129875.723137 8665280072.303587 -17660343916.204632 -1930315149.906108 -1112466603.997747 -2088765333.470471 405.989498
-15153150183.876936 8665292645.376268 -17660366385.196987 -1930293612.395621 -1112468091.727535 -2088756114.689631 405.991514
-15153189136.833490 8665349511.206381 -17660398828.293488 -1930231234.514227 -1112468116.698755 -2088731375.175307 405.987660
-15153186962.701551 8665304968.866491 -17660410614.536957 -1930265348.945848 -1112470663.351457 -2088742383.184651 405.995017
-15137883864.139332 8676467240.635963 -17645746394.198952 -1916539516.371514 -1111509172.301775 -2083983335.492881 405.995898
-15137880410.527073 8676481936.458220 -17645737168.448174 -1916530189.792361 -1111508094.443396 -2083980768.738538 405.995165
-15137861515.941111 8676460803.381931 -17645719238.948074 -1916556927.159732 -1111507140.301091 -2083991397.799391 405.996163
-15137838116.983927 8676440571.494682 -17645694959.892113 -1916584903.819911 -1111506718.720968 -2084004033.241333 405.997390
-15137834722.400768 8676465655.920383 -17645682144.763905 -1916568542.382300 -1111505046.074001 -2083999136.983041 405.992069
-15137827921.185879 8676444114.260965 -17645680123.023102 -1916588623.887123 -1111505022.784274 -2084006084.142890 405.992267
-15137817772.316175 8676417813.795551 -17645675298.475918 -1916614347.457516 -1111505989.569832 -2084016012.131440 405.994011
-15137832860.274982 8676457732.778772 -17645681846.064358 -1916574273.197595 -1111506064.654328 -2084002042.338254 405.989668
-15136445481.512680 8676704733.398537 -17644236444.919411 -1916228850.240740 -1111415644.783567 -2083904210.115736 405.992434
-15136436715.800863 8676685703.878496 -17644231395.164864 -1916246444.014486 -1111417344.250794 -2083911570.438248 405.995452
-15136435063.472584 8676703708.061134 -17644223371.597767 -1916232424.665654 -1111416919.862229 -2083907321.298306 405.991285
-15136435457.942892 8676694129.588964 -17644226953.993019 -1916238021.807805 -1111417740.891945 -2083908830.995264 405.994623
-15136415566.370495 8676666771.629725 -17644209731.389599 -1916270184.778636 -1111417855.664153 -2083922002.367240 405.996979
-15136403069.890291 8676672923.445892 -17644191336.871643 -1916271992.633089 -1111417235.782587 -2083924921.729070 405.993966
-15136156955.534666 8676618039.042583 -17643908679.895359 -1916275047.160944 -1111399141.648414 -2083923104.441180 405.992038
-15136134509.101460 8676565118.105656 -17643896936.727463 -1916326747.924077 -1111400745.574296 -2083942865.017526 405.994710
-15136140420.449064 8676589246.949898 -17643896574.484402 -1916305156.256483 -1111400837.347844 -2083935680.750711 405.989078
-15136151708.700415 8676579707.827644 -17643914743.195602 -1916305167.960742 -1111402678.425087 -2083934326.270224 405.990545
-15136154575.018166 8676566620.534388 -17643923010.560711 -1916312395.280160 -1111404732.027186 -2083936571.050293 405.993740
-15136164085.017305 8676595358.868971 -17643925799.955257 -1916283679.969907 -1111405164.521991 -2083926535.242872 405.989612
-15136169202.521715 8676579135.269026 -17643937802.881157 -1916292736.905817 -1111407129.667501 -2083928889.987518 405.993681
-15136159550.233337 8676567009.966164 -17643928955.009647 -1916306859.049407 -1111408330.756857 -2083935439.734205 405.995163
-15135143814.927923 8677325616.951025 -17642954168.436382 -1915606496.158944 -1111346795.185401 -2083733072.818084 405.993699
-15135138785.620733 8677321709.114286 -17642948619.894325 -1915612216.989100 -1111347206.336448 -2083735805.017787 405.994102
-15135125998.948246 8677309792.212337 -17642935639.583141 -1915626257.024740 -1111347358.656868 -2083742473.754208 405.994948
-15135120243.397709 8677319213.000463 -17642924869.358265 -1915619910.906314 -1111347830.779362 -2083741921.306709 405.990896
-15135128146.803095 8677318827.048779 -17642935248.735710 -1915615200.616359 -1111349197.220570 -2083739919.896780 405.989707
-15135122519.117134 8677287892.555632 -17642938118.888496 -1915639140.260599 -1111351718.499230 -2083748585.577329 405.993094
-15135139790.315277 8677322637.125233 -17642949476.950253 -1915602634.540463 -1111352349.018658 -2083734986.412767 405.987690
-15135486647.532986 8677867503.956738 -17643423596.691841 -1915201389.548679 -1111382121.022943 -2083612805.818638 405.992901
-15135484522.900583 8677867344.386124 -17643420953.870094 -1915200559.611027 -1111382406.969854 -2083612751.912715 405.993734
-15135489143.265917 8677885323.522610 -17643420975.774433 -1915183326.395375 -1111382458.334953 -2083606820.178764 405.991823
-15135487825.995722 8677871946.620104 -17643423636.607174 -1915194696.863756 -1111383220.131688 -2083610696.190604 405.994662
-15135485495.520741 8677876835.261393 -17643419024.514366 -1915193534.455952 -1111383163.944262 -2083611073.735206 405.993261
-15135482559.693972 8677870466.045771 -17643417565.794361 -1915199996.570532 -1111383539.704434 -2083613984.916032 405.991448
-15135485431.303938 8677864980.673454 -17643423307.383026 -1915201568.311236 -1111384332.704076 -2083614007.381445 405.993004
-15135481430.431637 8677857369.837204 -17643420548.340481 -1915209330.709948 -1111384710.853466 -2083617171.801306 405.992621
-15135482800.624949 8677857489.906794 -17643422373.352547 -1915207954.395210 -1111385343.815492 -2083616854.776599 405.990899
-15135489891.268448 8677856980.854015 -17643432046.178257 -1915202849.351911 -1111386596.579845 -2083614717.339067 405.992349
-15135496641.204052 8677865742.084280 -17643438061.783592 -1915191936.982085 -1111386522.876092 -2083610200.333955 405.993071
-15135499241.027946 8677870386.719913 -17643439823.053574 -1915187609.658369 -1111387482.888432 -2083609053.855882 405.992114
-15135806099.984402 8677046273.550198 -17643643313.498158 -1915873499.189626 -1111403304.334620 -2083813812.877392 405.993440
-15135814506.264093 8677065243.232391 -17643648038.835964 -1915854829.382391 -1111403721.607852 -2083807347.082657 405.992625
-15135813380.066416 8677058117.807594 -17643649070.991543 -1915861133.022428 -1111404479.591497 -2083809797.995787 405.993462
-15135813708.464251 8677059896.451567 -17643648997.855804 -1915860123.139530 -1111404385.794432 -2083809688.715540 405.993418
-15135805366.709190 8677047824.881992 -17643642030.917061 -1915873352.710732 -1111404686.433909 -2083815104.457105 405.994030
-15135812383.057261 8677067390.014387 -17643644716.330311 -1915855497.116691 -1111403694.790788 -2083808077.920738 405.992780
-15135724958.129028 8676984586.333860 -17643531080.805511 -1915839836.112846 -1111396032.005513 -2083787401.719703 405.992665
-15135725001.559425 8676980194.728962 -17643532476.416790 -1915843781.270962 -1111395312.423524 -2083788236.837293 405.992013
-15135713192.310366 8676955662.282598 -17643524865.541862 -1915866920.607150 -1111395446.282178 -2083796545.223258 405.993731
-15135724159.027319 8676980127.194988 -17643531402.134880 -1915842677.595783 -1111393825.694502 -2083786817.590309 405.991740
-15135715602.008081 8676954701.985338 -17643528564.332165 -1915866129.962323 -1111393982.164795 -2083794906.378483 405.994718
-15135713159.360752 8676964671.311111 -17643521740.636112 -1915860021.639987 -1111392859.867621 -2083793400.027296 405.992704
-15135744565.733200 8676730484.660074 -17643517903.882397 -1916098717.511899 -1111393271.404672 -2083875818.397391 405.993025
-15135737856.267319 8676715819.896482 -17643513993.646431 -1916114019.904455 -1111392808.277224 -2083881290.409555 405.993734
-15135740618.973827 8676726247.387400 -17643514132.257450 -1916104944.136604 -1111392405.867145 -2083878096.360982 405.992390
-15135737231.584063 8676714890.081955 -17643513301.115204 -1916115646.895323 -1111393088.804339 -2083882350.984953 405.994228
-15135736837.010908 8676725385.422844 -17643509300.246555 -1916106950.180836 -1111392612.608635 -2083880431.322295 405.993025
-15135740083.621601 8676729595.003719 -17643512168.416779 -1916102998.318536 -1111392304.796843 -2083878275.369767 405.991588
-15135729355.842318 8676701893.080994 -17643507311.289604 -1916128060.647873 -1111392943.142018 -2083887389.995991 405.994490
-15135728714.600950 8676712714.858292 -17643502776.419533 -1916120455.308556 -1111391830.069244 -2083884607.395546 405.992282
-15135692943.727741 8676710387.704609 -17643468935.241531 -1916121308.454391 -1111337864.275996 -2083876262.835394 -1431.269882
-15135725889.861465 8676695746.963545 -17643504851.433483 -1916137152.191187 -1111392525.662840 -2083890575.523995 405.984660
-15135725777.452999 8676706258.179764 -17643501370.822575 -1916129182.698516 -1111392704.495381 -2083888628.785013 405.993272
-15135733587.050636 8676720618.971748 -17643506897.806347 -1916115089.417559 -1111392546.335575 -2083883069.739984 405.990419
-15135556602.199224 8677109521.072859 -17643398615.958305 -1915822420.222941 -1111386431.897188 -2083804726.050245 405.994638
-15135556743.789356 8677125602.955517 -17643393319.720795 -1915809340.449303 -1111386214.945827 -2083801117.597381 405.992730
-15135559006.283203 8677128622.081207 -17643395447.870373 -1915805071.381947 -1111386495.229826 -2083799673.174584 405.992413
-15135557379.961983 8677121866.869797 -17643395608.552067 -1915810643.517915 -1111387088.491394 -2083801518.076988 405.993903
-15135550166.823153 8677114011.380505 -17643388734.187126 -1915820917.754560 -1111387073.496015 -2083805840.834512 405.992962
-15135554578.033669 8677121204.269444 -17643392258.146206 -1915813049.976836 -1111386341.142826 -2083802478.607765 405.992349
-15135557515.867132 8677123760.369757 -17643395192.226490 -1915808855.409498 -1111386327.565717 -2083800573.938168 405.993063
-15135553204.402245 8677116438.680668 -17643392031.245586 -1915816377.736766 -1111386816.581773 -2083803676.695223 405.993949
-15135610446.264448 8677261449.660681 -17643473657.928326 -1915706570.137922 -1111390758.988793 -2083769219.693685 405.992302
-15135609177.132317 8677253299.150928 -17643474690.346348 -1915713404.543456 -1111391124.080226 -2083771617.056670 405.993369
-15135610916.838657 8677260412.187279 -17643474568.911884 -1915707072.291246 -1111391636.997008 -2083769284.683936 405.993034
-15135608782.466314 8676952180.350140 -17643421369.490032 -1915901704.880466 -1111388545.681048 -2083816748.430606 405.992234
-15135609299.305563 8676944808.051233 -17643424763.126522 -1915907174.672103 -1111389418.279238 -2083818816.002083 405.993295
-15135517493.334217 8677204346.835649 -17643365865.452293 -1915718974.109084 -1111385686.763993 -2083769470.484799 405.992465
-15135519884.617598 8677204749.647144 -17643368900.101070 -1915717143.319107 -1111385772.442397 -2083768621.912302 405.993428
-15135520272.052643 8677209294.665501 -17643367784.674015 -1915713436.230684 -1111386082.170933 -2083767939.571252 405.994390
-15135521915.243830 8677221528.028170 -17643365986.089695 -1915703533.559188 -1111386104.841480 -2083765316.807995 405.992180
-15135632930.524084 8676981796.575865 -17643456094.975872 -1915924956.580459 -1111393158.879611 -2083836093.392755 405.993811
-15135625876.808878 8676971163.494074 -17643450527.816784 -1915937522.531435 -1111393269.127539 -2083841354.828772 405.993899
-15135627346.938826 8676983302.371838 -17643448493.594791 -1915926218.097660 -1111393512.825399 -2083838098.327642 405.991843
-15135625132.426088 8676970548.334124 -17643449778.722435 -1915936750.285266 -1111394658.372268 -2083841826.861885 405.994778
-15135673652.230339 8676945270.654387 -17643491589.863792 -1915934871.986893 -1111397285.297678 -2083835550.197754 405.992953
-15135679786.844511 8676956516.748322 -17643496041.227348 -1915922426.505878 -1111398494.692952 -2083831684.878865 405.991875
-15135676873.561646 8676940170.207291 -17643497642.997864 -1915936602.454372 -1111399526.411180 -2083837069.795930 405.994985
-15135730641.629114 8677179725.869585 -17643585222.743881 -1915778377.925302 -1111404447.137820 -2083795014.630442 405.993489
-15135733419.698942 8677187454.282825 -17643586288.564011 -1915771171.846012 -1111405106.895069 -2083792960.569246 405.991842
-15135726139.632904 8677163997.346418 -17643584565.080605 -1915792367.043170 -1111405569.391772 -2083800371.863993 405.994195
-15135727743.902107 8677174405.403559 -17643583226.088509 -1915783905.320071 -1111405151.873170 -2083797672.338592 405.993294
-15135732274.005955 8677183447.600021 -17643586205.073761 -1915774837.075912 -1111404381.203031 -2083793753.223037 405.992355
-15135638166.943495 8676808006.135374 -17643430090.640579 -1916018227.273481 -1111395561.597404 -2083857457.072147 405.993311
-15135637601.195965 8676807872.992901 -17643429337.668808 -1916018855.006846 -1111395438.987528 -2083857870.799294 405.993319
-15135636953.471039 8676807650.452360 -17643428506.657230 -1916019600.571463 -1111395294.090210 -2083858317.609809 405.993326
-15135636219.266796 8676807329.913321 -17643427595.510757 -1916020469.880965 -1111395128.773110 -2083858798.656970 405.993332
-15135960747.274363 8676627002.155224 -17643747414.935333 -1916226857.376578 -1111415617.250575 -2083925627.813338 405.993339
-15135959826.153082 8676626459.925465 -17643746336.774185 -1916227991.675533 -1111415416.665508 -2083926180.703995 405.993346
-15135958804.603767 8676625794.013956 -17643745171.736637 -1916229267.209164 -1111415201.235001 -2083926771.194030 405.993353
-15135957677.977264 8676624995.859877 -17643743917.575760 -1916230689.807068 -1111414972.817285 -2083927400.404235 405.993358
-15135956441.624500 8676624056.902521 -17643742572.044735 -1916232265.298788 -1111414733.270580 -2083928069.455381 405.993365
-15135955090.896284 8676622968.581072 -17643741132.896587 -1916233999.513943 -1111414484.453117 -2083928779.468271 405.993371
-15135953621.143530 8676621722.334757 -17643739597.884502 -1916235898.282121 -1111414228.223124 -2083929531.563692 405.993380
-15135658058.367325 8677018776.403511 -17643485729.486950 -1915894953.343201 -1111397127.809239 -2083829717.207000 405.993385
-15135656336.641323 8677017188.638428 -17643483996.018124 -1915897198.698804 -1111396862.332158 -2083830556.825341 405.993395
-15135654481.945518 8677015417.265642 -17643482159.947102 -1915899626.095614 -1111396595.017253 -2083831441.888787 405.993401
-15135652489.630856 8677013453.724247 -17643480219.027149 -1915902241.363211 -1111396327.722720 -2083832373.518174 405.993410
-15135661037.391262 8677014889.996923 -17643490220.789997 -1915904852.470980 -1111396812.495658 -2083833580.426868 405.993420
-15135680687.697832 8677016513.966215 -17643512261.214474 -1915904043.398936 -1111398039.049473 -2083832715.276126 405.993431
-15135678254.630865 8677013922.550964 -17643509992.266766 -1915907257.260181 -1111397782.964973 -2083833793.329712 405.993441
-15135684671.061022 8677019356.412254 -17643518600.058781 -1915901293.517223 -1111398181.663044 -2083831235.127918 405.993456
-15135685879.968588 8677012152.636131 -17643519692.061852 -1915906336.088911 -1111398167.778767 -2083832312.043498 405.993468
-15135682964.309988 8677008856.300142 -17643517074.867462 -1915910201.007711 -1111397939.628450 -2083833546.607725 405.993484
-15135683887.758074 8677003549.077442 -17643518363.488605 -1915914143.309813 -1111397972.143344 -2083834340.353603 405.993499
-15135680627.126318 8676999739.989820 -17643515502.895290 -1915918471.414258 -1111397771.906859 -2083835684.862076 405.993517
-15135677187.034477 8676995661.685009 -17643512517.232212 -1915923039.855730 -1111397588.414594 -2083837086.023854 405.993539
-15135679589.883389 8676992303.383144 -17643516037.940590 -1915926846.004585 -1111397831.598669 -2083838028.244356 405.993558
-15135675777.690042 8676987661.009146 -17643512796.666603 -1915931913.103033 -1111397687.220223 -2083839546.311997 405.993286
