1557.288428 -1167.347598 -1044.229651 179.446004 1122.784433 -42.478400 421.740055
1557.288203 -1167.330868 -1044.229140 179.443151 1122.785166 -42.479105 421.740036
1557.287982 -1167.314771 -1044.228679 179.440399 1122.785864 -42.479786 421.740019
1557.287764 -1167.299307 -1044.228269 179.437749 1122.786527 -42.480443 421.740004
1557.287550 -1167.284478 -1044.227910 179.435200 1122.787154 -42.481076 421.739991
1557.287339 -1167.270287 -1044.227602 179.432754 1122.787745 -42.481685 421.739979
1557.287131 -1167.256737 -1044.227346 179.430412 1122.788300 -42.482268 421.739968
1557.286925 -1167.243830 -1044.227141 179.428173 1122.788817 -42.482827 421.739959
17169498498.737949 5962644716.321451 1427657551.379509 -19112423273.194771 8427626538.828574 130546606.230628 421.739950
1557.286520 -1167.219953 -1044.226887 179.424011 1122.789738 -42.483869 421.739945
1557.286320 -1167.208989 -1044.226838 179.422089 1122.790140 -42.484352 421.739940
1557.286121 -1167.198678 -1044.226841 179.420273 1122.790503 -42.484810 421.739936
1557.285923 -1167.189022 -1044.226896 179.418565 1122.790827 -42.485241 421.739933
1557.285726 -1167.180023 -1044.227004 179.416965 1122.791110 -42.485647 421.739931
1557.285530 -1167.171685 -1044.227165 179.415473 1122.791351 -42.486026 421.739930
1557.285333 -1167.164009 -1044.227379 179.414091 1122.791552 -42.486378 421.739930
1557.285136 -1167.156999 -1044.227646 179.412818 1122.791710 -42.486704 421.739930
1557.284939 -1167.150656 -1044.227967 179.411657 1122.791826 -42.487003 421.739932
1557.284742 -1167.144984 -1044.228341 179.410606 1122.791899 -42.487275 421.739933
17169638303.065163 5962795540.405787 1427516102.475622 -19112560874.034233 8427691371.129233 130530713.738453 421.739936
1557.284343 -1167.135660 -1044.229250 179.408842 1122.791913 -42.487737 421.739938
1557.284141 -1167.132014 -1044.229785 179.408130 1122.791853 -42.487927 421.739942
1557.283938 -1167.129049 -1044.230375 179.407532 1122.791748 -42.488088 421.739945
1557.283732 -1167.126766 -1044.231019 179.407048 1122.791597 -42.488221 421.739949
1557.283524 -1167.125170 -1044.231718 179.406680 1122.791400 -42.488327 421.739953
1557.297355 -1166.839417 -1044.275149 179.407986 1122.784715 -42.487185 421.739956
1557.277376 -1167.477979 -1044.193786 179.410803 1122.786455 -42.498356 421.739960
1557.284992 -1167.300197 -1044.174848 179.418090 1122.786663 -42.476250 421.739956
1557.306943 -1166.787323 -1044.321193 179.380851 1122.785758 -42.494766 421.739973
1557.266721 -1167.222758 -1044.228482 179.452896 1122.788982 -42.488006 421.739953
17169674661.073393 5962838053.761459 1427471953.134698 -19112601256.811752 8427710648.124190 130516576.495686 421.739959
1557.289014 -1167.088682 -1044.255994 179.364364 1122.787744 -42.490721 421.739956
1557.270187 -1166.977439 -1044.297537 179.456654 1122.790115 -42.498439 421.739952
1557.285586 -1167.315945 -1044.204886 179.382097 1122.797360 -42.484421 421.739942
1557.290811 -1167.237856 -1044.245475 179.408057 1122.788112 -42.478901 421.739939
17169707701.175665 5962885188.793194 1427405057.643181 -19112632269.104237 8427727839.861970 130501818.604225 421.739921
1557.282982 -1167.270721 -1044.228063 179.392607 1122.791321 -42.469140 421.739917
1557.272290 -1167.158537 -1044.225568 179.385577 1122.782412 -42.483305 421.739911
1557.259974 -1166.896711 -1044.324612 179.450582 1122.779170 -42.498914 421.739929
17169277784.068907 5962308503.635139 1428206639.906087 -19112301612.012173 8427560179.463194 130587388.629183 421.739927
1557.269430 -1167.552188 -1044.150974 179.438486 1122.787905 -42.484311 421.739930
1557.269344 -1166.884523 -1044.290763 179.375044 1122.790396 -42.486240 421.739943
1557.254567 -1166.971787 -1044.279616 179.451394 1122.781052 -42.478517 421.739953
1557.272072 -1167.492626 -1044.186122 179.426968 1122.782269 -42.471133 421.739969
1557.307374 -1167.162769 -1044.200899 179.372495 1122.788040 -42.484768 421.739973
17169503689.290396 5962899793.364710 1427182810.019196 -19112449412.917332 8427665306.776429 130429650.507171 421.739978
1557.292880 -1167.589046 -1044.166976 179.444280 1122.787239 -42.477678 421.739965
1557.286149 -1167.166147 -1044.226783 179.367976 1122.783072 -42.482511 421.739950
17170127471.035187 5963350371.677118 1426727371.239372 -19112955716.989376 8427893655.816125 130419982.325432 421.739960
1557.275789 -1167.343661 -1044.221684 179.444167 1122.789616 -42.485916 421.739949
1557.289262 -1167.335151 -1044.199279 179.388518 1122.790384 -42.481522 421.739940
1557.266655 -1167.306314 -1044.222757 179.403802 1122.792131 -42.485798 421.739938
1557.275373 -1167.178007 -1044.238656 179.452085 1122.788402 -42.480490 421.739941
17170420896.434000 5963846911.724796 1425938543.355434 -19113133129.032490 8427994013.184424 130334305.910052 421.739939
1557.282005 -1167.292693 -1044.210291 179.434373 1122.791186 -42.481827 421.739929
1557.282502 -1167.144485 -1044.256288 179.441168 1122.793654 -42.499118 421.739927
17169847175.876053 5962919305.034036 1427398948.547652 -19112745564.418751 8427776695.609073 130516786.396491 421.739914
1557.271402 -1166.934926 -1044.275898 179.419329 1122.791741 -42.496934 421.739906
17169746716.186106 5962949897.188218 1427238579.342754 -19112639724.174332 8427737549.082504 130480817.213699 421.739913
1557.258249 -1167.900443 -1044.105639 179.445331 1122.792294 -42.474785 421.739928
1557.306131 -1167.314227 -1044.168951 179.405946 1122.800688 -42.470304 421.739936
1557.280226 -1166.237960 -1044.409334 179.401522 1122.788091 -42.493366 421.739933
17169676426.915169 5962880177.953698 1427312900.000874 -19112574671.617664 8427706640.699816 130488510.747012 421.739938
1557.284190 -1167.752863 -1044.058431 179.383293 1122.785290 -42.464040 421.739932
1557.274143 -1166.618969 -1044.379785 179.381705 1122.786620 -42.497697 421.739970
17169900677.655109 5963162469.547545 1426944806.987828 -19112759538.584129 8427799966.352839 130445458.265525 421.739957
1557.278278 -1167.543640 -1044.150529 179.396528 1122.787213 -42.474040 421.739971
1557.288139 -1167.012632 -1044.259155 179.426033 1122.792808 -42.489030 421.739983
1557.265571 -1167.004816 -1044.261681 179.494900 1122.778847 -42.481852 421.739979
1557.281536 -1167.203620 -1044.212956 179.360246 1122.790232 -42.491416 421.739992
1557.263616 -1167.369881 -1044.195639 179.427962 1122.789657 -42.487332 421.740003
1557.253749 -1167.173598 -1044.259421 179.469763 1122.782353 -42.492908 421.740015
17169053130.927725 5962295127.065721 1428111140.464228 -19112111842.338364 8427483991.200621 130558834.664542 421.740019
1557.260930 -1166.936449 -1044.275250 179.425860 1122.779566 -42.491495 421.740026
1557.284709 -1167.562450 -1044.164699 179.468284 1122.785543 -42.470952 421.740047
1557.275530 -1167.043813 -1044.261396 179.407655 1122.784363 -42.484805 421.740040
1557.281074 -1167.161648 -1044.271737 179.397290 1122.788825 -42.492216 421.740046
1557.280868 -1167.276454 -1044.169577 179.509102 1122.786040 -42.467009 421.740029
1557.297503 -1166.961416 -1044.291970 179.375595 1122.791739 -42.495274 421.740048
1557.270289 -1167.562349 -1044.171133 179.450127 1122.788755 -42.472378 421.740091
1557.284207 -1167.123886 -1044.267093 179.395240 1122.793537 -42.481086 421.740025
1557.304443 -1167.139020 -1044.245341 179.359415 1122.791235 -42.485627 421.740014
1557.262078 -1167.311581 -1044.197812 179.494217 1122.793152 -42.482084 421.739999
1557.286759 -1166.940140 -1044.291796 179.373125 1122.791725 -42.482445 421.740009
1557.262706 -1167.389644 -1044.191358 179.440134 1122.778505 -42.486944 421.740000
1557.272482 -1167.034291 -1044.234231 179.401060 1122.791095 -42.480210 421.740018
1557.290233 -1167.280352 -1044.227153 179.411676 1122.799056 -42.484958 421.740037
1557.273072 -1167.264028 -1044.188271 179.410556 1122.786654 -42.487552 421.740019
1557.270595 -1166.923755 -1044.293253 179.400064 1122.789157 -42.486004 421.740041
1557.278951 -1167.310775 -1044.215748 179.414661 1122.788690 -42.479967 421.740043
1557.280086 -1167.536145 -1044.136918 179.393980 1122.795000 -42.476794 421.740041
1557.287904 -1166.927605 -1044.279454 179.347151 1122.790934 -42.484571 421.740055
1557.287813 -1167.085849 -1044.280411 179.411907 1122.789810 -42.503686 421.740030
1557.296903 -1167.461555 -1044.159705 179.436993 1122.786512 -42.479682 421.740044
17169762994.206623 5963092073.519072 1427133155.695689 -19112675378.191654 8427760328.944269 130467594.448921 421.740033
1557.284542 -1167.202651 -1044.248137 179.433951 1122.784054 -42.488057 421.740018
1557.275534 -1167.376484 -1044.195623 179.394877 1122.787113 -42.484483 421.740007
1557.274971 -1167.011921 -1044.254983 179.353076 1122.787778 -42.498046 421.740013
1557.259795 -1167.256959 -1044.227399 179.451194 1122.791804 -42.484616 421.740027
1557.283749 -1167.133100 -1044.219268 179.386633 1122.792830 -42.488266 421.740033
1557.266413 -1167.158480 -1044.227779 179.382823 1122.789038 -42.484794 421.740043
17169335108.140003 5962551354.214283 1427915134.808223 -19112359908.375622 8427600241.144111 130540390.868535 421.740059
1557.288036 -1167.133962 -1044.235213 179.404845 1122.788861 -42.486690 421.740063
1557.279764 -1167.162460 -1044.242005 179.419473 1122.791038 -42.499934 421.740063
17170171958.734228 5963346273.502218 1426925692.324640 -19113006668.655453 8427904006.655696 130470532.282058 421.740058
1557.255540 -1167.061892 -1044.268541 179.399353 1122.791633 -42.504316 421.740067
17169563250.578384 5962886795.198171 1427372637.509968 -19112527601.187149 8427689146.609968 130467081.015788 421.740077
1557.265515 -1167.125978 -1044.262930 179.417518 1122.790175 -42.490404 421.740094
1557.288497 -1167.233265 -1044.234584 179.373337 1122.792497 -42.480432 421.740093
1557.287782 -1167.404671 -1044.199106 179.420762 1122.794533 -42.463779 421.740083
1557.281548 -1166.933176 -1044.284769 179.396636 1122.793539 -42.484323 421.740071
17169693514.362028 5963050630.075030 1427137536.239612 -19112645453.538200 8427752821.174683 130427531.225208 421.740065
1557.264598 -1167.594664 -1044.160848 179.443900 1122.798129 -42.473690 421.740071
1557.283294 -1167.228323 -1044.216845 179.383380 1122.786389 -42.482174 421.740072
17169621616.389910 5962979163.423897 1427245874.742513 -19112569250.341686 8427714793.110075 130449899.621496 421.740076
1557.268036 -1167.290601 -1044.205194 179.447320 1122.787715 -42.473033 421.740058
17169781370.885956 5963211786.038356 1426873785.439763 -19112675056.605877 8427772250.777713 130410493.030674 421.740069
1557.279354 -1167.161753 -1044.228719 179.440427 1122.789841 -42.490637 421.740075
1557.264001 -1167.125918 -1044.269676 179.417143 1122.784817 -42.484931 421.740078
1557.289428 -1167.253427 -1044.207107 179.373963 1122.788811 -42.494137 421.740078
1557.281688 -1167.269588 -1044.231440 179.448731 1122.789703 -42.472400 421.740082
1557.286199 -1167.027212 -1044.286698 179.431223 1122.784114 -42.487323 421.740070
1557.286877 -1167.255733 -1044.196758 179.415752 1122.790012 -42.476648 421.740055
1557.280850 -1167.243181 -1044.244568 179.441213 1122.788418 -42.480315 421.740062
17169717351.736845 5962970094.686755 1427320681.953143 -19112654284.997929 8427748537.179799 130477416.375357 421.740048
1557.284663 -1166.778860 -1044.304061 179.389492 1122.791051 -42.507778 421.740048
1557.294739 -1167.432144 -1044.202572 179.407287 1122.791614 -42.483181 421.740048
1557.284203 -1167.354493 -1044.171013 179.445121 1122.796364 -42.486178 421.740029
1557.286443 -1166.884519 -1044.298571 179.348739 1122.794976 -42.486208 421.740035
1557.270868 -1167.386585 -1044.202423 179.438140 1122.790174 -42.472594 421.740028
1557.276816 -1167.130149 -1044.241009 179.416979 1122.794288 -42.485180 421.740029
1557.282412 -1167.284416 -1044.222350 179.430175 1122.789622 -42.479433 421.740029
1557.271612 -1167.141121 -1044.242517 179.458273 1122.787791 -42.488078 421.740022
1557.295060 -1166.909874 -1044.275016 179.376262 1122.795454 -42.487810 421.740024
1557.285568 -1167.622833 -1044.133161 179.436454 1122.798275 -42.479401 421.740019
1557.308581 -1167.020054 -1044.257025 179.363426 1122.789252 -42.489481 421.740018
1557.287231 -1167.186890 -1044.257272 179.412332 1122.790611 -42.484150 421.740006
1557.265624 -1167.109420 -1044.198596 179.404810 1122.778181 -42.492393 421.739988
1557.291774 -1167.150966 -1044.253127 179.409976 1122.794098 -42.482381 421.740029
1557.302800 -1167.257999 -1044.204950 179.414151 1122.784139 -42.483169 421.740012
1557.292032 -1167.250538 -1044.215290 179.401684 1122.786599 -42.492734 421.740007
1557.292356 -1166.917618 -1044.299429 179.429328 1122.793929 -42.490425 421.740004
1557.284355 -1167.219040 -1044.231354 179.456963 1122.778903 -42.490290 421.739983
1557.290240 -1167.347336 -1044.184278 179.413495 1122.776641 -42.473431 421.739981
1557.274558 -1167.121739 -1044.250887 179.380334 1122.781602 -42.496812 421.739990
1557.262691 -1167.115951 -1044.231820 179.470543 1122.784925 -42.484003 421.739998
1557.270132 -1166.957542 -1044.245372 179.385891 1122.785694 -42.486241 421.740015
1557.269224 -1167.187905 -1044.205758 179.415987 1122.786412 -42.483121 421.740042
1557.306703 -1166.977037 -1044.259534 179.339298 1122.807587 -42.480663 421.740065
1557.333177 -1166.685147 -1044.337543 179.033632 1122.821021 -42.510792 421.740048
1557.367341 -1167.350308 -1044.236712 179.159705 1122.800423 -42.490347 421.740016
1557.321776 -1167.409829 -1044.197420 179.333004 1122.798753 -42.476792 421.739952
1557.314294 -1166.816373 -1044.283832 179.315782 1122.792702 -42.477538 421.738400
1557.253450 -1167.087506 -1044.263211 179.492906 1122.791951 -42.502452 421.739912
1557.259801 -1167.373343 -1044.210461 179.487484 1122.790071 -42.482193 421.739917
1557.265171 -1166.842888 -1044.326600 179.408938 1122.788691 -42.514258 421.739919
17169737866.837830 5962990117.730537 1427228155.376631 -19112663307.884819 8427763988.880671 130403841.602860 421.739914
1557.228621 -1167.325374 -1044.239564 179.867574 1122.771320 -42.501567 421.739911
1557.196561 -1166.740188 -1044.383042 179.801055 1122.774053 -42.600499 421.739905
1557.166726 -1167.177684 -1044.339592 179.923346 1122.771220 -42.557708 421.739906
1557.211649 -1167.526502 -1044.261932 179.802236 1122.763169 -42.532151 421.739900
17169064867.686890 5962465863.049718 1427669838.130519 -19112026653.564720 8427426632.592950 130578078.116408 421.739883
1557.191473 -1167.146428 -1044.371955 179.836229 1122.742181 -42.554596 421.739872
1557.149306 -1167.788086 -1044.211740 179.796455 1122.724225 -42.543899 421.739859
17168718355.195311 5962695200.308424 1426848243.880957 -19111668730.530624 8427281218.481267 130480364.378699 421.739906
1557.119365 -1167.780824 -1044.042150 179.790647 1122.713304 -42.409985 421.740032
1557.217454 -1168.551090 -1043.422497 179.476216 1122.715594 -42.388304 421.740200
1557.245281 -1168.354503 -1043.493677 179.469790 1122.717214 -42.357141 421.740572
17167770945.129927 5962139871.607898 1428169918.088149 -19111030781.539124 8426976923.834755 130674851.329799 421.740905
1557.285424 -1168.855371 -1040.134368 177.118130 1122.730729 -47.464145 421.741991
1557.306222 -1172.182413 -1037.313086 174.847010 1122.697881 -49.854987 421.744093
17166238106.185944 5963585666.936396 1428453292.743794 -19110854485.929482 8426088304.521762 130188395.526117 421.747516
1557.285427 -1192.107152 -1031.193011 173.708160 1122.702858 -58.680687 421.752064
1557.384156 -1209.131676 -1028.352264 174.490940 1122.733177 -65.341853 421.756969
17163757806.541992 5965789695.247469 1435049994.724587 -19114040015.628601 8424122465.371889 130080675.831696 421.761773
1557.467643 -1214.532780 -1029.687927 176.062553 1122.804006 -64.107880 421.764922
1557.559404 -1228.760862 -1027.115947 174.492518 1122.829075 -72.631243 421.768315
1557.617914 -1237.370539 -1025.415780 171.565224 1122.860427 -81.616058 421.771889
17159248970.625439 5963919499.934240 1453603159.049927 -19123883061.453068 8421086752.399916 130257083.709566 421.775711
17161721923.491364 5968972165.884938 1449945939.940699 -19128153040.129463 8419874653.859757 129816641.061130 421.780429
1560.594382 -1198.638465 -1022.849442 160.637908 1123.048654 -93.867819 421.786218
17116103253.862089 5929285953.918766 1504539064.861057 -19105654383.045086 8402875541.441545 128911097.375573 421.792838
1560.756511 -1147.050455 -1025.582070 149.606850 1124.384104 -66.429576 421.801766
1559.446007 -1129.622102 -1029.182296 144.202334 1126.290028 -40.749014 421.812417
1558.594714 -1117.717579 -1050.486941 160.628492 1125.613494 -9.719715 421.824328
17053263413.326208 5877742210.345201 1574556045.666170 -19088163287.043442 8396840641.129334 111741457.706890 421.827452
1556.426254 -1103.062903 -1064.835300 152.973888 1125.728238 47.174358 421.831135
1555.779591 -1098.388353 -1076.320178 151.700010 1124.933071 72.464590 421.834449
17085760310.920000 5900073190.494936 1545371592.006207 -19104584551.402477 8424257529.902076 100553767.783451 421.835507
1554.330411 -1091.638077 -1105.363473 159.182422 1123.059636 116.480422 421.833149
1553.786385 -1088.868225 -1122.025160 166.261323 1122.200065 130.027965 421.825944
17338545700.275135 6094814491.599202 1306445763.566678 -19201362806.678867 8494796439.602015 118845250.568722 421.812781
1553.038976 -1084.196929 -1156.389389 184.778634 1120.528959 142.759707 421.793035
1552.728427 -1082.178324 -1174.479505 198.161707 1119.733162 147.621672 421.766196
1552.395938 -1080.283338 -1193.777377 214.334100 1118.988455 150.434855 421.731562
1552.074159 -1078.498334 -1213.895637 234.296036 1118.238629 154.816371 421.688287
1551.883891 -1076.818406 -1234.308915 257.780140 1117.557341 160.710852 421.635688
1551.274309 -1075.401644 -1256.115294 284.814500 1116.870689 171.708708 421.573254
17682293216.359699 6277313034.632687 884593743.117681 -19242277730.850735 8594010512.373804 154936060.947057 421.500397
1549.012539 -1072.856209 -1323.260214 406.973469 1115.439986 236.507666 421.419028
1547.923710 -1071.864379 -1345.353255 438.947268 1116.187839 251.583693 421.310297
1546.678592 -1070.862487 -1368.804099 475.975341 1119.007586 273.208826 421.190274
1545.427792 -1070.053105 -1394.854854 519.149516 1123.882773 297.790148 421.057112
1543.970268 -1069.495479 -1423.111246 567.506489 1132.036866 326.518123 420.908032
18005716908.040627 6268419189.146499 561736304.767851 -19209500809.874554 8662173015.065948 302451147.183343 420.740161
1540.571544 -1068.450377 -1484.129245 679.135273 1154.203611 386.935279 420.552225
1538.624391 -1068.044858 -1515.807603 741.547749 1166.814531 422.923076 420.341723
1536.284971 -1067.373302 -1546.340332 805.829254 1176.005349 462.841390 420.107434
1534.006563 -1066.589434 -1574.896735 872.761841 1179.183614 508.554330 419.851343
1531.674329 -1066.154159 -1600.369544 940.778780 1173.382032 555.579288 419.576568
1529.485590 -1066.116677 -1622.448839 1009.916828 1158.035457 597.637004 419.288978
1527.471811 -1066.637961 -1641.009149 1082.669867 1134.829426 634.700708 418.995296
1525.551139 -1067.911669 -1655.602800 1157.601467 1107.724214 666.679303 418.699582
1523.634142 -1069.605573 -1666.939617 1236.304723 1079.847578 693.878883 418.406740
1521.477500 -1072.112178 -1675.929239 1320.741325 1052.398834 715.656080 418.121705
1518.774463 -1075.468495 -1682.605811 1409.066620 1026.622109 731.537500 417.844480
1516.775431 -1080.138012 -1686.750856 1501.764031 1004.155375 743.569757 417.573593
1515.568456 -1086.544788 -1688.866946 1598.671758 986.662642 750.642229 417.307221
1494.452449 -1097.751122 -1699.240427 1771.835491 957.648277 751.505844 417.146507
1495.125705 -1113.678490 -1695.551591 1860.700118 947.848260 749.893826 416.873482
1496.588825 -1137.654762 -1692.425256 1953.545523 942.671466 746.263519 416.596140
1496.777551 -1164.009974 -1690.194576 2049.242020 938.168896 736.761700 416.313526
1495.346049 -1187.756526 -1687.261245 2144.081929 929.990155 724.896270 416.020666
1493.337323 -1202.892344 -1682.086398 2238.979549 910.870191 714.687089 415.720627
17644002057.356506 5022376094.377117 -97989400.848658 -15864129955.064260 7315188080.724447 2511719017.246091 415.621203
1447.419567 -1239.778089 -1656.161992 2484.638970 837.931452 677.309681 415.318598
1442.471421 -1238.520441 -1638.479087 2563.404776 800.655629 660.130102 415.038267
17284486337.852982 4674270682.895043 200917715.468865 -15164506019.588219 6962204245.296998 2970216664.320157 414.781917
1421.469435 -1215.924139 -1593.652818 2731.695093 730.122162 640.471749 414.558207
1405.188906 -1200.020209 -1570.108629 2821.581470 697.909506 636.401074 414.365394
16986334550.238899 4444076740.803306 427356154.845477 -14496350713.396790 6614987948.359319 3443472163.042692 414.205822
1360.111579 -1178.539548 -1520.939107 3004.758290 644.970915 632.620862 414.078347
1334.391088 -1176.775779 -1499.669152 3097.272428 630.025849 625.093534 413.979393
15072449764.810703 3615754878.605989 1553521554.888196 -11991381286.974257 5312772287.424137 3917806188.007123 413.895607
1279.276169 -1177.108931 -1462.134528 3281.843498 615.083131 581.026639 413.829815
1217.454852 -1185.208628 -1433.765432 3392.810176 577.497975 545.277517 413.978010
1195.757358 -1188.615338 -1412.420736 3457.891552 576.050190 506.816931 413.878665
13204008624.032522 2945155707.077526 2816711505.920285 -9343773132.887756 3912042641.767680 4498288497.977456 413.777951
12330131748.307932 2652912278.478332 3332893704.258811 -8358728823.131137 3408966259.546022 4541972160.848735 413.689760
1127.962250 -1203.149657 -1353.327272 3401.239492 515.325670 396.988985 413.614882
1105.178724 -1205.794411 -1335.747643 4892.074139 657.461432 230.218172 413.555765
1034.496431 -1210.800046 -1327.169831 3810.161886 473.076403 281.327347 413.889906
1019.821420 -1211.897605 -1311.765311 3857.494414 446.110280 248.465237 413.805887
1003.310176 -1212.781962 -1299.224109 3910.999319 417.973099 219.337602 413.752856
985.703518 -1213.014011 -1290.407218 3971.593675 392.007758 194.060801 413.720054
11365854295.317444 2873196580.019604 3247938043.630873 -6726901711.881040 2564746708.703958 5112573305.139470 413.713518
945.742577 -1210.612067 -1284.389463 4130.951694 349.074817 170.211582 413.717893
923.316386 -1208.902378 -1286.061869 4230.466443 330.311298 170.455783 413.734577
898.934586 -1205.885915 -1287.668693 4348.910618 311.209864 175.755662 413.767781
9592722626.199846 2593116432.059336 4041237610.057251 -4512049001.722642 1466285658.876444 5190536434.070867 414.134419
815.063952 -1198.648632 -1267.872491 4502.956946 273.594644 168.613335 413.840671
799.025330 -1192.603743 -1266.255167 4624.950137 258.516833 188.389228 413.785544
724.396232 -1188.366357 -1260.306307 4779.250450 222.951805 211.295977 414.066313
715.355790 -1181.116448 -1253.963329 4944.725066 195.873863 244.719982 413.975530
702.965037 -1173.407662 -1241.912770 5142.488196 155.329476 285.291893 413.900195
684.643802 -1166.584872 -1223.584104 5383.974054 96.811435 338.200968 413.846304
669.804073 -1156.280140 -1197.436663 5676.242952 16.080270 402.318358 413.816110
649.093991 -1147.294775 -1162.763718 6035.910288 -90.151194 477.371056 413.835101
626.515182 -1140.323376 -1119.715863 6479.161095 -223.761391 564.490843 413.908466
601.331673 -1135.856904 -1068.100141 7017.525476 -386.154837 661.599308 414.044764
573.813968 -1131.805952 -1007.706166 7673.409545 -576.900474 772.151046 414.252561
545.905559 -1127.466090 -937.905978 8465.131827 -796.568916 903.305872 414.519471
515.625425 -1120.697186 -858.117785 9405.525622 -1048.161179 1057.733081 414.847067
5931766117.298588 2353302677.322121 4286886229.181612 -428143745.787803 -356864748.118859 4750606262.109599 415.233589
450.810735 -1095.650898 -668.135947 11802.891239 -1664.897239 1449.072969 415.667093
415.663590 -1076.561650 -556.122522 13275.869187 -2039.288496 1691.797334 416.142957
379.896816 -1054.796623 -431.503028 14946.492877 -2464.995830 1967.835035 416.659708
4474127032.671148 2076971834.845588 4725907541.231158 1468227373.686304 -1239614331.573063 4469880862.773323 417.221674
301.514143 -1007.312947 -143.718933 18890.003920 -3489.439229 2620.990578 417.826743
278.324880 -978.881411 10.891613 20783.600877 -4030.210108 2972.680542 418.201237
238.045107 -952.977730 159.378081 22831.225321 -4600.131132 3331.036192 418.866531
194.499565 -920.685812 309.847391 24891.971773 -5196.243025 3700.144335 419.591349
2709186630.294795 1683513318.697583 5268166066.436736 3528540626.647904 -2169797189.651900 3973999702.784419 420.382544
98.807577 -863.983230 613.628105 28916.942690 -6430.141428 4454.946149 421.241573
1456302790.793948 1339246571.453014 5689579024.079206 4961605775.418404 -2833422159.916712 3573535020.721097 422.177806
22.533945 -819.416616 819.720808 31052.564693 -7327.449662 5010.366063 422.899422
-27.235320 -807.293193 869.929573 31451.479246 -7569.873884 5166.597236 423.914477
-123.671914 -805.520586 817.699877 31127.277829 -7600.827889 5200.615894 424.979867
-121.731154 -810.469419 800.050967 29951.128690 -7356.533686 5075.540691 426.097283
-186.356679 -830.944138 664.190411 27778.593962 -6814.099769 4759.845105 427.250774
-243.037019 -868.949068 440.921733 24452.280375 -5911.684306 4228.159821 428.445758
-300.516910 -922.878174 146.946605 20257.768123 -4715.010551 3516.780318 429.671897
-356.869343 -983.806762 -167.867428 15780.442894 -3421.172117 2739.704891 430.924887
-1984484705.804017 309949144.450682 6615702390.525517 7951215597.944935 -4077206529.925598 2111588961.335228 432.222207
-468.223120 -1085.304180 -652.008426 8784.298234 -1413.841114 1510.129819 433.569625
-523.187462 -1123.129855 -804.916396 6521.605518 -781.980413 1114.106383 434.970465
-3019357141.061129 -41914731.043271 6870057044.517042 8687020217.846449 -4370422793.693458 1624211369.021040 436.137768
-592.347013 -1185.633774 -1067.933485 2460.985800 377.449138 404.159203 437.590788
-638.873849 -1199.589877 -1106.422209 1820.531714 539.890768 293.875200 439.086571
-686.424599 -1211.024018 -1132.937737 1370.389480 650.771258 216.161274 440.635098
-733.937692 -1219.367067 -1151.208701 1048.135968 729.492110 160.036167 442.230055
-782.552218 -1225.749473 -1163.459693 822.513588 788.349726 119.342719 443.878104
-5557944890.220237 -945500335.162490 7427917383.223800 10141354639.475996 -4890975942.486964 382410372.370090 445.274513
-5755854209.720849 -1026652783.591338 7467359524.796442 10161158325.632185 -4874177194.549204 276087461.319284 446.938506
-866.105255 -1241.576712 -1180.156794 364.938452 927.704568 49.045708 448.623413
-905.970270 -1245.897466 -1184.957583 303.274978 949.624825 39.962402 450.335340
-946.707108 -1250.448936 -1188.422252 247.719545 965.684624 34.486507 452.063806
-987.173336 -1254.853857 -1190.965659 196.010468 975.731592 31.183853 453.811715
-1029.561746 -1259.218889 -1193.206500 145.695712 981.326420 28.460000 455.590606
-1072.666405 -1263.801033 -1195.677533 94.764588 983.004744 26.483976 457.398209
-1053.011904 -1267.303597 -1200.044286 36.500583 990.734237 26.821844 458.977453
-1084.016215 -1271.403901 -1202.849986 -15.226277 988.187511 27.869923 460.769798
-1163.897377 -1276.621751 -1192.158961 -101.897305 1008.423275 24.672039 462.664783
-10687946707.591331 -2831651828.603405 8148813015.683897 11742269151.796768 -5203379331.619424 -2188209667.320335 464.303322
-1124.836899 -1280.466952 -1200.745149 -191.080159 1012.085362 35.347570 466.117653
-1130.536936 -1280.981479 -1202.512758 -231.804261 1016.523288 45.423547 467.944830
-1135.439527 -1281.203799 -1204.548841 -270.182033 1031.642531 60.529890 469.775733
-1138.843719 -1281.998188 -1206.544147 -307.016054 1060.586132 78.677219 471.597458
-12611892553.454830 -3565277146.270313 8328717995.496236 11489936127.826885 -4839659592.432911 -3186779461.135613 473.407844
-1142.462786 -1288.725474 -1206.423733 -378.610839 1122.324511 109.672989 475.208015
-1179.416682 -1299.992188 -1188.556289 -452.239444 1153.452029 84.144071 477.035626
-1166.960080 -1310.532016 -1188.091305 -476.613426 1182.848756 88.094246 478.847697
-13542404073.040537 -3991265859.028137 8468472704.404683 11055649370.122528 -4511203027.205080 -3592087916.584869 480.639475
-1141.504981 -1331.545133 -1182.688640 -528.779810 1219.976154 67.679851 482.406465
-14005169301.121929 -4215678217.941385 8549518438.913896 10765020079.597389 -4305697141.323425 -3803537363.937713 484.156276
-1107.522727 -1351.280257 -1172.732861 -585.171365 1225.901356 25.353636 485.894018
-14883954903.503963 -4571978053.831944 8813752536.790329 10423242837.735891 -4002446767.260299 -4265154397.296237 487.617645
-1097.817011 -1371.304595 -1149.805906 -672.759582 1275.616694 -26.548589 489.340796
-1067.052230 -1378.655866 -1147.287625 -693.355019 1282.291130 -48.715306 491.045202
-1034.510048 -1381.380143 -1144.891861 -711.232103 1302.125945 -66.585137 492.721377
-1001.875961 -1377.303442 -1141.326750 -724.940793 1342.757014 -72.050966 494.360155
-970.216607 -1367.046434 -1136.493593 -732.501615 1393.194744 -71.019905 495.954589
-937.871112 -1356.409846 -1129.915854 -738.591553 1440.314833 -71.097493 497.493214
-906.153303 -1350.442843 -1121.673704 -743.897255 1484.020644 -78.688474 498.980106
-902.347904 -1371.732248 -1102.638320 -778.392679 1524.871642 -105.321035 500.428505
-15612985864.743475 -5381744411.100133 9195095568.750385 8816406836.083874 -3075855871.134641 -4393040588.227040 501.844268
-826.167327 -1371.547675 -1086.743181 -767.085278 1596.062041 -132.125818 503.205498
-790.222217 -1386.337678 -1077.716777 -763.183555 1626.578758 -149.014573 504.511915
-15983239626.423435 -5783569094.240231 9458384825.193031 8168824630.168493 -2692629647.696540 -4572809379.279640 505.766690
-720.789579 -1448.348900 -1058.859859 -757.301333 1674.639681 -197.640887 506.972031
-688.427847 -1493.533229 -1049.611777 -755.493737 1692.971160 -223.958638 508.131943
-656.266637 -1534.792789 -1039.973946 -753.659457 1708.163345 -250.410670 509.247945
-625.778225 -1571.967643 -1029.065303 -752.559066 1719.847980 -277.459487 510.324398
-596.958656 -1606.459423 -1018.709483 -751.005968 1728.393305 -301.293626 511.367365
-570.041628 -1639.168736 -1010.453544 -750.445484 1735.377748 -317.184550 512.378836
-545.913912 -1668.528674 -1003.692192 -750.551006 1741.970477 -326.661756 513.359321
-522.771510 -1695.194099 -998.348470 -752.039888 1747.519608 -330.302523 514.308102
-501.618122 -1718.609732 -994.740595 -753.237939 1750.917478 -327.110107 515.227011
-481.840941 -1739.525566 -992.014181 -755.047305 1751.803556 -322.745853 516.116144
-464.630488 -1757.761262 -989.624947 -756.888770 1749.489885 -317.343998 516.978811
-447.546127 -1774.855067 -988.459307 -757.072820 1744.749848 -313.825879 517.818282
-432.399671 -1790.894654 -988.034628 -756.945620 1737.041793 -315.220120 518.635602
-418.864567 -1805.067803 -988.741065 -758.201773 1724.815271 -320.129713 519.433758
-405.558862 -1818.464090 -990.958600 -757.655762 1707.877327 -331.143886 520.217745
-392.979428 -1829.556584 -994.470642 -757.215459 1687.698773 -346.118291 520.990248
-382.405260 -1838.907551 -999.705671 -757.461682 1663.441588 -358.756002 521.754964
-15893605308.124805 -8343741818.349347 11540302587.351866 4791011609.131403 -1014507195.429032 -4427205462.937256 522.515159
-15929891088.900396 -8463135073.429331 11471830330.670685 4770001675.259944 -1011552519.553222 -4424849556.378346 523.271551
-353.335737 -1852.234170 -1020.265257 -750.409830 1589.687527 -373.109276 524.023809
-15991318400.797852 -8770600734.324873 11581347975.059965 4548440255.222665 -898435284.133084 -4453463054.446884 524.771018
-333.677986 -1852.008834 -1030.631015 -730.179394 1555.777402 -356.135064 525.510232
-325.509793 -1848.718547 -1029.154340 -716.568002 1555.127293 -350.373666 526.236321
-16099742700.962090 -9109822393.626955 11376957388.446077 4492251411.923387 -877728917.442190 -4468004217.235271 526.945432
-254.918370 -1832.986300 -1048.485748 -635.060152 1529.407026 -322.716568 527.629946
-237.229537 -1824.762416 -1051.055419 -607.577866 1534.804502 -310.318481 528.272878
-220.618006 -1815.367565 -1052.864480 -580.109412 1545.288490 -297.716703 528.884940
-202.868247 -1808.038826 -1055.058052 -553.097481 1553.192266 -288.929515 529.463059
-184.238683 -1801.095920 -1056.607890 -528.202678 1552.450800 -286.728237 530.009522
-165.632594 -1794.732849 -1057.158503 -504.873576 1537.893891 -292.418514 530.534793
-146.285185 -1790.005520 -1057.398784 -482.854366 1518.073606 -305.304628 531.053882
-125.980735 -1780.166776 -1057.672780 -460.537571 1495.531191 -320.419118 531.573061
-16236197881.399843 -9967788577.712488 10859126833.674351 4245771578.105285 -758969283.073602 -4562192215.620543 532.096513
-39.552676 -1736.220092 -1080.428220 -357.768048 1443.548827 -316.524278 532.583486
-13.215433 -1710.052932 -1084.792930 -327.882988 1421.412335 -322.553477 533.074715
-15972223961.278280 -10125825325.342333 10825557359.913235 4071455863.476331 -688371570.027436 -4463584290.360353 533.565895
36.961935 -1643.061627 -1096.493244 -266.147028 1410.953685 -318.202473 534.047015
59.965177 -1606.815033 -1103.344268 -234.165095 1426.765970 -307.035922 534.504900
81.394403 -1566.937897 -1109.825218 -201.037227 1450.869247 -290.550480 534.925761
-15892576855.553867 -10295336942.309484 10583225854.562212 4072424156.885581 -687726921.088217 -4418947709.648056 535.302916
162.304262 -1490.647891 -1138.332551 -88.108741 1464.332797 -248.965794 535.642053
185.026633 -1466.210499 -1146.669825 -48.513525 1489.607553 -227.347030 535.930064
206.445204 -1452.998502 -1155.029724 -12.951820 1498.038272 -217.642487 536.170620
227.056521 -1448.860995 -1163.424221 17.094260 1494.416891 -217.572944 536.380399
-15935012897.403326 -10471863117.852327 10305685135.260292 4140591982.336262 -717762204.029829 -4438995949.578937 536.570880
266.240218 -1462.551237 -1181.723779 72.254466 1484.486499 -220.371672 536.740917
313.500254 -1449.792712 -1202.354335 137.066069 1478.045655 -201.120922 536.890011
-15594567504.235523 -10396831127.442181 10166153425.129444 4073191359.412030 -718235763.907450 -4304629577.280779 536.997594
351.943650 -1478.125537 -1225.779562 187.943640 1462.486405 -184.816143 537.082668
-15334984522.867540 -10296523262.946575 10053563077.755234 4031471849.739659 -723419562.457536 -4200741517.784741 537.147837
-15342491110.495224 -10309202623.395531 10035558818.816992 4038105020.094616 -726363113.485634 -4201639948.482999 537.196457
394.863625 -1502.746572 -1258.741198 245.612419 1438.512446 -145.791704 537.231067
-15246635052.351572 -10233967379.680002 9889010288.114317 4079756797.517633 -758089451.356146 -4153433849.313886 537.252698
412.074922 -1502.363740 -1279.436632 273.274317 1426.697269 -106.426585 537.263235
417.886358 -1503.044099 -1290.020054 283.008881 1422.583365 -84.344413 537.262959
421.341182 -1502.287203 -1300.399552 289.863728 1419.979395 -61.382279 537.251156
423.707422 -1501.718902 -1309.933645 293.945651 1417.341710 -39.531077 537.228035
425.329371 -1501.349963 -1318.726233 295.777446 1412.806686 -20.016753 537.195411
425.127344 -1500.246321 -1326.722198 295.413198 1406.669947 -6.288049 537.156682
-15103963986.863234 -10095026269.655117 9611690961.186787 4172873789.906713 -825413280.309891 -4096447556.580460 537.115582
422.659996 -1499.502928 -1337.921468 290.566632 1390.973869 -2.580153 537.075946
420.511421 -1499.329287 -1342.350576 286.568780 1383.273589 -9.760014 537.040274
417.784322 -1499.210871 -1345.629107 280.400947 1376.192166 -20.084673 537.009117
414.845766 -1498.004409 -1348.715037 274.959929 1369.244242 -29.722701 536.983753
412.428044 -1498.398651 -1351.975308 269.987053 1363.933568 -38.580206 536.964639
-15013875485.469538 -9959583089.696384 9405976919.807098 4245435858.725545 -873893356.466023 -4063938821.459222 536.949479
407.093162 -1496.881317 -1357.473475 257.702564 1357.933455 -37.866173 536.936870
405.380424 -1496.135174 -1358.784257 254.040927 1356.182370 -33.356400 536.927044
404.335395 -1496.080571 -1358.124848 251.970771 1355.901554 -28.719663 536.919351
403.488228 -1497.782029 -1355.967401 251.688899 1356.500309 -24.372401 536.913459
402.510717 -1497.400350 -1353.048760 251.966723 1358.527668 -22.936819 536.909180
401.688827 -1497.259374 -1349.084545 252.020337 1361.784521 -26.245114 536.905865
401.125656 -1497.739151 -1344.955623 251.698354 1364.374583 -31.886558 536.903066
401.206639 -1497.813339 -1346.612059 251.902597 1362.550581 -30.141462 536.901667
400.905836 -1496.743987 -1343.555503 251.238507 1364.472929 -34.595385 536.900590
400.950671 -1498.387119 -1341.173611 250.326772 1366.809333 -35.992846 536.900812
400.907302 -1498.623366 -1339.992787 249.605711 1368.860721 -35.787605 536.900754
400.902279 -1498.165580 -1339.979502 248.724934 1369.545364 -35.559223 536.899772
400.924485 -1499.037719 -1339.818459 248.019828 1369.538216 -35.466353 536.898276
400.746248 -1498.902221 -1339.815758 247.660575 1369.535918 -36.120055 536.896925
400.602255 -1498.451402 -1339.885519 247.127399 1369.560418 -36.864675 536.895705
400.266267 -1499.097923 -1339.717895 246.517819 1369.575447 -37.475543 536.894579
399.696237 -1499.081540 -1339.682162 245.919562 1369.592324 -37.675778 536.893706
399.335015 -1498.692021 -1339.686656 245.195157 1369.692503 -37.914647 536.893142
399.023218 -1499.402480 -1339.550145 244.560994 1369.686432 -38.130328 536.892765
-15146549553.729866 -9929711491.791090 9286688641.454285 4331979344.779946 -902749756.837669 -4117726303.177326 536.892627
398.261940 -1499.871105 -1339.209679 243.480144 1369.705510 -38.680882 536.892835
397.932028 -1500.483277 -1339.006211 243.890671 1369.715119 -38.994246 536.893387
397.521954 -1500.476025 -1338.986221 244.669798 1369.716688 -39.296938 536.894083
-15131333050.921240 -9950552164.075588 9345285925.805086 4300964213.023030 -888621330.488634 -4112899327.646821 536.894799
396.875227 -1500.622925 -1339.240292 245.779909 1369.674311 -39.966762 536.895487
396.608780 -1500.582226 -1339.357158 245.853331 1369.681537 -40.314134 536.895964
396.429681 -1500.014906 -1339.496602 245.814992 1369.695120 -40.500223 536.896379
396.847462 -1499.403729 -1339.430731 245.811075 1369.677564 -39.950878 536.896786
397.463216 -1499.903801 -1339.360279 245.792731 1369.678759 -39.205268 536.897262
397.895552 -1499.258718 -1339.427302 245.723694 1369.684078 -39.073877 536.897540
398.006603 -1499.036094 -1339.454665 245.642183 1369.685829 -39.081545 536.897718
398.011222 -1499.235110 -1339.403527 245.633938 1369.688715 -39.066848 536.897879
398.012154 -1499.481142 -1339.365640 245.606026 1369.686900 -39.066825 536.898058
398.003181 -1499.060338 -1339.462379 245.666621 1369.683390 -39.069932 536.898243
397.978607 -1499.212901 -1339.443024 245.669089 1369.685364 -39.074432 536.898391
397.918059 -1499.619215 -1339.350812 245.776186 1369.686158 -39.075301 536.898542
-15142411823.668737 -9953515891.644077 9342789273.635807 4305901463.924660 -889987944.552924 -4116657573.488892 536.898725
397.908861 -1499.511514 -1339.388078 245.766662 1369.689054 -39.078549 536.898874
397.898686 -1499.779846 -1339.330443 245.777162 1369.694953 -39.064377 536.899037
397.880077 -1499.021719 -1339.436330 245.743713 1369.681568 -39.082665 536.899212
397.906917 -1499.180093 -1339.443578 245.755610 1369.698782 -39.077723 536.899427
397.937367 -1499.452351 -1339.429495 245.765616 1369.693084 -39.070550 536.899578
-15142172747.277161 -9953700597.591908 9343374469.166176 4305698331.001925 -889908341.114571 -4116543420.083797 536.899694
397.956093 -1499.567001 -1339.414026 245.746367 1369.688487 -39.068455 536.899831
397.988786 -1499.372498 -1339.444110 245.732905 1369.698563 -39.062374 536.899945
397.940532 -1499.960022 -1339.373887 245.737342 1369.693509 -39.068982 536.900040
397.909884 -1499.740093 -1339.400606 245.736534 1369.700445 -39.075889 536.900133
397.907840 -1499.594360 -1339.459065 245.755089 1369.693595 -39.080605 536.900236
397.913577 -1500.353058 -1339.304812 245.796115 1369.691726 -39.065013 536.900307
397.899790 -1499.613780 -1339.429194 245.797181 1369.692482 -39.077961 536.900409
397.914372 -1499.730373 -1339.483888 245.748926 1369.704529 -39.081392 536.900505
397.911906 -1500.375806 -1339.376331 245.777277 1369.699550 -39.059905 536.900511
397.935434 -1500.162874 -1339.426308 245.753984 1369.696876 -39.075056 536.900527
397.980605 -1500.195840 -1339.437162 245.698614 1369.695737 -39.084101 536.900523
397.944848 -1500.253082 -1339.405944 245.751027 1369.697424 -39.069101 536.900503
397.929936 -1500.175911 -1339.432226 245.725238 1369.695227 -39.079210 536.900497
397.935255 -1500.576324 -1339.373414 245.741236 1369.696787 -39.054621 536.900494
397.888597 -1500.402279 -1339.392875 245.773683 1369.698973 -39.059609 536.900481
397.883937 -1499.788777 -1339.496491 245.768129 1369.698837 -39.091504 536.900483
397.923328 -1500.748988 -1339.336007 245.752784 1369.697114 -39.060221 536.900479
397.909683 -1500.147086 -1339.454857 245.777354 1369.692827 -39.081487 536.900479
-15143470710.625080 -9953872607.658434 9342520613.141153 4306750175.019069 -890319534.315151 -4116932900.275256 536.900455
397.935448 -1500.896264 -1339.297170 245.759022 1369.687291 -39.057207 536.900409
-15143634191.418081 -9953812159.651226 9342207168.199789 4306851515.326111 -890349638.444900 -4117037028.764534 536.900431
397.969403 -1500.025654 -1339.454726 245.745989 1369.691177 -39.072304 536.900435
-15143531772.921122 -9953909635.560797 9342555587.439468 4306766888.794890 -890322895.218431 -4116948371.964642 536.900420
397.898140 -1499.928928 -1339.477918 245.776478 1369.698971 -39.081418 536.900417
397.936402 -1499.748856 -1339.516702 245.743928 1369.700803 -39.081941 536.900403
397.925927 -1500.839809 -1339.309349 245.752598 1369.685851 -39.063262 536.900368
397.901811 -1500.276305 -1339.400378 245.779014 1369.704833 -39.067677 536.900394
-15143166249.842516 -9954241023.326378 9343599669.540567 4306382510.500678 -890176202.748046 -4116727094.680872 536.900398
397.943280 -1500.457216 -1339.369517 245.751539 1369.698037 -39.067442 536.900377
397.916775 -1500.004400 -1339.478332 245.773280 1369.692992 -39.083762 536.900381
397.970439 -1500.387038 -1339.383263 245.734724 1369.687685 -39.071064 536.900355
397.918368 -1500.374779 -1339.375773 245.768766 1369.707028 -39.073842 536.900361
397.909451 -1500.003966 -1339.470721 245.759730 1369.684945 -39.083054 536.900368
397.934689 -1500.391927 -1339.402638 245.754210 1369.700728 -39.077632 536.900363
-15143034386.110685 -9953778581.655699 9342679350.427805 4306420232.059648 -890190329.074952 -4116824662.284037 536.900341
397.920238 -1500.062035 -1339.453480 245.781326 1369.690188 -39.077112 536.900370
397.922737 -1500.227312 -1339.389403 245.762640 1369.695217 -39.070979 536.900362
397.910338 -1500.256057 -1339.421073 245.747584 1369.687263 -39.071694 536.900392
397.932772 -1500.104502 -1339.433269 245.748650 1369.689297 -39.072180 536.900397
397.941467 -1500.591232 -1339.367359 245.757259 1369.690059 -39.071709 536.900406
397.930412 -1500.159414 -1339.449696 245.763329 1369.692848 -39.081145 536.900398
397.929663 -1500.339518 -1339.386053 245.756042 1369.685967 -39.065370 536.900373
397.938552 -1499.671511 -1339.497834 245.762621 1369.690078 -39.087485 536.900396
397.934283 -1500.152316 -1339.453285 245.743878 1369.690708 -39.073482 536.900402
397.918845 -1500.820350 -1339.314256 245.769351 1369.694063 -39.070487 536.900380
397.906288 -1499.459075 -1339.556711 245.744727 1369.686696 -39.083097 536.900392
-15143130208.165190 -9953795880.434692 9342690586.762465 4306470267.678107 -890206094.567844 -4116844721.136372 536.900387
397.965677 -1500.603031 -1339.362443 245.745176 1369.691545 -39.068864 536.900384
397.927574 -1500.574579 -1339.333239 245.789354 1369.692429 -39.066497 536.900373
397.932126 -1499.721073 -1339.530625 245.762200 1369.691647 -39.091689 536.900401
397.967634 -1500.119958 -1339.431657 245.719134 1369.688288 -39.064663 536.900364
397.919935 -1500.374796 -1339.380896 245.783203 1369.693421 -39.081977 536.900366
397.919119 -1499.682554 -1339.485058 245.747017 1369.693725 -39.088883 536.900379
397.942469 -1500.124441 -1339.418179 245.746047 1369.689847 -39.075191 536.900403
-15143312384.039005 -9953954386.598267 9342906966.725349 4306581767.210135 -890251515.661520 -4116841021.317104 536.900422
397.891023 -1500.286600 -1339.363863 245.797642 1369.693359 -39.070325 536.900448
397.916963 -1499.389675 -1339.601279 245.748550 1369.696064 -39.102377 536.900502
397.954309 -1500.467761 -1339.396798 245.725763 1369.694925 -39.069171 536.900447
397.899199 -1500.352228 -1339.364747 245.787593 1369.692238 -39.070078 536.900425
397.921200 -1499.424372 -1339.529762 245.732109 1369.705183 -39.089869 536.900467
397.954344 -1500.132928 -1339.441845 245.722980 1369.691523 -39.076723 536.900476
397.918688 -1500.430303 -1339.336044 245.812399 1369.697755 -39.050386 536.900466
397.916914 -1499.361667 -1339.570459 245.758261 1369.691438 -39.092379 536.900510
397.971503 -1500.461165 -1339.341614 245.748234 1369.694599 -39.056437 536.900498
397.872453 -1500.057125 -1339.439669 245.803927 1369.696999 -39.078818 536.900529
397.924248 -1499.525026 -1339.547940 245.748476 1369.690395 -39.098832 536.900541
397.973374 -1500.406234 -1339.367810 245.752953 1369.699042 -39.063230 536.900526
397.885103 -1500.117453 -1339.425501 245.800597 1369.709087 -39.081097 536.900531
397.904695 -1500.129231 -1339.420834 245.752273 1369.699188 -39.075849 536.900533
-15143118223.807405 -9953778775.339355 9342766891.547205 4306467243.978325 -890206447.142521 -4116822982.176223 536.900548
397.926573 -1500.158802 -1339.413314 245.774387 1369.696631 -39.075766 536.900558
397.923988 -1500.177850 -1339.426007 245.775817 1369.694461 -39.073859 536.900570
397.938938 -1500.065973 -1339.464541 245.755939 1369.714638 -39.081372 536.900568
397.946275 -1500.064741 -1339.430002 245.761313 1369.705920 -39.065377 536.900519
397.927698 -1500.259375 -1339.398130 245.756730 1369.692131 -39.071470 536.900515
397.934804 -1500.692246 -1339.338790 245.746326 1369.695243 -39.062884 536.900535
-15143322040.375608 -9953785520.439987 9342588833.586489 4306640321.678117 -890275920.860475 -4116887539.790553 536.900540
397.949695 -1499.856338 -1339.477324 245.741642 1369.693414 -39.088926 536.900555
397.934138 -1500.408078 -1339.355374 245.771636 1369.694572 -39.065830 536.900550
397.939348 -1500.399999 -1339.360261 245.749993 1369.688784 -39.069516 536.900584
-15143453102.069386 -9953881568.260342 9342678375.992476 4306727551.446928 -890310661.401100 -4116899487.100642 536.900621
397.943410 -1500.191848 -1339.415326 245.759314 1369.701831 -39.059860 536.900650
397.929767 -1500.575104 -1339.367821 245.782068 1369.679808 -39.059042 536.900647
397.956050 -1499.925566 -1339.486958 245.759344 1369.694439 -39.077208 536.900654
397.945798 -1500.397215 -1339.377723 245.748854 1369.684826 -39.058799 536.900622
397.912063 -1500.445273 -1339.380903 245.776235 1369.687438 -39.065963 536.900644
397.931821 -1500.172173 -1339.433018 245.744059 1369.688828 -39.078884 536.900657
397.928454 -1500.254620 -1339.416288 245.742237 1369.689943 -39.071396 536.900657
397.907744 -1500.054415 -1339.434704 245.757165 1369.688742 -39.075831 536.900662
397.937047 -1500.626035 -1339.375753 245.743468 1369.697758 -39.067849 536.900687
397.945553 -1499.951940 -1339.424630 245.754716 1369.691466 -39.074995 536.900661
397.917442 -1499.687197 -1339.510747 245.769339 1369.688639 -39.078240 536.900697
397.970210 -1500.339131 -1339.400068 245.744934 1369.696390 -39.072690 536.900696
-15143493653.046154 -9954023964.303062 9342973689.841494 4306724653.258714 -890310182.779305 -4116864151.982707 536.900684
397.912818 -1499.728657 -1339.531060 245.746995 1369.699925 -39.092845 536.900712
397.967532 -1500.801621 -1339.296550 245.736253 1369.686600 -39.053261 536.900675
397.910537 -1500.648307 -1339.294965 245.805549 1369.694334 -39.070468 536.900710
397.911351 -1499.751271 -1339.498295 245.748962 1369.697266 -39.084567 536.900769
397.921176 -1500.689018 -1339.347348 245.753003 1369.693932 -39.067891 536.900766
-15143237399.626549 -9954016369.286631 9343093199.665789 4306502468.204073 -890217314.832112 -4116818542.144175 536.900768
397.941128 -1500.455978 -1339.369179 245.742574 1369.687405 -39.068725 536.900692
397.905135 -1500.426404 -1339.368478 245.781500 1369.696763 -39.069270 536.900762
397.927240 -1499.742697 -1339.471019 245.751523 1369.691730 -39.078988 536.900787
397.938369 -1500.332920 -1339.420935 245.738571 1369.686911 -39.071129 536.900815
397.940016 -1500.325107 -1339.358163 245.769700 1369.703647 -39.064992 536.900801
397.886994 -1499.831863 -1339.489339 245.806738 1369.694119 -39.089437 536.900833
397.957601 -1499.758391 -1339.541312 245.722641 1369.693699 -39.085421 536.900826
397.933039 -1500.686492 -1339.292808 245.741339 1369.701119 -39.055284 536.900769
-15143566738.671265 -9953732002.973166 9342179945.522121 4306846697.375381 -890348796.993936 -4117014671.933376 536.900819
397.971851 -1500.081907 -1339.459728 245.742102 1369.697386 -39.073021 536.900828
397.935965 -1500.229653 -1339.421046 245.788467 1369.677399 -39.072976 536.900792
397.921838 -1500.003017 -1339.428744 245.771875 1369.689187 -39.081771 536.900799
397.970349 -1500.118154 -1339.441744 245.725937 1369.691861 -39.077710 536.900830
397.917889 -1500.215324 -1339.395439 245.758144 1369.708675 -39.067067 536.900816
397.906621 -1499.711353 -1339.542037 245.760626 1369.692574 -39.090242 536.900829
397.974310 -1500.359328 -1339.362945 245.723174 1369.706018 -39.064248 536.900791
-15143637714.358658 -9953824191.575926 9342382845.622393 4306876786.656727 -890362877.057264 -4116991972.977311 536.900807
397.896352 -1499.780724 -1339.491921 245.754179 1369.694266 -39.088554 536.900854
397.955951 -1500.226477 -1339.425457 245.747683 1369.688604 -39.062322 536.900861
397.930779 -1500.043643 -1339.446448 245.783053 1369.695787 -39.081997 536.900852
-15143058747.647364 -9953751899.852467 9342753834.893551 4306461513.621491 -890206311.834948 -4116808812.121035 536.900847
397.963574 -1500.137749 -1339.425153 245.717439 1369.698952 -39.071251 536.900845
397.950516 -1500.147192 -1339.431271 245.759900 1369.697781 -39.064560 536.900843
397.943667 -1500.036100 -1339.426583 245.757152 1369.681473 -39.061368 536.900831
-15143420515.534746 -9953915079.545206 9342827687.853842 4306724590.376952 -890313264.592645 -4116858258.568507 536.900865
397.937602 -1500.221882 -1339.407339 245.757490 1369.690722 -39.069918 536.900859
397.932874 -1499.792032 -1339.457416 245.773026 1369.687998 -39.077856 536.900873
397.962591 -1500.154833 -1339.407478 245.750691 1369.699328 -39.063417 536.900909
397.946135 -1500.253851 -1339.375808 245.781745 1369.685702 -39.052197 536.900919
397.943843 -1499.654747 -1339.485243 245.756705 1369.693163 -39.074325 536.900960
397.942177 -1499.671289 -1339.507599 245.776038 1369.693153 -39.077881 536.900981
397.955843 -1500.701716 -1339.312557 245.781727 1369.689728 -39.050397 536.900974
-15143484513.708035 -9953722209.903219 9342345274.955479 4306829758.695498 -890350906.623513 -4116949498.744305 536.901001
397.956852 -1499.875970 -1339.461137 245.722382 1369.696265 -39.081727 536.901009
397.891208 -1500.387337 -1339.339322 245.764352 1369.700865 -39.061516 536.901017
397.911084 -1499.418735 -1339.543390 245.777413 1369.697389 -39.096910 536.901081
-15143299069.236042 -9953691237.803926 9342484473.914627 4306701498.255258 -890303628.359916 -4116882474.927823 536.901083
397.907048 -1500.178591 -1339.392464 245.781620 1369.700742 -39.061816 536.901098
397.919561 -1499.655269 -1339.531592 245.749383 1369.698167 -39.082860 536.901131
397.975590 -1500.668417 -1339.357167 245.749348 1369.706650 -39.062813 536.901107
397.914575 -1499.893673 -1339.433146 245.795480 1369.695125 -39.072888 536.901072
397.909916 -1499.940839 -1339.473408 245.771681 1369.699899 -39.073130 536.901112
397.938385 -1500.128217 -1339.418599 245.728732 1369.706377 -39.073529 536.901100
397.902551 -1500.379973 -1339.401187 245.752519 1369.712535 -39.069068 536.901106
397.940380 -1500.864041 -1339.320649 245.750978 1369.701624 -39.056541 536.901090
397.909729 -1500.456373 -1339.337634 245.796177 1369.696719 -39.058029 536.901080
397.904191 -1499.006748 -1339.654511 245.746052 1369.702854 -39.114613 536.901126
-15143558499.996954 -9953802925.258198 9342519046.648649 4306887723.707675 -890380461.958607 -4116925908.430609 536.901079
397.900712 -1500.586906 -1339.346782 245.790770 1369.702506 -39.063162 536.901055
397.910273 -1499.271403 -1339.589287 245.769134 1369.697382 -39.100287 536.901068
397.972394 -1500.409146 -1339.402890 245.703865 1369.699732 -39.060936 536.901046
-15143251798.220118 -9953800820.780949 9342777819.142284 4306614002.387576 -890270213.206768 -4116841911.823317 536.901023
397.902561 -1499.675500 -1339.519275 245.764699 1369.695251 -39.090309 536.901049
397.943207 -1500.028601 -1339.483901 245.734278 1369.704618 -39.071100 536.901040
-15143106526.198458 -9953923357.280251 9343200920.818295 4306481260.781485 -890223954.851766 -4116739795.785552 536.900992
397.879815 -1499.922698 -1339.519967 245.779014 1369.684855 -39.090690 536.900985
397.949822 -1499.951181 -1339.465144 245.711008 1369.703285 -39.072077 536.900951
397.923667 -1500.492022 -1339.372641 245.780450 1369.704057 -39.070522 536.900940
-15143294477.437790 -9954040049.329763 9343302963.743093 4306591499.560317 -890267253.011988 -4116763316.501361 536.900935
397.950311 -1500.427947 -1339.407649 245.765955 1369.687671 -39.072500 536.900899
397.913077 -1499.904499 -1339.445612 245.757898 1369.682697 -39.080232 536.900877
397.911333 -1499.992435 -1339.440112 245.729277 1369.703475 -39.083153 536.900922
-15143329544.889072 -9953657828.110254 9342443395.933407 4306713998.666901 -890310583.956024 -4116896546.549240 536.900940
397.880340 -1499.879709 -1339.505726 245.780045 1369.695270 -39.087485 536.900938
397.953693 -1500.277437 -1339.426588 245.735123 1369.689298 -39.074604 536.900916
-15143574899.699430 -9953684689.361586 9342308591.592937 4306907460.739046 -890387501.367268 -4116957619.328327 536.900901
397.910364 -1499.805823 -1339.502724 245.756071 1369.678637 -39.087194 536.900931
397.957455 -1500.261991 -1339.407347 245.748652 1369.690603 -39.074851 536.900936
-15143298562.738344 -9953883899.161795 9343004636.488779 4306625513.784324 -890277779.380522 -4116802952.855546 536.900941
397.931686 -1500.083349 -1339.426932 245.738190 1369.685029 -39.082393 536.900941
397.949152 -1500.254344 -1339.427627 245.762504 1369.687946 -39.069232 536.900971
397.950334 -1500.433804 -1339.383908 245.751250 1369.686196 -39.060133 536.900958
397.926757 -1500.062650 -1339.424453 245.778817 1369.694951 -39.069949 536.900966
397.934075 -1500.037117 -1339.429774 245.753681 1369.688325 -39.077494 536.900985
397.941364 -1500.204025 -1339.408244 245.743236 1369.694093 -39.075318 536.901013
397.931815 -1500.392054 -1339.371009 245.764342 1369.694940 -39.072043 536.901028
397.952249 -1500.223678 -1339.398982 245.764832 1369.700139 -39.072412 536.901051
-15143411259.124569 -9953827523.163271 9342714156.621613 4306749961.910370 -890324948.708846 -4116870395.115889 536.901058
397.928978 -1500.133651 -1339.423805 245.770475 1369.683672 -39.076912 536.901070
397.925284 -1500.359242 -1339.390218 245.764603 1369.689464 -39.084364 536.901091
-15143364750.813738 -9953798033.480614 9342681856.173859 4306727000.790939 -890315616.971027 -4116864613.559737 536.901106
397.940088 -1500.104503 -1339.413946 245.761009 1369.689524 -39.081257 536.901123
397.917560 -1500.296050 -1339.376589 245.754127 1369.701278 -39.070672 536.901151
397.931965 -1499.822016 -1339.472170 245.749123 1369.690152 -39.069047 536.901183
397.940533 -1500.156786 -1339.422287 245.756537 1369.696176 -39.071400 536.901200
-15143244231.759781 -9953723292.321436 9342613199.702919 4306668281.002621 -890293901.649356 -4116846137.729612 536.901203
397.940766 -1500.166777 -1339.423669 245.755297 1369.696666 -39.070782 536.901205
397.940753 -1500.172246 -1339.424415 245.754619 1369.696864 -39.070500 536.901205
397.940652 -1500.178033 -1339.425199 245.753902 1369.697030 -39.070234 536.901203
-15143483716.685396 -9953929206.974146 9342863437.398632 4306778741.773035 -890334192.910556 -4116869847.745864 536.901200
397.940183 -1500.190570 -1339.426882 245.752352 1369.697265 -39.069758 536.901193
397.939814 -1500.197322 -1339.427781 245.751517 1369.697332 -39.069546 536.901186
397.939354 -1500.204398 -1339.428718 245.750643 1369.697367 -39.069353 536.901176
397.938802 -1500.211800 -1339.429694 245.749729 1369.697368 -39.069179 536.901165
397.938157 -1500.219530 -1339.430710 245.748775 1369.697335 -39.069023 536.901151
-15143353174.810253 -9953815765.128271 9342719266.423431 4306718383.707763 -890312967.162826 -4116858750.230512 536.901136
397.936586 -1500.235977 -1339.432860 245.746745 1369.697165 -39.068768 536.901118
397.935657 -1500.244698 -1339.433995 245.745669 1369.697028 -39.068669 536.901099
397.934633 -1500.253751 -1339.435171 245.744551 1369.696856 -39.068589 536.901077
-15143361582.481319 -9953820733.210363 9342730330.588432 4306721146.453106 -890314943.548310 -4116857002.628851 536.901054
397.932292 -1500.272865 -1339.437644 245.742191 1369.696404 -39.068488 536.901028
397.930973 -1500.282927 -1339.438942 245.740948 1369.696124 -39.068467 536.901000
397.929555 -1500.293329 -1339.440281 245.739663 1369.695807 -39.068466 536.900970
-15143375546.431591 -9953822335.774330 9342736745.117662 4306722493.855321 -890315770.649467 -4116857731.341963 536.900939
397.926417 -1500.315156 -1339.443086 245.736964 1369.695062 -39.068526 536.900904
397.924695 -1500.326584 -1339.444552 245.735550 1369.694633 -39.068586 536.900867
-15143398261.826504 -9953822382.599857 9342734151.442871 4306730147.461467 -890318761.893194 -4116861448.054756 536.900828
397.920941 -1500.350478 -1339.447611 245.732593 1369.693661 -39.068768 536.900788
397.918907 -1500.362946 -1339.449205 245.731048 1369.693117 -39.068891 536.900744
397.931651 -1500.179448 -1339.426405 245.755751 1369.694857 -39.073074 536.900699
