900.106583 -1380.150175 -1119.720090 -859.238479 1091.719289 -80.782885 590.074408
900.105935 -1380.153291 -1119.717435 -859.237755 1091.719001 -80.783915 590.074368
900.105281 -1380.156263 -1119.714877 -859.237065 1091.718717 -80.784921 590.074331
900.104621 -1380.159090 -1119.712417 -859.236409 1091.718436 -80.785900 590.074295
900.103955 -1380.161771 -1119.710058 -859.235788 1091.718159 -80.786855 590.074262
900.103282 -1380.164305 -1119.707799 -859.235202 1091.717886 -80.787783 590.074231
900.102603 -1380.166691 -1119.705642 -859.234651 1091.717617 -80.788684 590.074202
900.101918 -1380.168928 -1119.703589 -859.234135 1091.717351 -80.789559 590.074174
900.101226 -1380.171013 -1119.701641 -859.233655 1091.717089 -80.790406 590.074149
900.100527 -1380.172948 -1119.699798 -859.233210 1091.716831 -80.791226 590.074125
900.099822 -1380.174730 -1119.698064 -859.232802 1091.716576 -80.792018 590.074104
900.099110 -1380.176357 -1119.696438 -859.232429 1091.716325 -80.792782 590.074084
900.098392 -1380.177830 -1119.694921 -859.232093 1091.716077 -80.793517 590.074066
900.097666 -1380.179147 -1119.693517 -859.231793 1091.715833 -80.794223 590.074049
900.096934 -1380.180307 -1119.692224 -859.231531 1091.715592 -80.794900 590.074035
900.096194 -1380.181308 -1119.691046 -859.231305 1091.715355 -80.795546 590.074022
900.095448 -1380.182150 -1119.689983 -859.231116 1091.715121 -80.796163 590.074010
14742840688.889511 -12873360545.637241 11280881589.352133 -6438759527.813266 5118256642.169565 -2102118292.506238 590.074001
900.093934 -1380.183352 -1119.688207 -859.230851 1091.714663 -80.797305 590.073993
14742801946.254332 -12873411146.841631 11280885417.971449 -6438727856.919581 5118247468.908610 -2102117169.597912 590.073983
900.092391 -1380.183903 -1119.686908 -859.230737 1091.714219 -80.798321 590.073981
900.091608 -1380.183932 -1119.686440 -859.230737 1091.714002 -80.798782 590.073977
14742789767.888611 -12873414172.088928 11280883490.870579 -6438721149.332158 5118244631.514863 -2102118319.015537 590.073977
14742781545.866974 -12873422363.688965 11280883760.474289 -6438715051.211611 5118242695.937748 -2102118546.386704 590.073974
900.089216 -1380.183018 -1119.685779 -859.230970 1091.713369 -80.799969 590.073975
14742746978.310726 -12873456114.911169 11280882974.663319 -6438689110.645981 5118234195.684546 -2102118526.222507 590.073976
900.077335 -1380.225926 -1119.686381 -859.227052 1091.716302 -80.794185 590.073995
14742736462.702969 -12873472155.217108 11280878493.693092 -6438677057.750597 5118229184.124260 -2102116932.142169 590.073974
900.087077 -1380.229892 -1119.685533 -859.237807 1091.718065 -80.803607 590.073996
900.076672 -1380.210253 -1119.667476 -859.220213 1091.702593 -80.792935 590.073954
900.089661 -1380.033213 -1119.725739 -859.269880 1091.703866 -80.806134 590.073987
14742738769.726236 -12873478330.036489 11280883895.407669 -6438676561.875251 5118229647.196621 -2102112708.372471 590.074045
900.100929 -1380.263098 -1119.675750 -859.239158 1091.712396 -80.792679 590.074109
900.081852 -1380.217916 -1119.669188 -859.228728 1091.710554 -80.798955 590.074047
900.076092 -1380.025607 -1119.720834 -859.261908 1091.709488 -80.805301 590.074052
14742515883.688089 -12873774365.729509 11280901700.822115 -6438486869.824925 5118173129.633413 -2102096534.302522 590.074130
900.098524 -1380.241260 -1119.681461 -859.219281 1091.714156 -80.792786 590.074130
900.085163 -1380.124333 -1119.721624 -859.272481 1091.711772 -80.813103 590.074089
14742387106.001513 -12873557713.464483 11280765767.575560 -6438470336.454383 5118135754.606441 -2102111999.244844 590.074074
900.063102 -1380.081230 -1119.713220 -859.239137 1091.713090 -80.799319 590.074116
14742446356.560436 -12873737628.557592 11280861161.231115 -6438459385.687216 5118153545.784141 -2102092665.183833 590.074184
900.078091 -1380.249392 -1119.662012 -859.227695 1091.721023 -80.793414 590.074151
14742916501.984518 -12872972931.600859 11280781976.773615 -6438895658.699349 5118274019.821344 -2102143591.992386 590.074132
14742917759.095982 -12872996563.773186 11280783676.063911 -6438885516.692787 5118271067.576378 -2102138738.669324 590.074184
14742927701.982676 -12873021267.159792 11280795091.066889 -6438885492.636404 5118272571.115466 -2102130597.598630 590.074233
900.112954 -1380.287917 -1119.658162 -859.220724 1091.713083 -80.781292 590.074151
900.084882 -1379.988472 -1119.735222 -859.266782 1091.707756 -80.821397 590.074089
900.072787 -1380.160136 -1119.694306 -859.186265 1091.711481 -80.793098 590.074170
900.121248 -1380.177811 -1119.681502 -859.277823 1091.713547 -80.798935 590.074224
900.103123 -1380.228027 -1119.688365 -859.227189 1091.708315 -80.797056 590.074177
900.079020 -1380.256818 -1119.693942 -859.218489 1091.712263 -80.799787 590.074136
900.100767 -1380.040114 -1119.712465 -859.281709 1091.707344 -80.807881 590.074089
14742466044.109009 -12874009458.874458 11280975363.889721 -6438415959.125652 5118166815.207685 -2102080203.597540 590.074136
900.103112 -1380.280372 -1119.658268 -859.210953 1091.709643 -80.792285 590.074106
900.107772 -1380.121607 -1119.699516 -859.283288 1091.711733 -80.808715 590.074068
900.063066 -1380.180062 -1119.691959 -859.221010 1091.712333 -80.793828 590.074053
900.105166 -1380.022799 -1119.717264 -859.275372 1091.711417 -80.806526 590.074082
14743238585.651117 -12873203754.552681 11280999160.404819 -6439014271.622749 5118362132.154069 -2102115633.507733 590.074131
900.092366 -1380.350187 -1119.669838 -859.179876 1091.713466 -80.774644 590.074086
900.084472 -1380.016891 -1119.725373 -859.311221 1091.710161 -80.814920 590.074006
900.070853 -1380.175197 -1119.694424 -859.228944 1091.711648 -80.794410 590.074049
900.100125 -1380.192160 -1119.671419 -859.207124 1091.718963 -80.784381 590.074068
900.132842 -1380.199870 -1119.678114 -859.231397 1091.714622 -80.793863 590.074077
14744080260.298925 -12872107869.008806 11280953798.542667 -6439712249.766487 5118569547.791692 -2102146404.975802 590.074031
900.100464 -1380.063958 -1119.704949 -859.241267 1091.712771 -80.814701 590.074040
900.107864 -1380.201087 -1119.684950 -859.224006 1091.703190 -80.802796 590.074094
900.102480 -1380.271983 -1119.676572 -859.214522 1091.722309 -80.794763 590.074081
900.098327 -1380.195416 -1119.687689 -859.239037 1091.720902 -80.795019 590.074013
900.086036 -1380.038246 -1119.715454 -859.262313 1091.708818 -80.825616 590.073981
900.090114 -1380.196532 -1119.701082 -859.217984 1091.710447 -80.793031 590.074047
900.121021 -1380.201748 -1119.668704 -859.245970 1091.711464 -80.798977 590.074032
900.093270 -1380.172999 -1119.705615 -859.252854 1091.710850 -80.804401 590.074003
14742989809.106953 -12873163367.801683 11280877321.012613 -6438889003.043787 5118292976.443876 -2102124854.462340 590.073973
900.103299 -1380.050213 -1119.700405 -859.260056 1091.704047 -80.802416 590.074000
900.073704 -1380.265870 -1119.682848 -859.223757 1091.713789 -80.802532 590.074067
900.092692 -1380.197530 -1119.672524 -859.214043 1091.721925 -80.799547 590.074026
900.074226 -1380.129865 -1119.704322 -859.249825 1091.711431 -80.780288 590.074029
900.074638 -1380.080980 -1119.717881 -859.234178 1091.708574 -80.805750 590.074057
14743112949.603643 -12872547450.018908 11280696144.142740 -6439093550.234677 5118315482.477189 -2102162773.033987 590.074117
900.126024 -1380.133103 -1119.691594 -859.262438 1091.711030 -80.788095 590.074048
900.093457 -1379.997742 -1119.756833 -859.258399 1091.705468 -80.811908 590.074031
900.072193 -1380.232201 -1119.681628 -859.206761 1091.704330 -80.791575 590.074082
900.105644 -1380.211943 -1119.670635 -859.271142 1091.715847 -80.796349 590.074092
900.062242 -1380.186034 -1119.685945 -859.237416 1091.712531 -80.795525 590.074047
14742237461.991121 -12873905718.785505 11280829910.706312 -6438309603.818156 5118099584.204121 -2102091821.039396 590.074071
900.102105 -1380.187132 -1119.703374 -859.249722 1091.722526 -80.789215 590.074135
900.070083 -1380.235476 -1119.678558 -859.228675 1091.715135 -80.794902 590.074081
900.079621 -1380.146424 -1119.701534 -859.268250 1091.712615 -80.796293 590.074069
900.091015 -1380.128118 -1119.694879 -859.255116 1091.711428 -80.787976 590.074068
14742341694.688824 -12874344766.096632 11281031270.665258 -6438267035.623506 5118135049.961780 -2102064849.466007 590.074087
900.103647 -1380.217295 -1119.684539 -859.261809 1091.710058 -80.809466 590.074098
900.092571 -1380.300714 -1119.662836 -859.226358 1091.715326 -80.780605 590.074046
900.093002 -1379.920975 -1119.736198 -859.286954 1091.700857 -80.813372 590.073983
900.063547 -1380.160268 -1119.718261 -859.209953 1091.707635 -80.799472 590.074105
900.098374 -1380.490684 -1119.608144 -859.182912 1091.721702 -80.771996 590.074130
900.119111 -1379.978651 -1119.708325 -859.309553 1091.710516 -80.806374 590.073998
900.070123 -1380.034311 -1119.734210 -859.210841 1091.713325 -80.818012 590.074059
900.081343 -1380.222872 -1119.675158 -859.163901 1091.710763 -80.770383 590.074148
900.125785 -1380.207461 -1119.676140 -859.334230 1091.720220 -80.796569 590.074184
900.064707 -1380.394304 -1119.676314 -859.144964 1091.713721 -80.784548 590.074076
900.086501 -1380.071007 -1119.709470 -859.250319 1091.706440 -80.803855 590.074001
14743844268.660500 -12871909009.578768 11280762452.767673 -6439631777.172372 5118502755.193694 -2102180797.728083 590.074058
900.084884 -1380.248971 -1119.676506 -859.186184 1091.707351 -80.795345 590.074144
900.098502 -1380.173666 -1119.689321 -859.245238 1091.715217 -80.813805 590.074144
900.091342 -1380.135252 -1119.693464 -859.235869 1091.706453 -80.800727 590.074128
900.072347 -1380.145137 -1119.691614 -859.218329 1091.708174 -80.792629 590.074161
900.123435 -1380.082394 -1119.706966 -859.253248 1091.712251 -80.803484 590.074215
14742720978.392859 -12872723456.359964 11280579027.589464 -6438829892.420484 5118205875.914656 -2102151329.919401 590.074224
900.086373 -1380.454570 -1119.645165 -859.135306 1091.707898 -80.781574 590.074164
900.110915 -1379.848193 -1119.742860 -859.316278 1091.710751 -80.830813 590.074071
900.072698 -1380.212083 -1119.700384 -859.179298 1091.710576 -80.793258 590.074195
14743382435.407877 -12872299175.612501 11280715081.283787 -6439289738.690686 5118381511.289892 -2102160343.050177 590.074207
900.129281 -1379.947685 -1119.718243 -859.334682 1091.707698 -80.822308 590.074169
900.063178 -1380.236867 -1119.698468 -859.166455 1091.714774 -80.800308 590.074220
14742803833.437464 -12873738873.652111 11281020079.655962 -6438655720.692381 5118251405.663257 -2102084742.129133 590.074227
900.133978 -1380.174768 -1119.689202 -859.293431 1091.715186 -80.800720 590.074212
900.088311 -1380.189379 -1119.687661 -859.225646 1091.712089 -80.800210 590.074136
900.078279 -1380.191024 -1119.701445 -859.202776 1091.699983 -80.800269 590.074136
900.118659 -1380.208790 -1119.684328 -859.239475 1091.700231 -80.803212 590.074155
14741938140.334028 -12874779511.102270 11281046977.762533 -6437954839.388121 5118036362.396070 -2102036345.943020 590.074122
900.086651 -1380.181088 -1119.698605 -859.252381 1091.710565 -80.800720 590.074055
900.073662 -1380.169072 -1119.699470 -859.225966 1091.711237 -80.811064 590.074036
900.078628 -1380.267770 -1119.668798 -859.211098 1091.715666 -80.787782 590.074052
900.101440 -1380.203290 -1119.700190 -859.226894 1091.713237 -80.794988 590.074027
14742003700.628666 -12874013178.279640 11280798299.175268 -6438178211.638442 5118050135.920390 -2102097338.155438 590.073988
900.076734 -1380.181824 -1119.701326 -859.215695 1091.709958 -80.796020 590.073972
14742220689.763805 -12874329834.737028 11281011422.992367 -6438224959.960060 5118113866.369022 -2102066926.421167 590.073982
900.100833 -1380.212927 -1119.691547 -859.263319 1091.724819 -80.802928 590.073874
14742759105.559414 -12873194945.270515 11280811985.377382 -6438781647.044583 5118245447.512247 -2102139453.916182 590.073801
900.082636 -1380.097947 -1119.707386 -859.247567 1091.715631 -80.798533 590.073788
14742404792.878860 -12873579015.803736 11280807332.249733 -6438500894.703422 5118154566.197768 -2102117083.857303 590.073823
900.102731 -1380.398240 -1119.630608 -859.232877 1091.718212 -80.780767 590.073864
14742840050.884743 -12873467531.295656 11280957869.064760 -6438768935.578422 5118276529.266260 -2102129464.299095 590.073747
900.091642 -1380.101792 -1119.712348 -859.268085 1091.720170 -80.802642 590.073706
900.084546 -1380.049355 -1119.712398 -859.269677 1091.711280 -80.807499 590.073706
14742796139.212580 -12872982090.656256 11280748691.885273 -6438847393.517733 5118250534.835032 -2102149273.830990 590.073762
900.122820 -1380.254416 -1119.644732 -859.259370 1091.705600 -80.793366 590.073656
900.099931 -1380.102980 -1119.692086 -859.261631 1091.712541 -80.799717 590.073609
900.068044 -1380.149957 -1119.694780 -859.221300 1091.718981 -80.793856 590.073636
14742345565.973066 -12874727620.299259 11281220737.803207 -6438212066.776073 5118163456.646691 -2102067071.872113 590.073670
900.101393 -1380.256358 -1119.662744 -859.250761 1091.706352 -80.803161 590.073625
900.085607 -1380.203736 -1119.677328 -859.203451 1091.712313 -80.794219 590.073579
900.096114 -1379.998239 -1119.712499 -859.266746 1091.710874 -80.816433 590.073594
900.084416 -1380.316807 -1119.663746 -859.187488 1091.713772 -80.789326 590.073678
900.124052 -1380.364704 -1119.635456 -859.201709 1091.716494 -80.783801 590.073631
14753880906.907177 -12865439475.420532 11282712389.923561 -6447685451.557144 5121878972.904945 -2105114991.793877 590.073533
900.070443 -1380.154650 -1119.703409 -859.195543 1091.711996 -80.796680 590.073586
900.084718 -1380.208863 -1119.684646 -859.233316 1091.704149 -80.794486 590.073628
900.101700 -1380.310648 -1119.653243 -859.260056 1091.732307 -80.790156 590.073622
900.115657 -1380.100229 -1119.679238 -859.272665 1091.718702 -80.803995 590.073511
14742342032.472401 -12873774360.453787 11280862591.949724 -6438420045.061560 5118145706.303407 -2102132699.087580 590.073526
900.150650 -1380.320566 -1119.649113 -859.252828 1091.713160 -80.769619 590.073579
900.156478 -1380.290644 -1119.654484 -859.255674 1091.718139 -80.778529 590.073447
900.070336 -1380.159395 -1119.730350 -859.175849 1091.688178 -80.790761 590.073319
14743082129.807438 -12872487766.660971 11280684688.880562 -6439113636.581037 5118328433.877955 -2102213083.236348 590.073363
900.022660 -1379.962341 -1119.746372 -859.274407 1091.724207 -80.869359 590.073643
900.070662 -1380.200957 -1119.702631 -859.239253 1091.730946 -80.852795 590.073762
900.149810 -1380.293416 -1119.671526 -859.269009 1091.714334 -80.754728 590.073718
900.163833 -1380.144116 -1119.675534 -859.457207 1091.712909 -80.748477 590.073572
900.198154 -1379.733312 -1119.769266 -859.569515 1091.706690 -80.789924 590.073415
14744283011.417368 -12871367317.105639 11280705757.025732 -6439990828.679664 5118611805.436416 -2102236053.467765 590.073375
900.046655 -1380.356961 -1119.698408 -859.150510 1091.671438 -80.785118 590.073196
899.909447 -1379.965486 -1119.845947 -859.154641 1091.644693 -80.858743 590.073185
899.593329 -1380.217180 -1120.136660 -858.733888 1091.606996 -80.851078 590.073455
899.354373 -1380.127118 -1120.047014 -858.552797 1091.640820 -80.859619 590.073785
899.304751 -1380.272565 -1119.942426 -858.565024 1091.669540 -80.826595 590.074582
14743392479.670105 -12874121615.552622 11281597931.099159 -6439029959.770230 5118468741.762368 -2101894561.424345 590.075395
899.549758 -1380.304527 -1119.784668 -858.764995 1091.690222 -80.711984 590.076160
899.486318 -1380.080264 -1119.693507 -859.546978 1091.745946 -80.504127 590.076765
899.640203 -1380.010591 -1119.620876 -860.676441 1091.781742 -80.475564 590.077196
899.907190 -1380.271354 -1119.494865 -862.606173 1091.768692 -79.821184 590.076925
14730381030.887251 -12880384023.644085 11277945147.165133 -6430381279.612840 5114990770.153865 -2101887114.875344 590.075320
900.365678 -1380.641919 -1118.520553 -862.990072 1091.769259 -78.178927 590.072863
900.592586 -1381.241639 -1117.608136 -861.885598 1091.771732 -74.670328 590.071566
900.788866 -1381.155096 -1117.914201 -860.880600 1091.765690 -76.114920 590.071526
900.982038 -1382.682126 -1117.085742 -859.884340 1091.748904 -75.069640 590.071475
901.285185 -1384.381218 -1116.240216 -859.112539 1091.747992 -76.040097 590.071747
901.419952 -1387.777359 -1115.524169 -858.294180 1091.726047 -78.014384 590.071877
901.663422 -1393.176273 -1115.433010 -857.750584 1091.686028 -79.824085 590.070753
902.089522 -1400.233553 -1115.677690 -857.708381 1091.694891 -82.096108 590.066273
902.527668 -1409.273097 -1116.400506 -857.747414 1091.676901 -88.044508 590.056710
903.157445 -1418.718913 -1117.031305 -857.868395 1091.646472 -96.095127 590.040327
902.862300 -1405.563482 -1118.612613 -856.521161 1091.606598 -95.190379 590.016813
903.343788 -1415.377733 -1119.184877 -857.134654 1091.582378 -104.682646 589.999548
903.512451 -1427.173500 -1120.075121 -858.986915 1091.515459 -117.975930 589.974887
14755484798.283190 -12846599484.856407 11279560764.717787 -6457229564.913479 5121778836.854426 -2103810168.842830 589.940686
902.589791 -1447.857454 -1123.410196 -869.383076 1091.400997 -139.174265 589.895236
901.769117 -1451.780540 -1124.899691 -878.275313 1091.339959 -145.349680 589.839918
901.256536 -1449.196789 -1126.185076 -885.883465 1091.257585 -145.578044 589.776767
900.689691 -1441.697822 -1127.469436 -890.957431 1091.225136 -142.748364 589.710359
899.956361 -1426.473252 -1128.858873 -895.163615 1091.247440 -134.456594 589.644707
899.269989 -1408.587412 -1130.055658 -900.033661 1091.916295 -123.735678 589.584647
898.841782 -1385.059368 -1130.731208 -899.437232 1093.121826 -110.896757 589.531231
898.375870 -1367.251308 -1131.328017 -896.999478 1094.089991 -97.136004 589.491869
898.103248 -1353.725128 -1131.247754 -890.333386 1095.145478 -79.140280 589.470239
897.292917 -1338.903792 -1130.082309 -883.882379 1094.911208 -56.462802 589.472174
14671796666.257141 -13079409847.206232 11303246402.354139 -6381167272.038852 5094911073.787804 -2093046438.803243 589.503336
14668788096.340174 -13095221979.040981 11304413994.997374 -6370631468.921506 5093339698.295198 -2091054874.417952 589.569156
14665355460.585779 -13113488912.722095 11306725575.202360 -6357213369.830443 5091854364.735256 -2089127694.638920 589.674398
895.721679 -1262.443910 -1121.810367 -847.410217 1090.828818 56.213947 589.819427
896.187101 -1242.455717 -1122.611200 -838.770438 1090.336568 83.711030 590.001041
896.757298 -1221.373294 -1123.556522 -829.237314 1089.921021 109.691145 590.218326
896.898411 -1199.205223 -1124.274115 -818.188317 1089.146925 134.146013 590.473062
897.142495 -1176.685283 -1126.071386 -805.294616 1088.626464 156.964251 590.768623
15009709068.142210 -12476882445.595959 11213127386.489023 -6592559654.920404 5164955784.760015 -2077270619.402458 591.104697
897.649414 -1133.788966 -1135.500266 -773.557323 1087.881853 197.283381 591.479985
896.637596 -1111.982854 -1141.876791 -753.072611 1087.786533 211.622402 591.891864
15312579097.626825 -11686261738.537094 11062299707.320372 -6845257324.651318 5215458267.832379 -2022350586.471144 592.344198
891.285039 -1066.136698 -1156.127268 -706.991809 1091.445316 236.973182 592.838553
15419282670.455345 -11374189079.347971 11011536240.050291 -6918362694.502323 5232430017.021606 -1986260835.234955 593.375557
15398715850.808239 -10654828405.338270 10743662814.190170 -7025683985.354922 5200000343.841651 -1956063071.239432 593.955411
873.645186 -998.565938 -1176.206669 -622.973928 1119.182908 277.103877 594.576868
867.367331 -978.304369 -1184.147262 -591.062950 1131.448732 287.695524 595.235830
861.644702 -959.681979 -1193.137125 -555.701179 1138.790872 297.103690 595.930683
856.196733 -942.049730 -1201.697671 -519.189397 1136.739201 304.535744 596.664943
15383145261.215816 -10605712818.609453 10822531770.241566 -6896032617.891104 5184019817.605120 -1827540581.068753 597.447807
850.511908 -913.081829 -1219.084173 -438.387356 1108.147884 314.181005 598.288720
15249113169.367609 -10437468784.191841 10766256814.016317 -6801558120.740835 5135767326.675146 -1751770324.440225 599.187557
853.185679 -894.452935 -1243.956631 -346.559949 1081.084529 327.626122 600.135401
859.098759 -887.087659 -1258.768626 -294.918594 1068.945090 333.827924 601.128139
867.228930 -880.943567 -1274.160507 -239.507774 1057.514116 337.320491 602.161213
877.605150 -875.865028 -1290.727409 -179.153689 1046.749742 334.586901 603.232658
891.939230 -871.018721 -1308.365930 -115.994358 1036.759237 327.912076 604.337838
14643364886.069645 -10242853923.480778 10750706251.037561 -6362470772.589762 4962209173.854878 -1477192401.637446 605.472372
932.114294 -860.579239 -1346.010515 20.259403 1018.630985 302.523403 606.632932
958.243064 -856.188901 -1365.008878 99.012049 1010.739430 290.924511 607.817474
989.393707 -851.173140 -1387.075751 183.912585 1003.534311 274.428816 609.025366
1024.597253 -845.317372 -1410.502176 276.719579 997.063979 254.383674 610.251835
1064.746895 -839.272029 -1435.324768 375.823562 991.324838 230.980865 611.493065
1107.271605 -833.207993 -1460.416932 478.206377 986.291798 199.441594 612.744930
1155.148075 -827.036314 -1487.250707 590.216839 981.979419 157.427307 614.004125
1201.096244 -821.117531 -1510.926320 691.666920 978.479063 115.159423 615.257357
1252.360173 -816.714695 -1537.341878 803.601504 975.698540 64.316064 616.505577
1308.082596 -824.895622 -1563.135101 914.316324 973.785641 -7.104287 617.731337
1364.631110 -826.566592 -1591.514351 1028.298526 972.331933 -69.908930 618.914644
11991480514.988699 -10028314890.126537 10893966507.903055 -4693535356.759211 4197216871.290499 -526620434.823613 620.046966
1487.485086 -829.656392 -1648.225110 1260.244129 971.465777 -191.117136 621.117214
1550.918988 -831.257608 -1675.277740 1374.627161 971.555228 -244.597485 622.115879
1615.120315 -833.764200 -1702.263057 1488.989831 971.613409 -292.729738 623.034905
1678.183162 -837.550205 -1727.979978 1600.827809 971.100174 -337.980819 623.863970
1739.503401 -841.087528 -1751.039354 1706.600615 972.480463 -377.327787 624.590335
1798.589338 -846.152040 -1771.908704 1809.270121 976.820335 -413.367084 625.208532
1854.479031 -850.660279 -1790.712446 1909.801739 982.003712 -444.061760 625.709751
1905.880904 -857.056854 -1807.115580 2002.108257 987.072606 -469.546328 626.087002
1952.230167 -864.099300 -1822.410857 2091.219513 992.158140 -488.040341 626.339573
1992.206377 -872.733966 -1836.599356 2172.233969 996.917079 -500.639976 626.462630
2026.354114 -882.292298 -1850.491281 2247.065343 1002.307809 -508.319673 626.453844
2053.892384 -893.297074 -1865.214297 2317.693310 1006.991157 -514.714430 626.313936
9779069040.506119 -8237541714.609467 11731102960.810671 -3550904643.891284 3505114203.418639 657661894.473474 626.038351
2088.775380 -919.482322 -1894.070496 2437.357708 1016.045990 -528.621766 625.624875
2095.606669 -932.218882 -1904.878810 2489.027683 1019.268274 -539.199358 625.080073
2094.721973 -945.297488 -1914.387345 2537.581538 1023.718164 -554.471584 624.418901
2086.723823 -959.261832 -1923.034976 2578.574300 1029.241273 -569.031515 623.643349
8635469744.016340 -7415775711.071896 11883498140.152510 -2806367828.864317 3108924364.338871 1101499173.350896 622.770123
2045.690303 -989.856071 -1938.607506 2655.200036 1050.651973 -616.968307 621.795955
2013.612369 -1005.207646 -1941.808373 2687.722692 1065.620187 -649.075678 620.729912
1974.065584 -1020.185093 -1940.341826 2718.006354 1083.496110 -682.639870 619.585021
1929.072957 -1035.634357 -1935.524680 2740.025981 1103.577914 -713.820926 618.366731
1878.544303 -1052.471915 -1927.882853 2755.195092 1122.493017 -741.933130 617.090104
1823.707876 -1069.954828 -1917.667513 2763.988153 1139.365901 -763.709676 615.766082
7299962266.364162 -6170158735.764586 12017624622.748259 -1656862635.274807 2504642419.746486 1798104048.251985 614.406988
1705.463530 -1107.854076 -1893.866928 2756.571158 1146.862819 -795.813613 613.029127
1643.926146 -1126.975068 -1879.873590 2742.293944 1132.012187 -803.399704 611.650205
1580.897600 -1145.748474 -1864.218728 2722.115228 1109.633640 -804.551487 610.292929
1518.266463 -1163.557603 -1848.107314 2696.551643 1089.436436 -797.797378 608.968292
1458.559411 -1179.836664 -1832.809082 2667.890661 1078.376281 -784.972653 607.676351
1401.915192 -1194.640488 -1819.868970 2634.539841 1083.349102 -766.324723 606.405561
1349.105796 -1211.800207 -1808.543015 2601.200030 1100.664233 -744.389442 605.022282
1297.196782 -1226.507011 -1795.469933 2571.793620 1117.098538 -716.917451 603.952179
1247.371939 -1236.735076 -1783.969908 2535.417973 1134.532088 -692.124864 602.661369
1199.788054 -1243.059583 -1770.414433 2503.312587 1150.174307 -669.796064 601.450036
1154.935430 -1244.646262 -1756.866337 2473.973673 1164.708149 -649.109583 600.268667
1115.255061 -1240.113602 -1742.112955 2448.789223 1178.169924 -630.192588 599.113282
1078.162920 -1231.744477 -1726.071659 2431.223629 1190.116900 -614.279455 598.000443
1046.612870 -1222.301536 -1710.499098 2421.129845 1201.506762 -602.990171 596.925869
1018.655997 -1212.561022 -1695.761213 2413.044180 1211.271135 -595.491465 595.885092
996.507425 -1201.773595 -1681.038007 2406.081903 1219.983117 -596.626945 594.866869
976.031362 -1192.006318 -1665.729452 2399.732332 1227.225013 -606.001889 593.875214
957.077827 -1184.836956 -1650.969646 2391.163970 1231.532856 -621.180844 592.905823
939.144375 -1179.121187 -1636.538619 2379.700429 1233.731471 -643.023792 591.957915
923.044478 -1174.845122 -1623.468331 2369.329808 1232.390797 -667.635258 591.035809
-1248507827.339032 -5450231303.636420 11065198306.085140 4606420097.897707 17880362.742615 1756941688.618923 590.114258
894.642206 -1170.894930 -1600.938238 2338.283121 1225.809505 -716.982343 589.250717
-3515729662.422419 -5889171070.290549 10371779076.099077 6453093335.223555 -703187389.466890 1535503042.158887 588.379425
867.213463 -1171.525839 -1584.170854 2294.065967 1230.125958 -747.640942 587.522239
-5597540617.564583 -6262586235.740449 9658779553.853935 8114309895.709501 -1348449143.559930 1279857323.008555 586.669676
836.016384 -1172.102894 -1565.549865 2230.585056 1244.956925 -741.890127 585.833195
815.519525 -1171.361302 -1554.327810 2188.428345 1250.927896 -725.460401 585.022276
-5906371172.622375 -5974302648.774461 9542879979.737141 8173715849.398878 -1353033658.891827 1137749248.789085 584.257704
763.053754 -1171.232342 -1528.654866 2093.413428 1258.145393 -674.939829 583.548624
731.146998 -1172.865963 -1513.934318 2038.861565 1258.891711 -645.752890 582.907150
-6425240772.269186 -5801531075.106027 9312893340.195314 8406409021.586147 -1433321642.104609 960226931.372582 582.350056
615.871782 -1203.656834 -1484.648124 1930.646366 1254.172620 -602.932325 582.027149
582.086943 -1210.918244 -1471.948479 1865.840389 1234.759487 -571.380160 581.632298
544.007233 -1222.669765 -1460.917486 1802.461273 1210.689584 -545.453045 581.350612
-7301087676.770619 -5701290248.608021 8819973637.912775 8951529190.062227 -1650903133.498080 715999691.224466 581.164374
460.732417 -1248.956350 -1438.114200 1668.701888 1163.636551 -515.017488 581.090395
417.285162 -1263.544729 -1427.500204 1605.121860 1149.468322 -511.702609 581.116232
335.103999 -1295.119837 -1415.315450 1542.390959 1173.747056 -516.609196 581.355755
297.479831 -1307.020190 -1406.164674 1479.912311 1173.683466 -524.522272 581.518328
259.130135 -1317.939426 -1397.522780 1421.699850 1191.422683 -534.944575 581.747125
219.816044 -1329.750075 -1390.606453 1368.101156 1222.834768 -547.046351 582.026057
181.247112 -1341.547668 -1383.034258 1315.463027 1255.133525 -559.014484 582.323158
140.094096 -1354.384035 -1374.531196 1269.661031 1286.628334 -579.573311 582.659107
100.000564 -1368.632957 -1364.634628 1218.500186 1314.398061 -599.618796 582.999136
-8152972178.469586 -5431997738.477590 8203086551.911675 8903053346.149632 -1633958605.119973 234932632.578313 583.364546
23.471620 -1402.385446 -1342.614124 1116.922596 1349.279221 -633.730505 583.738509
-12.837908 -1422.572413 -1331.381067 1060.415372 1356.269969 -642.835372 584.140163
-46.784138 -1444.540989 -1320.959280 1002.104378 1359.272997 -644.529394 584.571465
-78.527774 -1468.032264 -1311.699336 944.327800 1359.656195 -640.658294 585.038418
-108.521622 -1495.197530 -1303.746603 886.885623 1361.199303 -633.693749 585.541798
-136.245392 -1523.425897 -1297.153459 833.459727 1371.489311 -623.331261 586.077202
-162.835314 -1552.858894 -1292.194658 781.770937 1393.315093 -610.367970 586.630381
-186.264102 -1582.512165 -1289.379212 732.409535 1425.746559 -594.735727 587.178523
-206.879402 -1612.640335 -1287.733743 685.334437 1465.561573 -575.537690 587.702961
-225.429266 -1643.021115 -1285.446270 640.170863 1505.126621 -559.985909 588.189334
-242.434055 -1673.444391 -1282.377916 605.751715 1541.298302 -548.602064 588.635278
-256.732732 -1704.623123 -1278.336613 570.452003 1570.200735 -539.832214 589.036388
-270.931553 -1740.635508 -1274.322845 532.828151 1585.924969 -533.426398 589.404135
-282.838600 -1781.318450 -1270.107671 494.476170 1595.365527 -530.862205 589.746238
-293.210788 -1823.367156 -1265.628121 455.943266 1602.447150 -533.209967 590.066841
-302.072255 -1867.264988 -1261.529955 415.144039 1608.445844 -537.303425 590.361928
-308.101792 -1911.697611 -1257.492386 371.748833 1616.334817 -542.607075 590.625769
-313.617969 -1956.686254 -1254.568169 326.754076 1628.476815 -547.232050 590.863757
-318.173706 -2000.431696 -1252.258938 278.346349 1640.111945 -549.179068 591.064031
-323.589672 -2041.007945 -1250.639148 227.279025 1647.818847 -549.449357 591.234840
-328.634948 -2078.483051 -1250.079407 176.350746 1652.401538 -551.822101 591.386370
-15645382755.725824 -8217807159.402785 5579616290.687449 10250367948.372318 -2044879785.279646 -2649505792.496797 591.517000
-339.643511 -2142.996342 -1251.558583 69.260878 1651.768931 -544.173965 591.639437
-345.748892 -2170.711613 -1254.429562 15.974348 1648.935593 -534.699326 591.759551
-352.778691 -2194.002678 -1258.040785 -38.888185 1645.084707 -521.194955 591.876591
-359.623633 -2212.513620 -1262.289661 -94.689322 1642.620663 -506.484704 591.995318
-367.981385 -2227.030707 -1266.921717 -150.088475 1641.420185 -489.976160 592.120107
-376.373463 -2236.398425 -1270.665479 -204.892115 1639.579634 -472.157136 592.249490
-385.183932 -2240.445474 -1273.051476 -256.952586 1634.657387 -454.556091 592.390231
-393.945389 -2239.915546 -1272.976189 -305.658413 1622.179393 -438.017318 592.548411
-402.147531 -2235.394228 -1270.822390 -350.759781 1602.967281 -422.298329 592.736619
-17347970220.697338 -9248615758.852766 5866145178.494124 9338517186.672932 -1650577659.772172 -3268516141.652199 592.965492
-416.780944 -2220.181046 -1259.305817 -430.799054 1553.463894 -395.275593 593.242499
-421.098780 -2211.000791 -1252.006318 -463.953457 1524.412393 -387.612233 593.571480
-422.242954 -2199.178749 -1244.994958 -491.783514 1493.818933 -384.844844 593.950903
-426.377719 -2177.711712 -1244.444992 -522.520152 1464.549141 -384.758478 594.378427
-413.474735 -2172.735553 -1224.688309 -530.183902 1443.739780 -386.361174 594.848320
-365.992388 -2123.519334 -1231.948607 -542.727283 1405.683996 -372.833440 595.314281
-17632312512.714588 -9710222926.013067 5985562025.010826 8159803437.112615 -1242832926.014498 -3546554659.046641 595.842657
-327.114460 -2055.672509 -1227.529255 -545.076741 1387.208339 -380.577379 596.383093
-305.012234 -2016.451946 -1226.639153 -536.366572 1393.488067 -380.148382 596.922370
-280.396694 -1975.061091 -1226.153669 -521.903264 1405.935918 -376.352552 597.445287
-17681337565.652554 -9965137558.699203 6028943372.862886 7686507853.375117 -1081245951.446077 -3628257581.549076 597.943847
-191.351711 -1863.800362 -1228.348405 -473.810986 1402.543627 -363.990051 598.402069
-17415180709.638729 -9975127066.354853 6065647630.995700 7380336131.813870 -993202021.157714 -3588109535.200427 598.873564
-124.237173 -1765.134330 -1225.993103 -408.300413 1408.929582 -355.627132 599.324157
-89.953998 -1716.855016 -1222.442451 -371.659739 1395.079393 -356.517697 599.767821
-56.573007 -1670.537866 -1218.434995 -333.323902 1377.987964 -360.250140 600.221521
-16770622755.654081 -9972234819.713385 6202010921.758060 6788931935.036351 -822430571.512045 -3480092577.904250 600.689252
14.091813 -1585.140526 -1213.156572 -250.529535 1340.274358 -366.084196 601.170544
49.926073 -1547.323802 -1211.680014 -207.454282 1322.818037 -366.878423 601.663430
-16514226905.998499 -10025127960.960348 6189501255.834185 6577220328.242526 -766619180.014148 -3443151527.046097 602.164594
121.625504 -1475.220369 -1213.308388 -114.460349 1304.056658 -364.854419 602.665340
156.144251 -1443.371833 -1215.370166 -67.090215 1302.401776 -363.568235 603.156625
189.173507 -1415.080528 -1217.698923 -20.390599 1306.045579 -362.190373 603.630048
220.344218 -1386.361183 -1220.487812 22.454454 1313.259595 -361.096805 604.137839
250.461036 -1371.896193 -1220.791781 67.803125 1316.320240 -359.907414 604.509202
279.563442 -1360.989571 -1224.082398 107.912007 1315.397715 -359.818533 604.886946
306.848572 -1356.275290 -1225.426905 145.696939 1311.391440 -360.959562 605.258776
332.213792 -1354.887649 -1226.794659 180.369799 1304.780978 -365.820737 605.612786
355.993666 -1356.267996 -1229.015621 211.106633 1297.490661 -370.883157 605.949754
378.335198 -1361.586029 -1232.727894 238.096720 1291.031502 -373.708697 606.268010
397.560837 -1372.423928 -1237.721655 261.468288 1285.641790 -375.234711 606.562214
-15526387707.968851 -10073226875.961250 6155990344.517135 6228757592.780446 -705039809.139072 -3211362402.962486 606.827778
430.844922 -1402.850280 -1248.945289 298.913040 1287.612939 -378.215327 607.059052
444.353518 -1420.071190 -1255.719879 314.228722 1293.595989 -379.617247 607.251126
456.030663 -1435.738053 -1262.771701 326.864354 1301.762613 -380.522314 607.400319
465.186273 -1449.481503 -1270.182334 337.794312 1308.987588 -382.100144 607.506269
472.807033 -1461.049021 -1277.302704 344.596791 1311.181187 -383.474079 607.572789
-15363270963.309160 -10084219830.969664 6084211204.101753 6146738848.892573 -686436864.234988 -3206076154.098204 607.610874
482.971887 -1481.895999 -1292.920043 349.278224 1311.260990 -386.648947 607.625016
485.544758 -1490.594895 -1300.522711 347.056457 1311.281946 -385.483386 607.616534
486.434424 -1498.573343 -1308.215530 342.891915 1311.223926 -384.156354 607.589673
486.593405 -1504.537933 -1315.304953 338.190081 1311.151671 -382.901147 607.546373
-15171874988.692743 -10056375667.507174 6169418041.499190 6127065014.542073 -687012372.599567 -3117740765.293533 607.489423
484.099660 -1508.335060 -1326.217337 323.843610 1310.861499 -381.649607 607.424375
-15106820394.563643 -10018696654.596102 6155392126.274122 6127915546.788601 -694049236.920249 -3087826457.321053 607.353409
478.819134 -1508.683143 -1331.423766 310.808500 1310.516819 -380.002237 607.280585
-15152317819.398645 -9982921009.115875 6020917757.883497 6134892473.684080 -704009149.607069 -3121326124.394228 607.208328
474.872413 -1505.629659 -1331.302681 304.964275 1310.176630 -379.482894 607.137956
473.781256 -1503.045521 -1330.176460 302.601723 1310.018816 -379.279378 607.071640
-15147353552.033070 -9973661742.776176 6011161900.162074 6108233664.144043 -695888278.129019 -3126140142.697919 607.009883
474.161863 -1495.715099 -1328.750743 298.870560 1309.767923 -378.788666 606.952908
476.015554 -1492.128398 -1330.058042 298.066166 1309.629766 -378.515047 606.898676
478.444312 -1487.574630 -1331.987979 297.887649 1309.491637 -378.253074 606.844005
481.231698 -1482.906888 -1334.367051 298.409773 1309.366136 -378.181950 606.788128
484.911971 -1475.878606 -1338.315770 298.966737 1309.237025 -377.944459 606.730019
-15139846672.411850 -9973041565.421329 6028567798.118633 6059924822.866827 -678403679.917751 -3130538259.137501 606.668539
489.816809 -1465.069337 -1343.119603 301.177632 1308.920578 -377.981811 606.605047
490.963106 -1460.178536 -1344.647657 303.153256 1308.763493 -378.012979 606.540334
-15115920443.415470 -9962231683.745785 6053056030.630341 6036693696.862617 -670486712.198148 -3120850529.809532 606.475415
490.693841 -1450.275003 -1344.678130 305.957264 1308.479814 -377.737037 606.412574
489.869065 -1444.719655 -1343.589579 306.783600 1308.356176 -377.584858 606.353285
488.581868 -1438.012920 -1341.959389 306.870856 1308.242426 -377.478894 606.299194
-15070929806.594658 -9921309631.791393 6037872337.181013 6002373586.601158 -663073857.800310 -3112358636.877792 606.252148
485.737872 -1422.225093 -1338.279128 306.837457 1308.054136 -377.393346 606.212820
484.583678 -1414.242238 -1336.732925 306.412734 1307.993822 -377.559558 606.182068
483.834684 -1406.653134 -1335.978705 305.848300 1307.944104 -377.686958 606.159096
483.477942 -1399.726729 -1335.800429 305.564521 1307.900357 -377.684820 606.142551
483.353672 -1393.494402 -1335.802803 305.646935 1307.876223 -377.687163 606.131216
483.261117 -1387.922078 -1335.713727 305.997741 1307.871680 -377.723828 606.124463
483.118317 -1383.687456 -1335.690373 306.248692 1307.880082 -377.732752 606.122233
482.974540 -1380.411788 -1335.660424 306.654506 1307.883024 -377.779482 606.123776
482.876568 -1378.215159 -1335.662006 307.007941 1307.907289 -377.780379 606.128491
482.740014 -1376.900926 -1335.673609 307.280508 1307.930961 -377.836452 606.135419
482.561943 -1376.302840 -1335.694873 307.319246 1307.967015 -377.898294 606.143715
482.425302 -1376.121296 -1335.667692 307.051917 1308.006027 -377.912605 606.152659
482.277894 -1376.802704 -1335.666566 306.189869 1308.039063 -377.960411 606.161929
482.099876 -1378.057683 -1335.623308 305.635656 1308.079486 -377.995262 606.170668
481.865502 -1379.238502 -1335.625965 305.586078 1308.107394 -378.010872 606.178281
481.597426 -1380.767579 -1335.600708 305.715220 1308.136317 -378.056545 606.184766
481.347590 -1382.802431 -1335.561249 306.019643 1308.169828 -378.117037 606.189815
-15055581743.254793 -9902827917.719053 6019274519.892988 5999354693.044431 -664792182.428642 -3109259106.870462 606.192966
480.811974 -1385.467982 -1335.567471 306.869422 1308.190463 -378.249689 606.194568
480.518298 -1386.129322 -1335.500444 307.117961 1308.204074 -378.272644 606.195311
480.243366 -1386.091152 -1335.644077 306.921511 1308.220266 -378.358421 606.195638
480.136280 -1386.226978 -1335.550731 306.612498 1308.222884 -378.405840 606.195934
480.282921 -1386.284976 -1335.564866 306.434966 1308.224189 -378.423620 606.196363
480.775269 -1386.056765 -1335.645665 306.072444 1308.231993 -378.424509 606.196677
481.156805 -1386.096394 -1335.659511 305.393531 1308.229904 -378.474541 606.196889
481.312259 -1386.248620 -1335.603241 305.190993 1308.247625 -378.515666 606.197008
481.313088 -1386.102290 -1335.671746 304.981714 1308.239582 -378.412063 606.197006
481.312408 -1386.122313 -1335.677150 305.228921 1308.226742 -378.384005 606.197138
481.322332 -1386.260329 -1335.533119 305.808242 1308.213291 -378.291533 606.197212
481.235319 -1386.159080 -1335.632715 306.135020 1308.203725 -378.300887 606.197268
481.207469 -1386.107403 -1335.700543 306.169069 1308.202373 -378.329606 606.197238
481.234782 -1386.180564 -1335.595830 306.158152 1308.206324 -378.316925 606.197152
481.218433 -1386.181585 -1335.627117 306.111346 1308.206337 -378.302614 606.197141
481.237134 -1386.180056 -1335.629442 305.994015 1308.209273 -378.300975 606.197110
-15058691487.763584 -9899047289.964191 6006442219.579579 6000390739.883140 -665889321.249764 -3112225481.920773 606.197093
481.254358 -1386.200965 -1335.619670 305.832573 1308.215827 -378.298568 606.197101
481.249858 -1386.212590 -1335.626530 305.911183 1308.203436 -378.304887 606.197106
481.245156 -1386.165125 -1335.686676 305.932414 1308.207150 -378.308791 606.197088
481.252848 -1386.126482 -1335.654148 305.921471 1308.194471 -378.297386 606.197014
481.259750 -1386.236462 -1335.595687 305.919931 1308.193867 -378.298575 606.197042
-15066257022.234058 -9901997041.552937 6004548784.147676 6005344304.033553 -667341558.926750 -3113723996.829312 606.197056
481.262067 -1386.135056 -1335.645908 305.870312 1308.204844 -378.314859 606.197051
481.250862 -1386.193819 -1335.615923 305.882169 1308.199874 -378.304722 606.197070
-15058886298.699932 -9899845022.116684 6008115198.007325 6000244560.326122 -665691243.581110 -3112111895.557573 606.197096
481.220465 -1386.184781 -1335.629567 305.990787 1308.195414 -378.308014 606.197112
481.233786 -1386.182576 -1335.633404 305.949743 1308.206719 -378.291644 606.197118
481.228240 -1386.191734 -1335.636947 305.932749 1308.209569 -378.297304 606.197114
481.258136 -1386.162076 -1335.645131 305.893258 1308.208952 -378.315241 606.197097
481.281628 -1386.188082 -1335.601234 305.886964 1308.208874 -378.296475 606.197084
481.264219 -1386.184936 -1335.634665 305.850755 1308.210489 -378.309524 606.197107
481.237571 -1386.105595 -1335.659517 305.880784 1308.204945 -378.307084 606.197096
481.255847 -1386.147920 -1335.671405 305.895868 1308.216730 -378.312120 606.197133
481.226243 -1386.254339 -1335.597395 305.928483 1308.203763 -378.298874 606.197086
481.203262 -1386.154856 -1335.658813 305.967836 1308.204119 -378.312244 606.197082
481.249029 -1386.156670 -1335.678255 305.903554 1308.212000 -378.304943 606.197072
481.247030 -1386.181011 -1335.622422 305.904385 1308.212693 -378.295541 606.197018
-15058857144.877899 -9899835462.746058 6008163249.927384 6000213361.711850 -665678361.795982 -3112104876.858001 606.197025
481.257299 -1386.168223 -1335.663510 305.891250 1308.218301 -378.296614 606.196996
481.270680 -1386.188942 -1335.664518 305.905212 1308.218619 -378.288429 606.196945
481.246067 -1386.176283 -1335.667075 305.918929 1308.213110 -378.301753 606.196867
-15058997258.364855 -9899740323.544024 6007813618.887141 6000297345.037993 -665727900.494963 -3112181822.809546 606.196808
-15058997243.014391 -9899741950.666775 6007810630.492958 6000297389.775622 -665728273.063614 -3112183842.821679 606.196814
-15059000476.831091 -9899741105.932823 6007812996.269765 6000302447.109526 -665729914.566119 -3112183238.238778 606.196818
481.231404 -1386.178661 -1335.633792 305.936859 1308.212046 -378.301733 606.196759
481.245001 -1386.143438 -1335.688627 305.906751 1308.209867 -378.320771 606.196751
481.255348 -1386.197045 -1335.617987 305.911399 1308.210163 -378.305017 606.196691
481.234991 -1386.136987 -1335.646528 305.900355 1308.214156 -378.313286 606.196686
-15058939838.285917 -9899755446.309307 6007952147.095060 6000289705.265143 -665719970.382926 -3112136475.501359 606.196697
481.264065 -1386.232221 -1335.585094 305.926887 1308.212865 -378.292431 606.196657
481.229594 -1386.093266 -1335.712739 305.929884 1308.215372 -378.322408 606.196660
481.240388 -1386.120362 -1335.688560 305.903093 1308.214595 -378.317323 606.196603
481.247318 -1386.245167 -1335.555824 305.936435 1308.212067 -378.289276 606.196563
481.212059 -1386.105140 -1335.702202 305.940106 1308.208984 -378.310284 606.196606
481.234371 -1386.104940 -1335.686070 305.907608 1308.210417 -378.321603 606.196574
481.243479 -1386.280766 -1335.574773 305.922003 1308.208998 -378.306954 606.196557
481.204789 -1386.141652 -1335.662008 305.955047 1308.215179 -378.304334 606.196547
481.228248 -1386.096628 -1335.666855 305.889686 1308.209247 -378.324813 606.196534
481.254638 -1386.193408 -1335.593622 305.914988 1308.210652 -378.306693 606.196560
481.244966 -1386.236502 -1335.541710 305.944447 1308.218061 -378.282701 606.196592
-15058875965.517078 -9899955919.637917 6008524282.508228 6000288272.008488 -665681687.978172 -3112020914.803495 606.196654
481.254952 -1386.207679 -1335.578121 305.888870 1308.213715 -378.308223 606.196634
481.236965 -1386.200396 -1335.596915 305.915229 1308.216034 -378.293786 606.196678
481.243490 -1386.101207 -1335.717473 305.900266 1308.209440 -378.317517 606.196705
481.262062 -1386.172290 -1335.603432 305.897560 1308.215261 -378.309793 606.196645
-15059231453.103622 -9899724004.350231 6007545338.820395 6000453561.938638 -665790960.504549 -3112256762.249712 606.196675
481.228441 -1386.141498 -1335.672078 305.893262 1308.203550 -378.314484 606.196659
481.255061 -1386.190947 -1335.613422 305.922035 1308.197041 -378.309832 606.196649
481.219793 -1386.151961 -1335.660731 305.888482 1308.206430 -378.319764 606.196669
481.235591 -1386.159662 -1335.620199 305.929177 1308.208648 -378.304346 606.196666
481.248914 -1386.215901 -1335.619226 305.920810 1308.208584 -378.314333 606.196698
481.228039 -1386.152312 -1335.635461 305.905190 1308.207978 -378.306125 606.196675
481.233895 -1386.084873 -1335.699922 305.915763 1308.205275 -378.313589 606.196701
481.256540 -1386.209034 -1335.613285 305.915579 1308.204755 -378.295604 606.196689
481.236172 -1386.220985 -1335.595424 305.953701 1308.211022 -378.286424 606.196690
481.223551 -1386.081003 -1335.712161 305.901135 1308.207375 -378.310208 606.196700
-15059160178.078003 -9899866386.104124 6008012365.901515 6000427385.898309 -665751206.968536 -3112161095.578535 606.196681
481.226762 -1386.177248 -1335.639864 305.914744 1308.214030 -378.301506 606.196734
481.229290 -1386.162339 -1335.642899 305.924030 1308.205410 -378.292030 606.196725
481.232805 -1386.109622 -1335.672322 305.898024 1308.205933 -378.299745 606.196735
481.224470 -1386.180470 -1335.646092 305.887588 1308.205724 -378.314312 606.196751
-15059055102.387285 -9899855453.231348 6008113088.239111 6000372401.143518 -665731003.317305 -3112124672.504996 606.196745
481.219841 -1386.165472 -1335.667562 305.925612 1308.202481 -378.299987 606.196767
481.244993 -1386.176857 -1335.641303 305.894634 1308.206750 -378.294113 606.196745
481.238880 -1386.177657 -1335.642550 305.928376 1308.205129 -378.289792 606.196742
481.248001 -1386.161281 -1335.669616 305.916774 1308.213679 -378.295109 606.196735
481.227743 -1386.184893 -1335.603329 305.892890 1308.203450 -378.284443 606.196687
-15058807466.898760 -9899757170.073599 6008163624.333253 6000181117.637886 -665673890.225967 -3112095396.927103 606.196749
481.225832 -1386.143684 -1335.670418 305.928561 1308.216835 -378.297940 606.196725
481.257268 -1386.162382 -1335.626140 305.945508 1308.196883 -378.301673 606.196695
481.233204 -1386.168785 -1335.625076 305.926505 1308.207389 -378.299646 606.196718
-15059257776.818388 -9899938881.212620 6008079644.735243 6000545085.937622 -665784942.046133 -3112153182.817849 606.196741
481.236916 -1386.159780 -1335.640241 305.925944 1308.199253 -378.303077 606.196737
481.239903 -1386.128402 -1335.713571 305.868658 1308.202000 -378.317054 606.196753
481.228805 -1386.128986 -1335.701756 305.887622 1308.202628 -378.315799 606.196696
481.246668 -1386.238203 -1335.580908 305.922129 1308.214041 -378.294163 606.196657
481.208489 -1386.199389 -1335.629219 305.946266 1308.208969 -378.309155 606.196670
-15059191771.488314 -9899783290.623951 6007822957.447399 6000449244.092012 -665772950.538066 -3112199846.383136 606.196663
481.244562 -1386.167306 -1335.679689 305.944105 1308.200320 -378.309720 606.196699
481.240551 -1386.158816 -1335.608981 305.921454 1308.217421 -378.287596 606.196640
481.226268 -1386.157788 -1335.628581 305.945500 1308.213101 -378.302990 606.196682
481.226331 -1386.223345 -1335.569021 305.947039 1308.208736 -378.287305 606.196698
481.233218 -1386.156057 -1335.638672 305.894334 1308.194506 -378.305497 606.196754
481.239356 -1386.162359 -1335.636855 305.907904 1308.202211 -378.294917 606.196792
481.240527 -1386.167665 -1335.626562 305.912937 1308.211962 -378.314655 606.196813
481.239958 -1386.197896 -1335.601940 305.922987 1308.202446 -378.301287 606.196821
-15059095550.434168 -9899820044.399046 6007940504.540627 6000368536.681399 -665739664.904781 -3112184397.648438 606.196855
481.250216 -1386.087594 -1335.665117 305.893020 1308.211317 -378.325581 606.196896
481.240091 -1386.144690 -1335.653407 305.914075 1308.211457 -378.312771 606.196915
481.252466 -1386.185933 -1335.632950 305.903961 1308.205743 -378.295816 606.196906
481.258371 -1386.189621 -1335.610866 305.894655 1308.195965 -378.313074 606.196900
481.227106 -1386.212715 -1335.630858 305.930575 1308.214491 -378.299632 606.196931
481.248208 -1386.167321 -1335.644325 305.913108 1308.210093 -378.306490 606.196898
-15058940469.620945 -9899883950.622139 6008259978.430652 6000283923.253757 -665694925.459965 -3112102772.693358 606.196881
481.221045 -1386.183423 -1335.646908 305.914455 1308.200189 -378.313203 606.196873
481.229026 -1386.254043 -1335.609331 305.939065 1308.197316 -378.301934 606.196866
481.242925 -1386.184508 -1335.590320 305.916204 1308.207792 -378.305231 606.196849
481.221363 -1386.085750 -1335.701037 305.911047 1308.206124 -378.326602 606.196900
481.259766 -1386.230879 -1335.600771 305.880648 1308.220397 -378.307989 606.196886
481.248098 -1386.153493 -1335.607714 305.955390 1308.207637 -378.303454 606.196865
481.230125 -1386.106125 -1335.668975 305.892263 1308.203790 -378.325199 606.196906
481.253420 -1386.237116 -1335.571324 305.916936 1308.216786 -378.284592 606.196925
481.231623 -1386.128642 -1335.695828 305.931921 1308.220394 -378.305738 606.196948
481.240753 -1386.206469 -1335.637247 305.907485 1308.215957 -378.308278 606.196881
481.236515 -1386.197196 -1335.612605 305.934631 1308.211726 -378.298630 606.196838
-15059091634.771706 -9899774720.736414 6007793926.804096 6000342443.929597 -665740563.818485 -3112215047.009703 606.196843
481.252797 -1386.234049 -1335.607917 305.905365 1308.213369 -378.291201 606.196754
481.228349 -1386.235251 -1335.655829 305.915692 1308.208521 -378.293470 606.196733
481.228773 -1386.160758 -1335.665948 305.936188 1308.206711 -378.301985 606.196659
481.248815 -1386.164035 -1335.708991 305.897149 1308.210362 -378.330994 606.196628
481.255459 -1386.280672 -1335.577193 305.943361 1308.198971 -378.282699 606.196517
-15059313390.810587 -9899647523.434208 6007303908.253676 6000464538.863853 -665808948.064907 -3112328136.818605 606.196512
481.262101 -1386.319953 -1335.597763 305.890243 1308.213866 -378.296582 606.196376
481.232952 -1386.165991 -1335.484682 305.962789 1308.216129 -378.293093 606.196293
481.211217 -1386.094397 -1335.801854 305.902820 1308.197747 -378.330068 606.196497
481.275184 -1386.264749 -1335.605814 305.913173 1308.211886 -378.305697 606.196349
481.222294 -1386.157793 -1335.662869 305.917875 1308.202772 -378.312156 606.196287
481.242340 -1386.138671 -1335.762587 305.937980 1308.208179 -378.317523 606.196273
481.266345 -1386.258842 -1335.635623 305.931849 1308.202125 -378.290771 606.196107
481.255795 -1386.178584 -1335.722320 305.912239 1308.196414 -378.322261 606.196027
481.237233 -1386.175305 -1335.745408 305.892284 1308.203198 -378.300583 606.195898
-15058874760.115355 -9899825341.930435 6008517130.706812 6000191376.822871 -665650757.509588 -3112037066.113905 606.195754
481.232692 -1386.138748 -1335.772779 305.903721 1308.203731 -378.300623 606.195651
481.240053 -1386.165891 -1335.809132 305.862858 1308.200439 -378.308774 606.195496
481.258288 -1386.348946 -1335.608571 305.952865 1308.210995 -378.287381 606.195277
481.226278 -1386.227306 -1335.698664 305.999067 1308.203811 -378.281197 606.195147
481.229180 -1386.125266 -1335.854268 305.887724 1308.193708 -378.316478 606.195008
481.303599 -1386.278808 -1335.662282 305.897883 1308.198133 -378.252306 606.194764
481.216750 -1386.183175 -1335.812084 305.947044 1308.178817 -378.295397 606.194639
481.231926 -1386.201343 -1335.741779 305.922997 1308.202612 -378.285514 606.194425
481.248248 -1386.226380 -1335.742043 305.920884 1308.187551 -378.274420 606.194266
481.237444 -1386.206083 -1335.785291 305.910288 1308.187725 -378.279275 606.194101
481.228391 -1386.179297 -1335.830394 305.888675 1308.184735 -378.292001 606.193899
481.270777 -1386.247819 -1335.711364 305.939408 1308.202718 -378.258912 606.193666
481.236819 -1386.159097 -1335.796853 305.951079 1308.197456 -378.288906 606.193496
481.234706 -1386.181104 -1335.794480 305.926833 1308.178576 -378.289908 606.193290
-15058873866.259106 -9899430925.337471 6008508583.928803 6000184798.251097 -665665956.086872 -3111965592.758774 606.193104
481.221055 -1386.165802 -1335.818183 305.927091 1308.196702 -378.282683 606.192905
481.241431 -1386.208571 -1335.798453 305.916239 1308.191722 -378.273327 606.192682
481.266888 -1386.270370 -1335.709745 305.903394 1308.188444 -378.263600 606.192454
481.211220 -1386.208282 -1335.724787 305.959503 1308.188493 -378.275895 606.192299
481.208301 -1386.159484 -1335.797416 305.921555 1308.204211 -378.292224 606.192185
-15059702841.111702 -9899261611.943245 6007490896.901896 6000657094.423232 -665866814.998729 -3112257364.671273 606.191992
481.233420 -1386.154984 -1335.806816 305.910139 1308.188904 -378.301584 606.191887
481.228041 -1386.245357 -1335.694887 305.937459 1308.190945 -378.284009 606.191693
481.235336 -1386.260602 -1335.691327 305.926831 1308.198649 -378.274082 606.191582
481.215970 -1386.088846 -1335.746966 305.884448 1308.200480 -378.288669 606.191454
-15059661941.975769 -9899313238.538162 6007860400.070062 6000639851.497437 -665839764.480274 -3112174298.539054 606.191406
481.253126 -1386.295095 -1335.642230 305.906916 1308.201726 -378.263697 606.191325
481.203938 -1386.163150 -1335.729657 305.937737 1308.189489 -378.283954 606.191233
481.235733 -1386.206682 -1335.704612 305.897665 1308.202502 -378.278625 606.191157
481.254946 -1386.212065 -1335.682777 305.919908 1308.205189 -378.270507 606.191060
-15059469648.657787 -9899262788.970169 6008082560.165723 6000522497.112038 -665796888.181952 -3112098756.893262 606.190970
481.240568 -1386.235726 -1335.657249 305.910159 1308.192456 -378.288234 606.190887
481.231927 -1386.152919 -1335.661655 305.936734 1308.196355 -378.276471 606.190836
481.223248 -1386.100163 -1335.754054 305.907090 1308.200508 -378.297035 606.190845
481.236856 -1386.260675 -1335.594795 305.890290 1308.188962 -378.286641 606.190768
481.210995 -1386.195288 -1335.646888 305.939112 1308.195986 -378.287785 606.190798
481.232187 -1386.116708 -1335.687749 305.904393 1308.193241 -378.293765 606.190799
-15059768735.208939 -9899116626.165722 6007437630.953257 6000656133.967667 -665874867.885865 -3112269099.416372 606.190810
481.232684 -1386.222841 -1335.572849 305.929531 1308.195502 -378.275904 606.190842
481.206360 -1386.158203 -1335.652668 305.921034 1308.201609 -378.311913 606.190922
481.240558 -1386.257252 -1335.508285 305.914444 1308.203886 -378.275772 606.190938
481.221120 -1385.984687 -1335.688612 305.899474 1308.195065 -378.321842 606.191068
481.236578 -1386.206500 -1335.785881 305.878426 1308.194815 -378.314337 606.191184
481.255408 -1386.275564 -1335.519883 305.961021 1308.202327 -378.287815 606.190972
481.209613 -1386.070995 -1335.716405 305.920379 1308.194400 -378.317313 606.191047
481.262136 -1386.200162 -1335.638798 305.898754 1308.190805 -378.285310 606.191052
481.227466 -1386.212417 -1335.602055 305.924659 1308.196926 -378.294590 606.191053
481.221677 -1386.120084 -1335.720391 305.888560 1308.195821 -378.315782 606.191094
-15059374241.080366 -9899229063.099344 6008065193.123632 6000413358.002232 -665763654.820163 -3112108393.829090 606.191051
481.242302 -1386.190860 -1335.623151 305.933956 1308.194252 -378.298749 606.191085
481.232154 -1386.094439 -1335.735528 305.905672 1308.192790 -378.314361 606.191105
481.245889 -1386.210406 -1335.638435 305.892476 1308.191003 -378.303981 606.191058
481.245920 -1386.213231 -1335.589992 305.942715 1308.197509 -378.301669 606.191053
481.225439 -1386.067857 -1335.737782 305.922864 1308.188469 -378.299819 606.191093
-15059540280.741428 -9899133088.164982 6007630537.766547 6000501288.614837 -665816530.778170 -3112210906.989518 606.191076
481.257400 -1386.261764 -1335.560630 305.959744 1308.195463 -378.270087 606.191039
481.200779 -1386.076005 -1335.758159 305.950323 1308.195085 -378.315800 606.191082
-15059378248.573551 -9899350375.291245 6008349808.280321 6000449972.892373 -665755547.455298 -3112049633.568017 606.191018
481.243335 -1386.204915 -1335.644509 305.920876 1308.197165 -378.281199 606.190998
-15059273166.234463 -9899262132.217169 6008245910.109848 6000323206.073172 -665723244.654294 -3112075405.952547 606.190982
481.241700 -1386.183836 -1335.654715 305.914759 1308.192706 -378.298338 606.190922
481.250794 -1386.176738 -1335.614673 305.924030 1308.192498 -378.292434 606.190913
481.214767 -1386.148613 -1335.701122 305.927607 1308.192059 -378.309916 606.190961
-15060072090.066252 -9899189463.821064 6007147086.432484 6000864484.457145 -665951344.961517 -3112362911.379995 606.190923
481.234850 -1386.237607 -1335.597692 305.923500 1308.203231 -378.277577 606.190892
481.227174 -1386.109619 -1335.679439 305.935898 1308.196287 -378.294980 606.190906
481.255396 -1386.142257 -1335.688074 305.918294 1308.194413 -378.319070 606.190923
481.244853 -1386.216640 -1335.620753 305.916990 1308.193413 -378.306232 606.190883
481.221427 -1386.180515 -1335.664649 305.932344 1308.190215 -378.300672 606.190887
481.246511 -1386.164897 -1335.664382 305.927663 1308.200512 -378.299330 606.190874
481.256442 -1386.144729 -1335.689265 305.890650 1308.189385 -378.303368 606.190849
481.227346 -1386.177574 -1335.662332 305.922496 1308.191897 -378.303389 606.190824
-15059453734.996643 -9899244837.322725 6008034324.420808 6000461891.480281 -665778298.757422 -3112121484.070120 606.190815
481.241852 -1386.133313 -1335.703343 305.874002 1308.195215 -378.316658 606.190863
481.235386 -1386.167203 -1335.607967 305.905398 1308.196106 -378.286625 606.190828
481.242761 -1386.167431 -1335.684984 305.917084 1308.196545 -378.301095 606.190904
481.237881 -1386.165431 -1335.694744 305.900338 1308.195070 -378.305418 606.190857
481.252056 -1386.166668 -1335.622807 305.916815 1308.194811 -378.304064 606.190805
481.238091 -1386.120020 -1335.689907 305.918202 1308.191757 -378.308864 606.190844
481.236953 -1386.134182 -1335.680993 305.916668 1308.193306 -378.300508 606.190837
481.241767 -1386.177607 -1335.642429 305.937288 1308.192184 -378.299831 606.190833
481.236983 -1386.155425 -1335.670791 305.922748 1308.192637 -378.296531 606.190841
481.236856 -1386.154937 -1335.671310 305.922505 1308.192638 -378.295943 606.190833
481.236741 -1386.154462 -1335.671752 305.922106 1308.192668 -378.295353 606.190826
-15059594699.256361 -9899360752.666250 6008177083.758223 6000608634.764447 -665812516.377272 -3112096332.977507 606.190819
-15059594527.533978 -9899358778.550863 6008179178.403948 6000608771.998641 -665812474.108847 -3112095769.204083 606.190812
481.236475 -1386.153115 -1335.672614 305.919964 1308.192940 -378.293568 606.190806
481.236413 -1386.152694 -1335.672745 305.918931 1308.193093 -378.292968 606.190800
481.236364 -1386.152286 -1335.672795 305.917736 1308.193277 -378.292367 606.190794
481.236329 -1386.151894 -1335.672766 305.916378 1308.193495 -378.291763 606.190789
481.236308 -1386.151516 -1335.672655 305.914856 1308.193745 -378.291158 606.190785
481.236302 -1386.151153 -1335.672462 305.913168 1308.194029 -378.290550 606.190782
481.236310 -1386.150806 -1335.672187 305.911313 1308.194347 -378.289941 606.190780
481.236333 -1386.150475 -1335.671829 305.909289 1308.194700 -378.289331 606.190778
481.236371 -1386.150160 -1335.671387 305.907097 1308.195088 -378.288718 606.190778
481.236424 -1386.149861 -1335.670860 305.904733 1308.195511 -378.288105 606.190779
481.236493 -1386.149579 -1335.670248 305.902198 1308.195971 -378.287490 606.190781
481.236577 -1386.149314 -1335.669550 305.899489 1308.196467 -378.286873 606.190785
481.236678 -1386.149067 -1335.668765 305.896605 1308.197001 -378.286256 606.190790
-15059580719.186335 -9899224205.860443 6007924696.363091 6000579278.266850 -665822883.335613 -3112145006.185567 606.190796
481.236927 -1386.148568 -1335.667059 305.890041 1308.198225 -378.285097 606.190805
-15059542135.769627 -9899218410.142433 6007953162.922441 6000548919.206917 -665812432.978728 -3112137952.841466 606.190815
481.237244 -1386.148256 -1335.664746 305.883300 1308.199518 -378.283775 606.190827
481.237427 -1386.148100 -1335.663518 305.879525 1308.200246 -378.283153 606.190841
481.237629 -1386.147963 -1335.662199 305.875567 1308.201014 -378.282530 606.190856
481.237847 -1386.147846 -1335.660788 305.871425 1308.201822 -378.281906 606.190874
481.236273 -1386.162716 -1335.661982 305.913330 1308.195198 -378.295742 606.190895
