8.689451 -8.073682 0.020046 5.260375 -2.748423 -11.924592 9.837727
8.689454 -8.073704 0.020012 5.260406 -2.748422 -11.924582 9.837727
8.689456 -8.073724 0.019979 5.260434 -2.748421 -11.924572 9.837726
8.689458 -8.073743 0.019946 5.260461 -2.748421 -11.924562 9.837726
8.689459 -8.073759 0.019914 5.260486 -2.748420 -11.924554 9.837726
8.689459 -8.073774 0.019883 5.260509 -2.748420 -11.924546 9.837726
8.689459 -8.073787 0.019853 5.260529 -2.748420 -11.924539 9.837726
8.689457 -8.073799 0.019824 5.260547 -2.748420 -11.924532 9.837726
3.345720 0.969262 -2.367319 3.768491 -3.784888 -8.428657 9.771105
3.345731 0.969266 -2.367330 3.768497 -3.784887 -8.428667 9.771105
3.345743 0.969271 -2.367342 3.768503 -3.784886 -8.428677 9.771105
3.345750 0.969279 -2.367357 3.768509 -3.784887 -8.428682 9.771105
3.345760 0.969283 -2.367368 3.768515 -3.784886 -8.428691 9.771105
3.345769 0.969286 -2.367378 3.768520 -3.784886 -8.428699 9.771104
3.345778 0.969291 -2.367388 3.768524 -3.784886 -8.428705 9.771104
3.345786 0.969294 -2.367397 3.768529 -3.784886 -8.428712 9.771104
3.345794 0.969297 -2.367405 3.768533 -3.784886 -8.428719 9.771104
3.345802 0.969300 -2.367414 3.768537 -3.784886 -8.428724 9.771104
3.345808 0.969303 -2.367422 3.768540 -3.784886 -8.428729 9.771105
3.345815 0.969305 -2.367428 3.768543 -3.784887 -8.428733 9.771105
3.345821 0.969307 -2.367434 3.768546 -3.784887 -8.428737 9.771105
3.345826 0.969309 -2.367439 3.768548 -3.784887 -8.428740 9.771105
3.345830 0.969310 -2.367444 3.768550 -3.784888 -8.428742 9.771105
3.345834 0.969312 -2.367449 3.768552 -3.784889 -8.428744 9.771105
3.345837 0.969312 -2.367452 3.768553 -3.784890 -8.428745 9.771105
3.345804 0.969290 -2.367413 3.768513 -3.784892 -8.428681 9.771105
3.345833 0.969313 -2.367450 3.768556 -3.784872 -8.428750 9.771105
3.345887 0.969286 -2.367481 3.768480 -3.784964 -8.428622 9.771103
3.345499 0.969331 -2.367149 3.768709 -3.784826 -8.429000 9.771109
3.346010 0.969278 -2.367580 3.768421 -3.785054 -8.428525 9.771095
3.345756 0.969283 -2.367383 3.768512 -3.784772 -8.428685 9.771108
3.345779 0.969318 -2.367386 3.768586 -3.784976 -8.428791 9.771104
3.345897 0.969273 -2.367491 3.768443 -3.784919 -8.428566 9.771101
3.345627 0.969296 -2.367264 3.768584 -3.784782 -8.428800 9.771108
3.346070 0.969297 -2.367652 3.768437 -3.784982 -8.428556 9.771094
3.345916 0.969291 -2.367510 3.768479 -3.784971 -8.428621 9.771102
3.345515 0.969274 -2.367158 3.768571 -3.784752 -8.428781 9.771109
3.345770 0.969298 -2.367382 3.768539 -3.784901 -8.428724 9.771103
3.346141 0.969326 -2.367725 3.768478 -3.785001 -8.428619 9.771096
3.345685 0.969278 -2.367324 3.768520 -3.784707 -8.428700 9.771110
3.345634 0.969274 -2.367257 3.768531 -3.784822 -8.428713 9.771106
3.345980 0.969289 -2.367567 3.768449 -3.784959 -8.428575 9.771098
3.345689 0.969324 -2.367314 3.768619 -3.784839 -8.428863 9.771108
3.345947 0.969306 -2.367548 3.768490 -3.784848 -8.428658 9.771103
3.345713 0.969276 -2.367331 3.768500 -3.784760 -8.428679 9.771107
3.345747 0.969326 -2.367365 3.768604 -3.784855 -8.428841 9.771104
3.346041 0.969309 -2.367628 3.768465 -3.784904 -8.428616 9.771100
3.345774 0.969320 -2.367394 3.768581 -3.784813 -8.428806 9.771106
3.345789 0.969313 -2.367403 3.768558 -3.784822 -8.428768 9.771106
3.345925 0.969334 -2.367524 3.768562 -3.784916 -8.428769 9.771103
3.345962 0.969379 -2.367559 3.768567 -3.784901 -8.428810 9.771104
3.345712 0.969301 -2.367318 3.768477 -3.784776 -8.428670 9.771109
3.345505 0.969316 -2.367134 3.768578 -3.784724 -8.428835 9.771111
3.345974 0.969339 -2.367538 3.768475 -3.785023 -8.428656 9.771099
3.346095 0.969336 -2.367652 3.768427 -3.785036 -8.428576 9.771099
3.345777 0.969338 -2.367388 3.768538 -3.784809 -8.428763 9.771112
3.345702 0.969313 -2.367288 3.768509 -3.784960 -8.428708 9.771110
3.345768 0.969301 -2.367386 3.768588 -3.784826 -8.428770 9.771109
3.345791 0.969332 -2.367404 3.768652 -3.784913 -8.428870 9.771108
3.346012 0.969314 -2.367597 3.768539 -3.784984 -8.428684 9.771104
3.345699 0.969278 -2.367302 3.768564 -3.784912 -8.428728 9.771107
3.345724 0.969302 -2.367342 3.768605 -3.784839 -8.428801 9.771106
3.345932 0.969335 -2.367528 3.768612 -3.784972 -8.428808 9.771101
3.345753 0.969281 -2.367358 3.768550 -3.784876 -8.428713 9.771105
3.345561 0.969279 -2.367194 3.768607 -3.784749 -8.428812 9.771107
3.345907 0.969308 -2.367502 3.768557 -3.784917 -8.428725 9.771100
3.345810 0.969298 -2.367406 3.768568 -3.784939 -8.428739 9.771103
3.345595 0.969334 -2.367225 3.768633 -3.784803 -8.428888 9.771106
3.345993 0.969300 -2.367553 3.768425 -3.785054 -8.428543 9.771092
3.345656 0.969324 -2.367278 3.768589 -3.784819 -8.428819 9.771104
3.345749 0.969326 -2.367362 3.768563 -3.784841 -8.428777 9.771103
3.345724 0.969287 -2.367306 3.768486 -3.784986 -8.428645 9.771099
3.345554 0.969359 -2.367196 3.768701 -3.784781 -8.429003 9.771104
3.346032 0.969293 -2.367584 3.768395 -3.785073 -8.428497 9.771091
3.345636 0.969301 -2.367248 3.768544 -3.784846 -8.428746 9.771101
3.345657 0.969319 -2.367266 3.768578 -3.784889 -8.428802 9.771100
3.346034 0.969347 -2.367609 3.768515 -3.785030 -8.428695 9.771092
3.345741 0.969301 -2.367345 3.768586 -3.784923 -8.428793 9.771099
3.345695 0.969299 -2.367306 3.768595 -3.784886 -8.428810 9.771099
3.345967 0.969279 -2.367545 3.768459 -3.784962 -8.428589 9.771092
3.345838 0.969317 -2.367454 3.768649 -3.784822 -8.428866 9.771098
3.345912 0.969294 -2.367487 3.768576 -3.785020 -8.428738 9.771090
3.345790 0.969262 -2.367401 3.768541 -3.784750 -8.428698 9.771096
3.345814 0.969325 -2.367427 3.768608 -3.784878 -8.428831 9.771094
3.345882 0.969274 -2.367465 3.768471 -3.784947 -8.428607 9.771089
3.345631 0.969322 -2.367250 3.768632 -3.784765 -8.428910 9.771101
3.346021 0.969315 -2.367593 3.768484 -3.784907 -8.428666 9.771090
3.345876 0.969322 -2.367473 3.768549 -3.784816 -8.428774 9.771098
3.345822 0.969341 -2.367440 3.768608 -3.784724 -8.428872 9.771100
3.345950 0.969295 -2.367531 3.768503 -3.784900 -8.428641 9.771092
3.345936 0.969321 -2.367523 3.768569 -3.784939 -8.428742 9.771094
3.345920 0.969338 -2.367520 3.768611 -3.784891 -8.428813 9.771097
3.345789 0.969296 -2.367394 3.768562 -3.784818 -8.428737 9.771099
3.345831 0.969335 -2.367449 3.768534 -3.784813 -8.428762 9.771098
3.345872 0.969333 -2.367476 3.768519 -3.784887 -8.428732 9.771096
3.345904 0.969352 -2.367506 3.768551 -3.784934 -8.428780 9.771096
3.345861 0.969338 -2.367475 3.768534 -3.784841 -8.428756 9.771101
3.348113 0.968367 -2.368673 3.765694 -3.789457 -8.423902 9.773510
3.345989 0.969335 -2.367574 3.768485 -3.784984 -8.428668 9.771096
3.346097 0.969352 -2.367684 3.768515 -3.784967 -8.428709 9.771098
3.345721 0.969280 -2.367330 3.768478 -3.784819 -8.428657 9.771106
3.345540 0.969300 -2.367161 3.768584 -3.784851 -8.428825 9.771106
3.346111 0.969346 -2.367675 3.768499 -3.785109 -8.428676 9.771094
3.346248 0.969349 -2.367816 3.768460 -3.785050 -8.428614 9.771095
3.345831 0.969310 -2.367439 3.768511 -3.784877 -8.428700 9.771110
3.345327 0.969272 -2.366993 3.768589 -3.784576 -8.428847 9.771114
3.345872 0.969331 -2.367459 3.768544 -3.785008 -8.428754 9.771100
3.345978 0.969310 -2.367566 3.768511 -3.785001 -8.428672 9.771096
3.345721 0.969298 -2.367342 3.768568 -3.784862 -8.428769 9.771106
3.345836 0.969247 -2.367420 3.768418 -3.784963 -8.428523 9.771100
3.346788 0.968815 -2.367815 3.767186 -3.787693 -8.426373 9.772208
3.345855 0.969325 -2.367477 3.768580 -3.784836 -8.428793 9.771103
3.346056 0.969296 -2.367629 3.768452 -3.785040 -8.428576 9.771095
3.345647 0.969275 -2.367280 3.768538 -3.784745 -8.428729 9.771107
3.345784 0.969291 -2.367400 3.768530 -3.784839 -8.428712 9.771103
3.345689 0.969302 -2.367287 3.768505 -3.784872 -8.428697 9.771101
3.345846 0.969290 -2.367418 3.768426 -3.784972 -8.428566 9.771096
3.345884 0.969333 -2.367478 3.768507 -3.784902 -8.428698 9.771101
3.345742 0.969257 -2.367318 3.768447 -3.784884 -8.428570 9.771101
3.345506 0.969307 -2.367131 3.768637 -3.784750 -8.428882 9.771108
3.345839 0.969288 -2.367403 3.768486 -3.784989 -8.428627 9.771097
3.345689 0.969284 -2.367271 3.768525 -3.784923 -8.428695 9.771101
3.345814 0.969301 -2.367390 3.768522 -3.784948 -8.428688 9.771101
3.346079 0.969264 -2.367630 3.768382 -3.785065 -8.428454 9.771094
3.345718 0.969336 -2.367349 3.768661 -3.784813 -8.428917 9.771106
3.345728 0.969294 -2.367330 3.768566 -3.784918 -8.428759 9.771102
3.345854 0.969298 -2.367443 3.768499 -3.784927 -8.428659 9.771100
3.345725 0.969302 -2.367329 3.768551 -3.784883 -8.428744 9.771104
3.345751 0.969290 -2.367352 3.768513 -3.784862 -8.428684 9.771103
3.345725 0.969278 -2.367322 3.768498 -3.784879 -8.428659 9.771102
3.345903 0.969295 -2.367481 3.768477 -3.784972 -8.428621 9.771097
3.345744 0.969312 -2.367345 3.768511 -3.784807 -8.428729 9.771105
3.345548 0.969265 -2.367149 3.768472 -3.784788 -8.428667 9.771105
3.345717 0.969316 -2.367309 3.768530 -3.784878 -8.428755 9.771102
3.345763 0.969339 -2.367361 3.768566 -3.784877 -8.428814 9.771104
3.345925 0.969344 -2.367532 3.768592 -3.784891 -8.428794 9.771103
3.345843 0.969305 -2.367441 3.768534 -3.784917 -8.428701 9.771101
3.345625 0.969297 -2.367266 3.768584 -3.784679 -8.428796 9.771107
3.346131 0.969343 -2.367714 3.768521 -3.784976 -8.428680 9.771095
3.345893 0.969286 -2.367482 3.768477 -3.784924 -8.428609 9.771098
3.345603 0.969273 -2.367234 3.768551 -3.784787 -8.428741 9.771110
3.345616 0.969312 -2.367258 3.768634 -3.784774 -8.428876 9.771110
3.345985 0.969309 -2.367569 3.768507 -3.785022 -8.428659 9.771098
3.345884 0.969325 -2.367500 3.768574 -3.784876 -8.428775 9.771104
3.345863 0.969301 -2.367457 3.768530 -3.784979 -8.428703 9.771099
3.346057 0.969302 -2.367614 3.768469 -3.785170 -8.428596 9.771090
3.346038 0.969340 -2.367600 3.768546 -3.785149 -8.428725 9.771089
3.346023 0.969328 -2.367558 3.768527 -3.785343 -8.428687 9.771081
3.345554 0.969220 -2.367082 3.768444 -3.785379 -8.428558 9.771077
3.345565 0.969263 -2.367132 3.768526 -3.785198 -8.428715 9.771077
3.345454 0.969279 -2.367062 3.768592 -3.784994 -8.428841 9.771083
3.345398 0.969277 -2.367049 3.768599 -3.784697 -8.428871 9.771091
3.345734 0.969383 -2.367427 3.768714 -3.784454 -8.429069 9.771098
3.345766 0.969399 -2.367447 3.768744 -3.784531 -8.429105 9.771101
3.345768 0.969380 -2.367433 3.768701 -3.784574 -8.429030 9.771102
3.345705 0.969429 -2.367416 3.768830 -3.784343 -8.429246 9.771110
3.346155 0.969422 -2.367793 3.768668 -3.784622 -8.428965 9.771104
3.345836 0.969405 -2.367531 3.768735 -3.784292 -8.429080 9.771119
3.345926 0.969396 -2.367608 3.768686 -3.784289 -8.428993 9.771122
3.345945 0.969377 -2.367623 3.768680 -3.784377 -8.428970 9.771123
3.345912 0.969412 -2.367625 3.768765 -3.784170 -8.429111 9.771131
3.346321 0.969404 -2.367977 3.768613 -3.784330 -8.428849 9.771126
3.346202 0.969418 -2.367874 3.768688 -3.784270 -8.428961 9.771134
3.346067 0.969429 -2.367752 3.768760 -3.784210 -8.429070 9.771140
3.346156 0.969479 -2.367764 3.768776 -3.784312 -8.429080 9.771140
3.346456 0.969502 -2.368014 3.768733 -3.784546 -8.428989 9.771137
3.346279 0.969456 -2.367851 3.768686 -3.784387 -8.428914 9.771144
3.346264 0.969554 -2.367937 3.768903 -3.783849 -8.429283 9.771165
3.346467 0.969486 -2.368235 3.768803 -3.783818 -8.429057 9.771165
3.346099 0.969420 -2.367854 3.768790 -3.783879 -8.429008 9.771175
3.345033 0.969189 -2.366800 3.768631 -3.783680 -8.428742 9.771189
3.345346 0.969216 -2.367037 3.768597 -3.784103 -8.428642 9.771188
3.345753 0.969228 -2.367346 3.768499 -3.784648 -8.428436 9.771182
3.345787 0.969303 -2.367389 3.768656 -3.784724 -8.428674 9.771186
3.345967 0.969317 -2.367546 3.768700 -3.785039 -8.428708 9.771179
3.346379 0.969277 -2.367862 3.768476 -3.785473 -8.428323 9.771160
3.346524 0.969299 -2.367992 3.768478 -3.785627 -8.428321 9.771156
3.346740 0.969341 -2.368152 3.768506 -3.786085 -8.428344 9.771142
3.346925 0.969339 -2.368303 3.768439 -3.786326 -8.428235 9.771130
3.347106 0.969347 -2.368452 3.768397 -3.786590 -8.428169 9.771117
3.347277 0.969515 -2.368677 3.768710 -3.786597 -8.428694 9.771114
3.347525 0.969524 -2.368914 3.768643 -3.786681 -8.428602 9.771106
3.347621 0.969482 -2.368933 3.768524 -3.787205 -8.428402 9.771084
3.348160 0.969500 -2.369401 3.768388 -3.787674 -8.428183 9.771058
3.348234 0.969432 -2.369513 3.768133 -3.788037 -8.427844 9.771036
3.348301 0.969395 -2.369590 3.768022 -3.788043 -8.427699 9.771022
3.348484 0.969350 -2.369718 3.767863 -3.788468 -8.427454 9.770997
3.348480 0.969311 -2.369713 3.767774 -3.788621 -8.427339 9.770983
3.348503 0.969362 -2.369743 3.767881 -3.788927 -8.427530 9.770971
3.345627 0.968796 -2.366825 3.767573 -3.788156 -8.427130 9.770993
3.342368 0.968329 -2.363772 3.767600 -3.787238 -8.427260 9.771020
3.339505 0.967896 -2.361096 3.767560 -3.786323 -8.427269 9.771056
3.337486 0.968162 -2.358999 3.768118 -3.784379 -8.428368 9.771130
3.335407 0.968242 -2.357404 3.768932 -3.781982 -8.429775 9.771247
3.334707 0.968420 -2.356960 3.769538 -3.780767 -8.430716 9.771361
3.334579 0.968613 -2.356846 3.770026 -3.781091 -8.431338 9.771465
3.332406 0.968419 -2.354594 3.770355 -3.782127 -8.431649 9.771568
3.332464 0.968475 -2.354374 3.770238 -3.783933 -8.431351 9.771652
3.335630 0.968695 -2.357066 3.769698 -3.786620 -8.430202 9.771699
3.342268 0.969250 -2.363082 3.768741 -3.789796 -8.428390 9.771686
3.349928 0.970051 -2.370092 3.768010 -3.793480 -8.426970 9.771602
3.356486 0.970290 -2.376119 3.766559 -3.797894 -8.424467 9.771415
3.361330 0.970036 -2.380118 3.764423 -3.802202 -8.420956 9.771153
3.364133 0.969060 -2.382080 3.761318 -3.805893 -8.416035 9.770822
3.364959 0.967223 -2.382061 3.756897 -3.808659 -8.409174 9.770410
3.363879 0.964407 -2.380030 3.750875 -3.810932 -8.399894 9.769882
3.360914 0.961401 -2.376240 3.745035 -3.812848 -8.391073 9.769205
3.356560 0.959173 -2.371527 3.741388 -3.813938 -8.386016 9.768350
3.349950 0.957759 -2.365045 3.740406 -3.814780 -8.385540 9.767206
3.341462 0.957623 -2.358128 3.742329 -3.814876 -8.390372 9.765688
3.332574 0.963106 -2.352002 3.758035 -3.815223 -8.417637 9.763703
3.322213 0.982317 -2.348822 3.805522 -3.816535 -8.496620 9.761104
3.311911 1.006640 -2.347634 3.865219 -3.818372 -8.596181 9.757740
3.305177 1.030210 -2.350224 3.922829 -3.819198 -8.693507 9.753646
3.300806 1.046443 -2.353689 3.963941 -3.817207 -8.765405 9.748956
3.300305 1.053560 -2.358739 3.983898 -3.812920 -8.804094 9.743834
3.305359 1.053673 -2.367350 3.986649 -3.807171 -8.815535 9.738512
3.318231 1.050143 -2.382302 3.978738 -3.801493 -8.809826 9.733262
3.337471 1.038978 -2.400860 3.951407 -3.795855 -8.772512 9.728336
3.366304 1.018682 -2.425398 3.899836 -3.790503 -8.695358 9.724077
3.403656 0.991024 -2.452617 3.827664 -3.784580 -8.583995 9.720918
3.447214 0.964298 -2.487645 3.754714 -3.781318 -8.469232 9.719094
3.492994 0.957771 -2.529662 3.725478 -3.781621 -8.422745 9.718840
3.557127 0.921161 -2.579305 3.620137 -3.777704 -8.251028 9.720827
3.636653 0.837692 -2.628727 3.401360 -3.766934 -7.893299 9.726300
3.744870 0.838221 -2.727872 3.359878 -3.763720 -7.816595 9.735364
3.827694 0.787636 -2.785632 3.211136 -3.764102 -7.563041 9.747028
3.904753 0.732612 -2.835287 3.052913 -3.764164 -7.291334 9.762046
3.985071 0.676607 -2.886120 2.890208 -3.765268 -7.009070 9.780391
4.076708 0.620868 -2.941291 2.734871 -3.765251 -6.742610 9.802360
4.168157 0.581564 -3.004509 2.604644 -3.767656 -6.506268 9.827464
4.257067 0.553498 -3.067244 2.500555 -3.770699 -6.309263 9.855744
4.346699 0.537024 -3.132745 2.422520 -3.774278 -6.151620 9.887044
4.436403 0.530616 -3.200053 2.367462 -3.777829 -6.028590 9.921251
4.522565 0.533556 -3.265552 2.334989 -3.781267 -5.939622 9.958185
4.610599 0.546661 -3.334494 2.325163 -3.785457 -5.884774 9.997746
4.703853 0.567041 -3.409243 2.330619 -3.790281 -5.852447 10.039789
4.794667 0.596996 -3.483370 2.358522 -3.794614 -5.853966 10.084190
4.877405 0.630168 -3.549647 2.396798 -3.799234 -5.870331 10.130808
4.954361 0.669450 -3.610937 2.450647 -3.805000 -5.909808 10.179451
5.028832 0.713888 -3.672949 2.509906 -3.811761 -5.979036 10.230122
5.103966 0.766196 -3.733780 2.592909 -3.820065 -6.062038 10.282208
5.182311 0.826413 -3.798412 2.691909 -3.831223 -6.169152 10.335602
5.252502 0.893511 -3.856078 2.807484 -3.843662 -6.301522 10.389901
5.309697 0.964323 -3.901388 2.934045 -3.857624 -6.450761 10.444756
5.364262 1.044544 -3.945026 3.080051 -3.876485 -6.629666 10.499953
5.396602 1.124410 -3.969410 3.229387 -3.880783 -6.814925 10.555174
5.444782 1.221072 -4.008336 3.408153 -3.907270 -7.043789 10.610334
5.478353 1.322834 -4.034999 3.598700 -3.928113 -7.291651 10.664970
5.499796 1.433246 -4.050529 3.807364 -3.954493 -7.567412 10.718817
5.509528 1.549656 -4.056543 4.028053 -3.976775 -7.862730 10.771597
5.511498 1.674003 -4.056377 4.263333 -3.999556 -8.181389 10.823091
5.506971 1.805315 -4.051004 4.510695 -4.023142 -8.519846 10.873036
5.501943 2.035831 -4.060924 4.828365 -4.060896 -8.785620 10.918490
5.475955 2.178560 -4.036751 5.095971 -4.086142 -9.159484 10.964404
5.455116 2.318579 -4.016480 5.354905 -4.112877 -9.522644 11.007863
5.427162 2.476032 -3.992258 5.645183 -4.143597 -9.935560 11.048438
5.378219 2.795300 -3.982322 6.048268 -4.204304 -10.223972 11.080418
5.340548 2.970690 -3.951870 6.369177 -4.243196 -10.691071 11.113765
5.260722 3.176699 -3.889730 6.750286 -4.272369 -11.253108 11.144082
5.213508 3.426501 -3.868340 7.116971 -4.338705 -11.564131 11.165513
5.166460 3.574576 -3.827773 7.384820 -4.371369 -11.966194 11.187233
5.115599 3.699379 -3.781930 7.610401 -4.396250 -12.309272 11.205531
5.062310 3.780279 -3.730363 7.756393 -4.403188 -12.537110 11.221120
5.007059 3.856959 -3.677291 7.895273 -4.409873 -12.757396 11.233741
4.950472 3.938304 -3.624013 8.043061 -4.420237 -12.993701 11.243720
4.894161 4.007668 -3.569117 8.179682 -4.432710 -13.199710 11.251201
4.835256 4.064449 -3.511600 8.284103 -4.438795 -13.375356 11.256989
4.716515 4.133608 -3.404867 8.416870 -4.420622 -13.597399 11.262794
4.663876 4.161263 -3.349687 8.468200 -4.421513 -13.694805 11.266303
4.613986 4.182114 -3.297268 8.506638 -4.420064 -13.774840 11.268585
4.701410 4.133559 -3.306090 8.453067 -4.688025 -13.682453 11.274989
3.868887 4.351846 -2.819794 8.875938 -3.442168 -14.467474 11.251658
4.470286 4.162620 -3.141670 8.507410 -4.380208 -13.835209 11.273190
4.413575 4.150531 -3.082412 8.484542 -4.352566 -13.821735 11.274868
4.359173 4.186361 -3.027903 8.546048 -4.353409 -13.935955 11.274250
4.265902 4.111106 -2.927859 8.414151 -4.305239 -13.755322 11.272470
4.190433 4.094812 -2.854137 8.383200 -4.263007 -13.729327 11.272892
4.125701 4.048051 -2.784968 8.363996 -4.223586 -13.717295 11.274032
4.046526 4.045975 -2.714235 8.357253 -4.162774 -13.727529 11.275196
3.956215 4.048293 -2.635723 8.358583 -4.093502 -13.750218 11.276438
3.860552 4.048727 -2.554188 8.356598 -4.014493 -13.767900 11.277975
3.769352 4.050223 -2.478643 8.355679 -3.929640 -13.787120 11.279644
3.677884 4.048814 -2.404742 8.349340 -3.835353 -13.798093 11.281434
3.588554 4.042401 -2.334032 8.333851 -3.733310 -13.794778 11.283231
3.512725 4.018182 -2.270600 8.321945 -3.640757 -13.757444 11.284514
3.428415 3.999664 -2.206566 8.285110 -3.524387 -13.720464 11.286550
3.341298 3.979728 -2.141650 8.246183 -3.400960 -13.679915 11.288907
3.250152 3.955167 -2.074058 8.199700 -3.270553 -13.627056 11.291563
3.164091 3.937236 -2.013750 8.164389 -3.136185 -13.591214 11.294935
3.077404 3.922247 -1.956224 8.134102 -2.990541 -13.563319 11.299082
2.995919 3.904286 -1.902499 8.129886 -2.856182 -13.523662 11.303071
2.893575 3.900929 -1.838187 8.120739 -2.686604 -13.529455 11.309536
2.777894 3.902274 -1.764621 8.120600 -2.506641 -13.549509 11.317276
2.659769 3.911926 -1.691978 8.134699 -2.319511 -13.591999 11.326690
2.549872 3.930595 -1.630720 8.162954 -2.123507 -13.656988 11.337832
2.447610 3.934412 -1.592405 8.204490 -1.964811 -13.719009 11.348833
2.332864 3.971785 -1.533992 8.263703 -1.750787 -13.833724 11.363645
2.212541 4.014169 -1.473087 8.330878 -1.527952 -13.961255 11.380422
2.099312 4.066001 -1.421632 8.412462 -1.299860 -14.111686 11.399212
1.998180 4.102689 -1.399955 8.499121 -1.094377 -14.274437 11.418966
1.900602 4.178865 -1.370484 8.617966 -0.851862 -14.484919 11.442590
1.807693 4.264237 -1.348069 8.750318 -0.603800 -14.717059 11.468803
1.720589 4.362359 -1.334742 8.901759 -0.348715 -14.979885 11.497874
1.631243 4.470730 -1.323867 9.068240 -0.080467 -15.267318 11.530183
1.550128 4.568830 -1.332615 9.224728 0.162764 -15.526745 11.563367
1.470362 4.685357 -1.334600 9.400223 0.440784 -15.828599 11.601911
1.402471 4.796089 -1.345699 9.563880 0.713225 -16.110664 11.643713
1.344691 4.901158 -1.362163 9.716544 0.970588 -16.373432 11.689800
1.298991 5.006380 -1.392631 9.857481 1.174097 -16.577179 11.738304
1.334385 5.045633 -1.452538 9.896781 1.282315 -16.643601 11.788546
1.350378 5.112631 -1.492684 9.984200 1.362546 -16.783771 11.848651
1.396110 5.168297 -1.537386 10.054292 1.349959 -16.885823 11.916414
1.483765 5.207086 -1.594950 10.097334 1.234063 -16.933403 11.993159
1.609190 5.231016 -1.661215 10.117303 1.012791 -16.932282 12.079453
1.763790 5.244061 -1.733213 10.121064 0.705353 -16.895237 12.174743
1.930915 5.252065 -1.811776 10.116988 0.378692 -16.841824 12.277332
2.080209 5.303423 -1.897745 10.136074 0.095938 -16.750997 12.367667
2.194907 5.339478 -1.983531 10.172905 -0.007815 -16.780711 12.455106
2.356136 5.354027 -2.127183 10.168813 -0.041568 -16.748725 12.523921
2.430763 5.416955 -2.235933 10.241673 0.092569 -16.854943 12.583219
2.481785 5.484285 -2.341587 10.320577 0.304666 -16.976052 12.630905
2.545135 5.600042 -2.452481 10.397085 0.463392 -17.028407 12.661985
2.623805 5.648023 -2.563225 10.447616 0.592311 -17.093941 12.674327
2.724328 5.678482 -2.670211 10.473916 0.625235 -17.110648 12.664538
2.855244 5.683375 -2.770672 10.464894 0.520550 -17.057052 12.625883
3.011218 5.647916 -2.859096 10.396875 0.286787 -16.895187 12.563138
3.198554 5.679517 -2.927920 10.299104 -0.082458 -16.649489 12.477129
3.419124 5.577849 -2.989329 10.139810 -0.657775 -16.308349 12.344759
3.646771 5.466337 -3.038270 9.969423 -1.311198 -15.941086 12.197372
3.866508 5.352394 -3.081207 9.796814 -1.958278 -15.569792 12.053551
4.071888 5.346565 -3.128343 9.596282 -2.469334 -15.189528 11.932964
4.266856 5.211093 -3.183395 9.385868 -2.952179 -14.771391 11.824179
4.448164 5.060570 -3.233903 9.150351 -3.386059 -14.315345 11.729316
4.616626 4.896742 -3.284270 8.891551 -3.755188 -13.825769 11.656427
4.768753 4.730058 -3.334621 8.625248 -4.049186 -13.328723 11.599517
4.906902 4.560494 -3.385799 8.351336 -4.272592 -12.823998 11.563598
5.035750 4.409117 -3.441688 8.103349 -4.440317 -12.364613 11.546074
5.154614 4.268654 -3.490785 7.870310 -4.589989 -11.928779 11.538374
5.263179 4.188555 -3.532920 7.589628 -4.684444 -11.450430 11.545142
5.364928 4.011568 -3.569751 7.291776 -4.764485 -10.913206 11.559305
5.465864 3.837856 -3.606734 6.996344 -4.828048 -10.378963 11.580244
5.564882 3.673177 -3.640708 6.713509 -4.887826 -9.863708 11.604696
5.665606 3.516998 -3.675786 6.443083 -4.942252 -9.367667 11.630659
5.778131 3.374928 -3.725378 6.194011 -4.981574 -8.905969 11.665646
5.879724 3.289329 -3.758127 5.922724 -5.014900 -8.418227 11.703773
5.994257 3.174161 -3.809050 5.715061 -5.049140 -8.024832 11.744561
6.118456 3.087403 -3.871312 5.551040 -5.080171 -7.700229 11.788088
6.251135 3.026831 -3.944169 5.426678 -5.106475 -7.438985 11.833253
6.299521 2.916891 -3.907426 5.230420 -5.190878 -7.063326 11.880769
6.463488 2.927708 -4.023841 5.211612 -5.196384 -6.975168 11.925583
6.633335 2.923524 -4.149152 5.170068 -5.167894 -6.850288 11.970867
6.806148 3.006665 -4.280560 5.253011 -5.157894 -6.916896 12.014591
6.976565 3.130693 -4.413235 5.389552 -5.143700 -7.066301 12.055855
7.072791 3.609076 -4.625651 5.783624 -4.712716 -7.548201 12.091859
7.313793 3.552057 -4.707347 5.677102 -5.001264 -7.291058 12.126108
7.492822 3.825894 -4.846149 6.003811 -5.030690 -7.728601 12.154426
7.662284 4.196687 -5.000622 6.317007 -5.010762 -7.944655 12.178068
7.839599 4.454760 -5.151914 6.598876 -4.983327 -8.321434 12.194051
8.021110 4.732262 -5.311060 6.895455 -4.948065 -8.721602 12.203250
8.209177 5.032769 -5.483185 7.209952 -4.899037 -9.150519 12.205301
8.406254 5.350529 -5.672996 7.533367 -4.829485 -9.594995 12.200007
8.585465 5.869543 -5.900876 7.945926 -4.763102 -9.820409 12.190006
8.807509 6.218552 -6.124047 8.281341 -4.688352 -10.286943 12.170210
9.026569 6.574919 -6.343560 8.612890 -4.622863 -10.746700 12.143699
9.245319 6.933680 -6.567639 8.933693 -4.553553 -11.191599 12.110755
9.468026 7.295348 -6.796207 9.245656 -4.492924 -11.622621 12.072091
9.689357 7.655554 -7.008473 9.547013 -4.479709 -12.032021 12.028491
9.889335 8.107049 -7.222214 9.888298 -4.534720 -12.300622 11.981452
10.108077 8.462738 -7.395628 10.170335 -4.635778 -12.667346 11.929758
10.500480 8.811079 -7.661166 10.448372 -4.935065 -12.992941 11.874734
10.695150 9.121366 -7.752802 10.670966 -5.182427 -13.241258 11.817851
10.886142 9.406548 -7.813564 10.864577 -5.506058 -13.444251 11.759645
11.078380 9.653550 -7.839469 11.017571 -5.913803 -13.573205 11.700434
11.221679 9.961188 -7.863391 11.194489 -6.371900 -13.512628 11.640311
11.393637 10.132612 -7.815837 11.269242 -6.905541 -13.505097 11.579554
11.563927 10.263907 -7.741358 11.304738 -7.494811 -13.427714 11.517935
11.922828 10.375745 -7.816858 11.319483 -8.171366 -13.292597 11.455023
12.039854 10.453976 -7.677825 11.302065 -8.789260 -13.114220 11.390046
12.151386 10.518682 -7.622398 11.255118 -9.237166 -12.927139 11.326945
12.267033 10.536275 -7.592106 11.156198 -9.639740 -12.665683 11.262831
12.377352 10.522156 -7.580806 11.021865 -9.991955 -12.355570 11.197819
12.489601 10.476496 -7.589742 10.852908 -10.304839 -11.996648 11.131946
12.765112 10.473833 -7.836543 10.717514 -10.691416 -11.499304 11.063996
12.848044 10.385313 -7.869417 10.495050 -10.892850 -11.061833 10.996386
12.929078 10.288262 -7.938014 10.256404 -11.022680 -10.623178 10.929842
13.011177 10.195815 -8.066101 10.011321 -11.034515 -10.193839 10.867196
13.098470 10.129863 -8.271690 9.777872 -10.907803 -9.805964 10.812007
13.131443 10.008510 -8.478932 9.538656 -10.904202 -9.353124 10.762757
13.231009 9.852341 -8.530744 9.250246 -11.077375 -8.823809 10.715801
13.348198 9.724745 -8.622731 8.985314 -11.209952 -8.333641 10.673324
13.475120 9.619963 -8.729871 8.741683 -11.334735 -7.872878 10.633100
13.608253 9.526120 -8.823837 8.513078 -11.497615 -7.423133 10.593564
13.754090 9.436760 -8.884497 8.298293 -11.748455 -6.970608 10.553274
14.067808 9.426037 -9.048089 8.150853 -12.159561 -6.568969 10.514205
14.145193 9.551806 -9.053164 8.158808 -12.471643 -6.417428 10.472407
14.239033 9.685237 -9.097149 8.164204 -12.741698 -6.278337 10.431892
14.238289 9.708301 -9.248703 8.109854 -13.003660 -6.114041 10.392429
14.272227 9.874075 -9.441639 8.095481 -12.859322 -6.046642 10.365430
14.415424 9.716531 -9.005126 7.953869 -14.063414 -5.439022 10.309765
14.620405 9.981858 -9.220987 8.045288 -14.261257 -5.427784 10.269463
14.698721 10.057302 -9.166347 8.012315 -14.655425 -5.167894 10.224949
14.750014 10.134677 -9.109839 7.976985 -15.006947 -4.918103 10.179042
14.926246 10.309984 -9.243715 7.983556 -15.268258 -4.746102 10.134043
14.918358 10.388382 -9.162747 7.945748 -15.545593 -4.498925 10.083569
14.899402 10.462459 -9.087576 7.898517 -15.784607 -4.257699 10.031845
14.824262 10.518258 -9.078025 7.844272 -16.000858 -4.052507 9.979221
14.790456 10.598737 -9.013624 7.796409 -16.184617 -3.828462 9.925783
14.748020 10.674898 -8.951590 7.740941 -16.338763 -3.601863 9.871442
14.710804 10.756367 -8.906210 7.682230 -16.466377 -3.378978 9.816662
14.825406 10.942940 -9.009172 7.672012 -16.646877 -3.205580 9.763525
14.743196 11.002169 -8.921243 7.594243 -16.748243 -2.953280 9.705927
14.670445 11.054133 -8.827496 7.509087 -16.872130 -2.694886 9.648376
14.598980 11.111678 -8.731335 7.428428 -17.002415 -2.441889 9.591195
14.520792 11.181276 -8.632166 7.357895 -17.130156 -2.206332 9.534291
14.449944 11.249166 -8.521532 7.289431 -17.292153 -1.961071 9.476977
14.289422 11.263683 -8.499191 7.185842 -17.591285 -1.791439 9.419290
14.220604 11.345952 -8.344066 7.148355 -17.861823 -1.556844 9.361688
14.117386 11.521750 -8.424197 7.166754 -18.329788 -1.406532 9.304604
14.014021 11.584622 -8.225310 7.127174 -18.614527 -1.153702 9.243962
13.906679 11.653831 -8.021755 7.096338 -18.904859 -0.918660 9.182901
13.617551 11.708374 -7.788682 7.059771 -18.891484 -0.806469 9.127348
13.494845 11.794094 -7.596828 7.045660 -19.141047 -0.623143 9.069962
13.257863 11.898763 -7.544800 7.030046 -19.376560 -0.400465 9.012949
13.143596 11.977227 -7.381879 7.002017 -19.568166 -0.204338 8.955277
13.017368 11.924508 -7.104919 6.925283 -19.889331 0.134982 8.888903
13.006563 12.115077 -7.190829 6.867633 -19.793680 0.270603 8.838491
12.868321 12.144510 -7.033180 6.803423 -19.925367 0.516491 8.777695
12.544158 12.221718 -6.924940 6.739213 -19.565938 0.520052 8.736088
12.400676 12.256804 -6.836654 6.643452 -19.475297 0.696085 8.682814
12.264002 12.315540 -6.798018 6.541508 -19.291672 0.848249 8.633619
11.725082 12.016557 -6.173976 6.491350 -19.431732 1.065988 8.596051
11.984578 11.967373 -6.214631 6.271612 -19.724914 1.646866 8.537323
11.895703 11.757207 -6.041570 6.044738 -19.712653 2.093515 8.443813
11.522551 11.672603 -5.974355 5.857166 -19.249064 2.181958 8.392158
11.382539 11.482961 -5.782149 5.670752 -19.203445 2.517681 8.316521
11.249829 11.294677 -5.606126 5.482425 -19.130196 2.850766 8.246223
11.088899 11.014787 -5.404765 5.254402 -19.185140 3.245849 8.173079
10.952910 10.665611 -5.088100 5.048516 -19.323826 3.713809 8.095141
10.805714 10.221591 -4.688632 4.837257 -19.578780 4.251967 8.009630
10.648185 9.746880 -4.258026 4.638166 -19.881967 4.795294 7.916414
10.482435 10.286537 -4.778733 4.547939 -18.811672 4.322549 7.860546
10.346663 10.730378 -5.107037 4.508743 -17.980074 3.970214 7.882599
10.231723 11.033489 -5.240997 4.496879 -17.570780 3.789627 7.923239
9.571183 10.273214 -4.634227 4.253543 -17.241065 4.017336 7.995100
9.630423 10.603939 -4.857846 4.206074 -16.962845 3.950618 7.975518
9.358473 10.209169 -4.514415 4.065817 -16.954998 4.188502 7.956178
9.074462 9.754493 -4.128512 3.933630 -17.012516 4.453854 7.923426
8.755653 9.233483 -3.790170 3.777504 -17.103494 4.679861 7.883105
8.456630 8.709176 -3.399923 3.641419 -17.141886 4.934501 7.837640
8.153231 8.148624 -3.045441 3.495706 -17.181062 5.160686 7.789905
7.893434 7.660543 -2.716887 3.375091 -17.212001 5.372218 7.707265
7.648502 7.252332 -2.442859 3.280322 -17.208407 5.512449 7.587568
7.447456 6.875286 -2.194877 3.198645 -17.263546 5.656925 7.447247
7.135618 6.416750 -1.938517 3.120549 -17.231697 5.673747 7.282385
6.999131 6.070520 -1.718253 3.061469 -17.402424 5.822972 7.098719
6.921350 5.765443 -1.531642 3.008418 -17.639696 6.000153 6.900721
6.903808 5.465976 -1.392508 2.951356 -17.962467 6.199339 6.683643
6.937038 5.200463 -1.246672 2.900081 -18.359455 6.455411 6.442440
7.018064 4.961545 -1.116149 2.855157 -18.839531 6.742776 6.179057
7.173385 4.731145 -1.064796 2.812638 -19.385187 7.023347 5.895527
4.544551 -0.397654 2.128341 2.130192 -19.369846 8.158731 5.717537
7.496112 4.009372 -0.681990 2.675554 -20.886094 7.946350 5.141168
7.741483 3.622479 -0.482099 2.629693 -21.876418 8.492238 4.778636
8.033968 3.239456 -0.303335 2.539891 -22.862929 9.114120 4.348112
8.335598 2.820178 -0.095541 2.451244 -23.934742 9.775603 3.878859
8.655093 2.362562 0.130018 2.355089 -25.076577 10.483325 3.369793
8.992264 1.848429 0.376999 2.245466 -26.286369 11.247055 2.811572
9.345500 1.261563 0.660252 2.126630 -27.595652 12.075813 2.191425
9.627902 0.361231 1.105865 2.040400 -29.132987 12.954611 1.414266
10.009116 -0.465815 1.515506 1.902312 -30.729867 13.951755 0.616910
10.378924 -1.391696 1.986865 1.770774 -32.437274 14.991694 -0.260360
10.735885 -2.443900 2.515736 1.632916 -34.223461 16.076844 -1.240612
11.119881 -3.612635 3.044633 1.491672 -36.024734 17.179289 -2.331119
11.501427 -4.957870 3.666654 1.322219 -37.998795 18.398369 -3.543579
11.989262 -6.408940 4.143336 1.176495 -39.898908 19.505175 -4.882815
13.919625 -5.778864 4.830371 2.024219 -47.260260 21.637740 -5.840139
12.837871 -10.521987 5.979303 0.921772 -45.269846 22.388780 -7.875429
13.385680 -11.961337 6.425055 0.715336 -47.165406 23.568149 -9.862577
13.950315 -14.105040 7.252035 0.558514 -49.890418 25.063941 -11.834149
14.616621 -16.222745 8.025566 0.460057 -52.823513 26.524145 -13.976074
15.568499 -18.152998 8.562433 0.292433 -55.817165 28.138999 -16.209094
16.348702 -20.518715 9.284088 0.196660 -58.846079 29.626240 -18.608801
17.017343 -23.347267 10.087054 0.147335 -61.763792 30.930476 -21.130578
17.742385 -25.893224 10.850372 0.225024 -64.958693 32.155833 -23.798584
18.582848 -28.624159 11.522832 0.284972 -68.139550 33.396787 -26.549743
19.482490 -31.367958 12.116017 0.401788 -71.353834 34.541141 -29.366108
20.416805 -34.079436 12.606873 0.575539 -74.503934 35.542050 -32.146336
21.434439 -36.697935 12.899708 0.828972 -77.534044 36.283333 -34.884607
22.411310 -39.261586 13.165693 1.121502 -80.489479 36.955882 -37.492144
23.378117 -41.672541 13.292640 1.466491 -83.224727 37.419512 -39.881610
24.361751 -43.401020 13.002520 1.767255 -85.169243 37.543805 -41.221357
25.110199 -45.299133 12.820735 2.228141 -87.001218 37.359103 -42.782928
25.754480 -46.835330 12.489556 2.711136 -88.376281 36.915185 -43.907894
26.293886 -47.967999 12.019857 3.212478 -89.324793 36.238877 -44.685082
26.720191 -48.564740 11.292752 3.721352 -89.608985 35.153060 -44.910490
26.854203 -48.613363 10.518315 4.174150 -89.082062 33.894835 -44.454556
26.704502 -47.911586 9.559877 4.532732 -87.478380 32.327129 -43.167985
26.198660 -46.341205 8.413497 4.748452 -84.546175 30.430603 -40.894931
25.389260 -43.971271 7.112869 4.779240 -80.393054 28.339601 -37.835475
24.256941 -40.790987 5.670536 4.580361 -74.910143 26.091394 -33.943677
22.813878 -36.842918 4.123639 4.125037 -68.137446 23.757161 -29.317465
21.188303 -32.454835 2.581890 3.462767 -60.635969 21.502021 -24.420682
19.530915 -27.982829 1.130105 2.652430 -52.982370 19.477423 -19.691120
18.062177 -23.931867 -0.141931 1.835757 -46.073923 17.787812 -15.632725
16.695866 -20.221203 -1.217040 0.996355 -39.693714 16.430046 -12.044377
15.491826 -16.967770 -2.105427 0.196480 -34.067879 15.352343 -9.012180
14.551899 -14.456389 -2.768974 -0.449474 -29.683802 14.558920 -6.773210
13.633045 -11.661255 -3.265603 -1.181008 -25.702775 14.113170 -4.738232
12.831500 -10.157901 -3.763733 -1.667309 -21.948694 13.309579 -2.941430
12.177501 -8.588367 -4.083740 -2.149766 -19.070933 12.899005 -1.581568
11.629329 -7.387911 -4.297562 -2.517520 -16.810580 12.554312 -0.568033
11.094024 -6.375526 -4.436429 -2.814878 -14.824929 12.201357 0.311186
10.650774 -5.525732 -4.564593 -3.058425 -13.191878 11.809778 1.027292
10.290331 -4.855456 -4.678487 -3.260863 -11.890872 11.387418 1.592441
9.792682 -4.214309 -4.681164 -3.419977 -10.453561 11.019864 2.231662
9.424879 -3.607988 -4.785249 -3.552479 -9.290758 10.541331 2.760721
8.994629 -3.201776 -4.739843 -3.625694 -8.228732 10.180819 3.227792
8.605874 -2.882502 -4.699919 -3.662214 -7.315052 9.800455 3.627670
8.211987 -2.634494 -4.634753 -3.668033 -6.468533 9.409652 4.005418
7.854644 -2.488784 -4.569117 -3.630977 -5.766053 9.003979 4.308380
7.542275 -2.400792 -4.528210 -3.574319 -5.154600 8.584340 4.567547
7.322735 -2.306345 -4.541771 -3.622358 -4.430827 8.325056 4.879991
7.107487 -2.357002 -4.509697 -3.533355 -4.056936 7.971066 5.009040
6.965392 -2.442548 -4.522955 -3.442065 -3.788491 7.624742 5.109488
6.796882 -2.571876 -4.513914 -3.324529 -3.507611 7.257478 5.167122
6.684457 -2.753186 -4.525999 -3.198083 -3.324122 6.918094 5.251254
6.599835 -2.943787 -4.540662 -3.064558 -3.223371 6.603640 5.281090
6.648866 -3.059164 -4.643283 -3.027160 -3.165682 6.423789 5.315794
6.596353 -3.265305 -4.669181 -2.876582 -3.157246 6.120213 5.307972
6.577438 -3.473153 -4.704972 -2.740835 -3.183907 5.860342 5.291888
6.593474 -3.666153 -4.784229 -2.623695 -3.198614 5.598568 5.274224
6.444064 -3.844196 -4.742025 -2.362785 -3.347288 5.159976 5.258720
6.478156 -4.038715 -4.817411 -2.271335 -3.336664 4.962292 5.250525
6.546535 -4.191855 -4.945268 -2.207233 -3.325145 4.773540 5.241865
6.612704 -4.352113 -5.039663 -2.156102 -3.287051 4.640301 5.231174
6.677459 -4.475536 -5.128192 -2.126415 -3.234313 4.540121 5.214923
6.760684 -4.585419 -5.228502 -2.115776 -3.183201 4.471755 5.202908
6.836896 -4.680510 -5.317706 -2.110363 -3.125999 4.415402 5.183318
6.924737 -4.768847 -5.410541 -2.117531 -3.069759 4.383395 5.168738
7.012469 -4.848268 -5.501805 -2.129109 -3.013811 4.360187 5.154533
7.099421 -4.918188 -5.588377 -2.143254 -2.968943 4.347314 5.138562
7.053815 -5.010671 -5.615908 -2.007665 -3.047192 4.093523 5.122195
7.122759 -5.083836 -5.692186 -2.003218 -3.021934 4.054655 5.107945
7.196272 -5.164135 -5.772797 -1.989696 -3.014522 4.010161 5.097557
7.286630 -5.261424 -5.866078 -1.974794 -3.017038 3.968450 5.098282
7.386720 -5.360693 -5.968337 -1.966462 -3.009572 3.934609 5.104712
7.495474 -5.454793 -6.078263 -1.964129 -3.001117 3.890542 5.111503
7.600447 -5.557866 -6.188436 -1.950987 -2.997828 3.849965 5.117959
7.705954 -5.654710 -6.300813 -1.941600 -2.986380 3.812303 5.122235
7.805685 -5.746233 -6.410647 -1.927399 -2.979824 3.767788 5.124569
7.878538 -5.802597 -6.499364 -1.915461 -2.967209 3.723891 5.122808
7.939566 -5.795266 -6.570490 -1.929306 -2.950731 3.650248 5.117611
7.946267 -5.781336 -6.610138 -1.916077 -2.919224 3.593681 5.110083
7.941319 -5.715657 -6.645437 -1.927609 -2.892134 3.507849 5.101249
7.897353 -5.639316 -6.639053 -1.924650 -2.847368 3.462405 5.092144
7.816995 -5.522273 -6.597878 -1.924550 -2.805809 3.422968 5.082432
7.639743 -5.171318 -6.447497 -2.045040 -2.742468 3.510872 5.072241
7.579919 -5.196760 -6.453600 -1.934316 -2.798491 3.316281 5.062340
7.434899 -5.037103 -6.349069 -1.912252 -2.825843 3.256514 5.052209
7.281804 -4.892341 -6.233973 -1.871810 -2.873611 3.184707 5.042071
7.125560 -4.761373 -6.114554 -1.815519 -2.950055 3.098205 5.032096
6.967221 -4.643332 -5.994414 -1.747342 -3.039613 2.997101 5.022283
6.820411 -4.545501 -5.885958 -1.675865 -3.125615 2.889198 5.012704
6.689947 -4.460100 -5.800097 -1.609051 -3.206203 2.767314 5.003451
6.638218 -4.477943 -5.750582 -1.496697 -3.442636 2.657428 4.995107
6.446861 -4.329579 -5.640733 -1.482825 -3.288369 2.543591 4.986318
6.379877 -4.318736 -5.614106 -1.399543 -3.389141 2.392419 4.978468
6.314932 -4.325131 -5.589364 -1.326961 -3.428002 2.264383 4.971042
6.258985 -4.347296 -5.574069 -1.246596 -3.476022 2.127543 4.964042
6.222950 -4.382316 -5.574043 -1.173914 -3.516978 2.001831 4.957244
6.194139 -4.421039 -5.580381 -1.105278 -3.550371 1.880597 4.950537
6.160348 -4.452617 -5.582778 -1.039016 -3.577689 1.761545 4.943852
6.024124 -4.429558 -5.525054 -0.901484 -3.650249 1.534508 4.936345
5.982470 -4.457793 -5.520717 -0.831222 -3.682443 1.412167 4.929066
5.935937 -4.476686 -5.516346 -0.770608 -3.682700 1.293845 4.922229
5.874184 -4.480087 -5.503299 -0.715234 -3.656945 1.173847 4.914037
5.821322 -4.474415 -5.489301 -0.678224 -3.625040 1.084379 4.904525
5.821595 -4.467276 -5.485748 -0.686261 -3.628087 1.090791 4.894742
5.617011 -4.429695 -5.408688 -0.545697 -3.556228 0.804209 4.879249
5.594247 -4.432384 -5.405466 -0.529946 -3.534389 0.760379 4.865307
5.555436 -4.421617 -5.393741 -0.516233 -3.490099 0.711623 4.852193
5.530137 -4.411411 -5.385774 -0.514305 -3.450496 0.686731 4.840247
5.496869 -4.390017 -5.371177 -0.512762 -3.407505 0.666308 4.826231
5.467752 -4.375544 -5.359036 -0.512051 -3.367748 0.645191 4.809448
5.441593 -4.366715 -5.348655 -0.507045 -3.338740 0.622301 4.791847
5.422996 -4.368346 -5.344974 -0.498218 -3.316840 0.596720 4.774666
5.421402 -4.389353 -5.356556 -0.486158 -3.300602 0.568698 4.761493
5.414670 -4.431106 -5.366466 -0.456278 -3.262852 0.537165 4.748928
5.426403 -4.473055 -5.395763 -0.437347 -3.240854 0.495471 4.739044
5.441500 -4.525286 -5.432583 -0.411310 -3.217842 0.441232 4.728902
5.462489 -4.584830 -5.475748 -0.382925 -3.195949 0.383684 4.722186
5.494597 -4.659899 -5.532217 -0.349755 -3.172440 0.317233 4.718640
5.532380 -4.766726 -5.566555 -0.304188 -3.087594 0.256229 4.720948
5.590927 -4.872600 -5.652753 -0.266941 -3.052494 0.177454 4.722178
5.636449 -4.952963 -5.719582 -0.238674 -3.025538 0.117914 4.725728
5.662039 -5.002811 -5.761351 -0.216971 -3.009679 0.074690 4.727632
5.674236 -5.033334 -5.775856 -0.198213 -2.981300 0.041867 4.729996
5.683898 -5.055385 -5.795548 -0.183866 -2.976443 0.016145 4.732446
5.688072 -5.065829 -5.805637 -0.173266 -2.979327 0.000298 4.735558
5.684346 -5.064632 -5.804923 -0.164356 -2.990770 -0.008869 4.738005
5.670831 -5.052345 -5.794327 -0.156656 -3.002999 -0.015719 4.737668
5.651199 -5.046475 -5.775089 -0.145910 -3.008959 -0.012761 4.738259
5.636741 -5.030175 -5.760772 -0.142078 -3.021315 -0.013088 4.739600
5.624259 -5.009806 -5.743695 -0.143878 -3.036788 -0.002357 4.743096
5.609635 -4.984245 -5.721914 -0.148456 -3.055484 0.014518 4.746588
5.588369 -4.955129 -5.696709 -0.151862 -3.067890 0.026361 4.746009
5.569116 -4.933964 -5.677863 -0.151880 -3.071521 0.028262 4.743794
5.551024 -4.933025 -5.668439 -0.142568 -3.069872 0.024253 4.739998
5.543155 -4.931815 -5.665777 -0.137087 -3.063551 0.012023 4.737533
5.537827 -4.932180 -5.664432 -0.132325 -3.058580 0.001619 4.736275
5.531085 -4.931257 -5.661976 -0.127666 -3.052600 -0.009121 4.733925
5.527925 -4.931117 -5.661601 -0.126346 -3.043615 -0.015450 4.732330
5.531172 -4.937596 -5.669037 -0.126668 -3.032732 -0.009910 4.733289
5.540106 -4.942213 -5.675513 -0.132437 -3.023230 -0.004236 4.735628
5.549466 -4.945417 -5.680662 -0.139022 -3.018117 0.004808 4.738695
5.556092 -4.946649 -5.683160 -0.144029 -3.017221 0.013005 4.741351
5.559301 -4.946743 -5.682966 -0.145824 -3.021813 0.018128 4.743694
5.558030 -4.943898 -5.678572 -0.144945 -3.032631 0.021457 4.745614
5.554422 -4.939141 -5.672416 -0.143626 -3.043640 0.024126 4.746713
5.554055 -4.934765 -5.672464 -0.143246 -3.046144 0.030240 4.747942
5.553309 -4.933550 -5.671136 -0.143094 -3.047961 0.030748 4.749283
5.553391 -4.934511 -5.671194 -0.141568 -3.050477 0.029165 4.751318
5.553354 -4.935936 -5.671789 -0.139836 -3.051537 0.026534 4.752810
5.551906 -4.939924 -5.674077 -0.135125 -3.048876 0.017009 4.752792
5.549596 -4.946445 -5.678275 -0.128085 -3.042059 0.001547 4.750946
5.547845 -4.951243 -5.681437 -0.123102 -3.036388 -0.009750 4.749210
5.555228 -4.953732 -5.684780 -0.127516 -3.038916 -0.000887 4.750625
5.558432 -4.954394 -5.685397 -0.129304 -3.043338 0.004294 4.752321
5.560023 -4.954386 -5.686344 -0.128851 -3.043353 0.008636 4.753701
5.561027 -4.954829 -5.686867 -0.129463 -3.044029 0.010027 4.754087
5.561124 -4.954157 -5.686660 -0.130361 -3.043805 0.011477 4.753797
5.558370 -4.949804 -5.683504 -0.132027 -3.043280 0.014114 4.752599
5.703806 -5.033948 -5.772541 -0.183402 -3.079348 0.119920 4.756376
5.557386 -4.946233 -5.681881 -0.135767 -3.044141 0.011709 4.750217
5.557567 -4.946473 -5.682066 -0.135705 -3.044166 0.011613 4.750267
5.557913 -4.946717 -5.682267 -0.135752 -3.044416 0.011810 4.750442
5.557498 -4.946248 -5.681899 -0.135835 -3.044253 0.011881 4.750303
5.558476 -4.947028 -5.681374 -0.137284 -3.045740 0.010743 4.750341
5.558923 -4.947317 -5.681652 -0.137395 -3.045916 0.011015 4.750508
5.558455 -4.946899 -5.681254 -0.137335 -3.045980 0.010936 4.750430
6.024590 -5.511610 -5.938588 0.177229 -4.169829 -0.023100 4.812662
5.559387 -4.948021 -5.682313 -0.137269 -3.045370 0.010533 4.750682
5.558725 -4.947401 -5.681699 -0.137162 -3.045676 0.010484 4.750392
5.558433 -4.947105 -5.681474 -0.137201 -3.045478 0.010459 4.750245
5.558286 -4.946853 -5.681811 -0.136664 -3.044794 0.011063 4.750307
5.558244 -4.946823 -5.681814 -0.136683 -3.044621 0.011017 4.750226
5.558034 -4.946564 -5.681568 -0.136703 -3.044772 0.011125 4.750256
5.558033 -4.946598 -5.681553 -0.136641 -3.044931 0.011092 4.750296
5.558101 -4.946649 -5.681602 -0.136650 -3.045045 0.011107 4.750326
5.558186 -4.946784 -5.681682 -0.136575 -3.045164 0.011030 4.750393
5.558829 -4.947283 -5.682100 -0.136626 -3.045568 0.011299 4.750674
5.558469 -4.946958 -5.681801 -0.136609 -3.045479 0.011236 4.750584
5.558357 -4.946871 -5.681750 -0.136610 -3.045313 0.011155 4.750505
5.558822 -4.947351 -5.682174 -0.136590 -3.045320 0.011119 4.750600
5.557866 -4.946411 -5.681440 -0.136675 -3.044776 0.011016 4.750201
5.558405 -4.947004 -5.681959 -0.136610 -3.044802 0.010922 4.750326
5.558473 -4.947002 -5.681970 -0.136665 -3.044863 0.011047 4.750345
5.557962 -4.946483 -5.681524 -0.136685 -3.044794 0.011053 4.750216
5.558055 -4.946586 -5.681607 -0.136674 -3.044802 0.011037 4.750235
5.558531 -4.947028 -5.681941 -0.136634 -3.045168 0.011136 4.750443
5.558600 -4.947101 -5.681960 -0.136584 -3.045405 0.011159 4.750548
5.558382 -4.946895 -5.681806 -0.136602 -3.045244 0.011113 4.750457
5.558774 -4.947284 -5.682117 -0.136633 -3.045432 0.011181 4.750567
5.558618 -4.947140 -5.682041 -0.136674 -3.045158 0.011126 4.750454
5.558078 -4.946519 -5.681542 -0.136777 -3.045026 0.011245 4.750289
5.557853 -4.946366 -5.681385 -0.136719 -3.044983 0.011126 4.750229
5.558963 -4.947677 -5.682516 -0.136563 -3.044817 0.010778 4.750409
5.558433 -4.946937 -5.681883 -0.136694 -3.044928 0.011113 4.750349
5.558052 -4.946666 -5.681590 -0.136579 -3.044999 0.010948 4.750280
5.558657 -4.947187 -5.682053 -0.136634 -3.045140 0.011109 4.750492
5.557861 -4.946411 -5.681363 -0.136624 -3.045100 0.011076 4.750291
5.558756 -4.947307 -5.682149 -0.136616 -3.045147 0.011081 4.750512
5.558409 -4.946987 -5.681870 -0.136603 -3.045086 0.011032 4.750426
10.431376 -9.917837 -10.320257 -0.290933 -1.845888 -0.268048 4.859614
5.558332 -4.946889 -5.681813 -0.136677 -3.045009 0.011095 4.750344
5.558030 -4.946672 -5.681609 -0.136620 -3.044907 0.010951 4.750246
5.558437 -4.947007 -5.681899 -0.136656 -3.045067 0.011087 4.750363
5.558329 -4.946864 -5.681755 -0.136661 -3.045218 0.011167 4.750415
5.557963 -4.946524 -5.681431 -0.136669 -3.045052 0.011106 4.750280
5.558507 -4.947161 -5.681970 -0.136593 -3.045013 0.010956 4.750405
5.558273 -4.946792 -5.681659 -0.136689 -3.045167 0.011194 4.750403
5.557578 -4.946090 -5.681050 -0.136715 -3.045079 0.011199 4.750234
5.558847 -4.947355 -5.682217 -0.136670 -3.045080 0.011166 4.750503
5.558138 -4.946576 -5.681538 -0.136725 -3.045145 0.011293 4.750369
5.557903 -4.946499 -5.681450 -0.136613 -3.044956 0.011011 4.750252
5.558546 -4.947069 -5.681944 -0.136645 -3.045144 0.011152 4.750467
5.557754 -4.946330 -5.681309 -0.136637 -3.044928 0.011040 4.750209
5.558506 -4.947051 -5.681933 -0.136645 -3.045053 0.011111 4.750414
5.558159 -4.946669 -5.681611 -0.136691 -3.045047 0.011173 4.750329
5.557784 -4.946420 -5.681373 -0.136601 -3.044899 0.010947 4.750194
5.558757 -4.947237 -5.682087 -0.136684 -3.045228 0.011243 4.750512
5.558155 -4.946679 -5.681604 -0.136666 -3.045095 0.011150 4.750348
5.557857 -4.946316 -5.681259 -0.136753 -3.045149 0.011275 4.750296
5.558185 -4.946650 -5.681552 -0.136747 -3.045145 0.011260 4.750356
5.558423 -4.946973 -5.681823 -0.136676 -3.045082 0.011107 4.750381
5.558283 -4.946802 -5.681690 -0.136709 -3.045044 0.011147 4.750353
5.558035 -4.946559 -5.681441 -0.136674 -3.045200 0.011157 4.750355
5.558361 -4.946951 -5.681783 -0.136626 -3.045112 0.011031 4.750384
5.558083 -4.946555 -5.681493 -0.136675 -3.045144 0.011192 4.750361
5.557947 -4.946452 -5.681409 -0.136662 -3.045037 0.011119 4.750296
5.558491 -4.946992 -5.681869 -0.136645 -3.045145 0.011137 4.750441
5.558153 -4.946652 -5.681582 -0.136661 -3.045071 0.011129 4.750339
5.558322 -4.946810 -5.681738 -0.136637 -3.045120 0.011128 4.750399
5.558456 -4.946918 -5.681818 -0.136633 -3.045259 0.011185 4.750479
5.558052 -4.946537 -5.681515 -0.136655 -3.045028 0.011115 4.750307
5.558633 -4.947060 -5.681971 -0.136700 -3.045157 0.011237 4.750469
5.558178 -4.946621 -5.681575 -0.136679 -3.045166 0.011205 4.750361
5.558144 -4.946659 -5.681602 -0.136630 -3.045068 0.011075 4.750339
5.558532 -4.947045 -5.681929 -0.136613 -3.045162 0.011086 4.750437
5.558472 -4.946973 -5.681869 -0.136625 -3.045168 0.011110 4.750433
5.558215 -4.946678 -5.681635 -0.136678 -3.045086 0.011165 4.750362
5.558416 -4.946930 -5.681825 -0.136639 -3.045114 0.011097 4.750415
5.558667 -4.947219 -5.682064 -0.136595 -3.045154 0.011038 4.750485
5.558296 -4.946789 -5.681722 -0.136671 -3.045057 0.011125 4.750381
5.558202 -4.946645 -5.681565 -0.136670 -3.045295 0.011232 4.750437
5.558694 -4.947332 -5.682165 -0.136506 -3.045063 0.010863 4.750467
5.558870 -4.947371 -5.682254 -0.136638 -3.045045 0.011084 4.750496
5.557623 -4.946136 -5.681164 -0.136639 -3.044982 0.011060 4.750208
5.586941 -4.964522 -5.699052 -0.144772 -3.056638 0.030526 4.751613
5.558407 -4.946881 -5.681796 -0.136675 -3.045129 0.011159 4.750422
5.558201 -4.946752 -5.681687 -0.136635 -3.044964 0.011013 4.750319
5.558828 -4.947362 -5.682202 -0.136618 -3.045142 0.011066 4.750523
5.558123 -4.946618 -5.681556 -0.136678 -3.045093 0.011137 4.750346
5.558406 -4.946889 -5.681782 -0.136668 -3.045193 0.011164 4.750441
5.558387 -4.946844 -5.681768 -0.136708 -3.045109 0.011194 4.750404
5.558296 -4.946848 -5.681758 -0.136635 -3.045018 0.011024 4.750354
5.558474 -4.946978 -5.681896 -0.136658 -3.045041 0.011079 4.750403
5.558178 -4.946748 -5.681681 -0.136606 -3.044984 0.010964 4.750335
5.558401 -4.946950 -5.681884 -0.136642 -3.044891 0.010983 4.750328
5.558412 -4.946911 -5.681851 -0.136679 -3.044968 0.011084 4.750367
5.557928 -4.946399 -5.681387 -0.136713 -3.045035 0.011160 4.750274
5.558523 -4.947016 -5.681927 -0.136694 -3.045036 0.011126 4.750399
5.558845 -4.947343 -5.682209 -0.136677 -3.045095 0.011124 4.750486
5.557758 -4.946208 -5.681214 -0.136680 -3.045122 0.011183 4.750285
5.558623 -4.947176 -5.682043 -0.136584 -3.045103 0.011004 4.750468
5.558581 -4.946970 -5.681917 -0.136734 -3.045112 0.011268 4.750460
5.557864 -4.946425 -5.681426 -0.136585 -3.044915 0.010938 4.750241
5.559010 -4.947457 -5.682337 -0.136646 -3.045146 0.011147 4.750572
5.557959 -4.946448 -5.681475 -0.136651 -3.044907 0.011048 4.750260
5.558109 -4.946641 -5.681621 -0.136602 -3.044947 0.010981 4.750308
5.558991 -4.947476 -5.682340 -0.136604 -3.045160 0.011079 4.750577
5.558030 -4.946538 -5.681557 -0.136634 -3.044872 0.010998 4.750252
6.370533 -5.390300 -5.775469 -0.045862 -5.285035 0.875837 4.858311
5.558257 -4.946740 -5.681675 -0.136690 -3.045036 0.011104 4.750370
5.558305 -4.946757 -5.681707 -0.136723 -3.045005 0.011145 4.750349
5.558393 -4.946845 -5.681741 -0.136676 -3.045238 0.011170 4.750436
5.558207 -4.946719 -5.681682 -0.136572 -3.045091 0.011021 4.750383
5.558433 -4.946919 -5.681880 -0.136608 -3.045027 0.011053 4.750397
5.558226 -4.946692 -5.681691 -0.136632 -3.044997 0.011080 4.750345
5.558421 -4.946960 -5.681902 -0.136559 -3.045012 0.010960 4.750386
5.558493 -4.946986 -5.681947 -0.136609 -3.044981 0.011033 4.750398
5.558044 -4.946483 -5.681520 -0.136667 -3.044963 0.011128 4.750293
5.558371 -4.946875 -5.681832 -0.136591 -3.045033 0.011027 4.750390
5.558547 -4.947044 -5.681981 -0.136592 -3.045059 0.011042 4.750435
5.558566 -4.947075 -5.681984 -0.136626 -3.045055 0.011031 4.750424
5.558095 -4.946553 -5.681529 -0.136665 -3.045096 0.011119 4.750333
5.558316 -4.946865 -5.681765 -0.136570 -3.045146 0.010976 4.750398
5.558441 -4.946970 -5.681885 -0.136612 -3.045037 0.010997 4.750394
5.558245 -4.946808 -5.681744 -0.136593 -3.044966 0.010933 4.750319
5.558285 -4.946821 -5.681754 -0.136612 -3.045010 0.010987 4.750355
5.558369 -4.946891 -5.681827 -0.136631 -3.044972 0.011003 4.750351
5.558386 -4.946972 -5.681865 -0.136556 -3.045042 0.010905 4.750370
5.558160 -4.946648 -5.681629 -0.136646 -3.045007 0.011067 4.750319
5.558402 -4.946899 -5.681837 -0.136627 -3.045062 0.011060 4.750407
5.558242 -4.946704 -5.681667 -0.136647 -3.045112 0.011117 4.750366
5.558157 -4.946677 -5.681643 -0.136615 -3.045002 0.011010 4.750312
5.558423 -4.946852 -5.681800 -0.136673 -3.045147 0.011178 4.750421
5.558502 -4.947006 -5.681935 -0.136625 -3.045030 0.011039 4.750402
5.558180 -4.946588 -5.681573 -0.136694 -3.045146 0.011213 4.750364
5.558183 -4.946629 -5.681600 -0.136710 -3.045001 0.011146 4.750312
5.558480 -4.946954 -5.681874 -0.136678 -3.045028 0.011104 4.750392
5.558358 -4.946869 -5.681790 -0.136647 -3.045012 0.011043 4.750354
5.558131 -4.946605 -5.681567 -0.136683 -3.045011 0.011105 4.750309
5.558530 -4.946978 -5.681882 -0.136683 -3.045139 0.011164 4.750442
5.558357 -4.946850 -5.681795 -0.136683 -3.044929 0.011067 4.750324
5.558232 -4.946787 -5.681696 -0.136603 -3.045037 0.010979 4.750334
5.558537 -4.946932 -5.681864 -0.136696 -3.045184 0.011240 4.750467
5.558677 -4.947107 -5.682014 -0.136665 -3.045175 0.011181 4.750492
5.558030 -4.946433 -5.681447 -0.136714 -3.045052 0.011210 4.750311
5.557890 -4.946374 -5.681366 -0.136642 -3.045038 0.011079 4.750282
5.558649 -4.947074 -5.681998 -0.136689 -3.045088 0.011183 4.750464
5.558321 -4.946798 -5.681754 -0.136656 -3.044994 0.011086 4.750353
5.558170 -4.946666 -5.681628 -0.136637 -3.045000 0.011055 4.750318
5.558442 -4.946947 -5.681854 -0.136607 -3.045108 0.011053 4.750427
5.558592 -4.947093 -5.681995 -0.136616 -3.045068 0.011049 4.750436
5.557995 -4.946515 -5.681494 -0.136644 -3.044971 0.011013 4.750267
5.558418 -4.946946 -5.681852 -0.136605 -3.045042 0.011002 4.750391
5.558739 -4.947175 -5.682111 -0.136676 -3.044992 0.011129 4.750445
5.557844 -4.946304 -5.681347 -0.136672 -3.044897 0.011081 4.750218
5.558446 -4.946933 -5.681845 -0.136624 -3.045140 0.011084 4.750428
5.558823 -4.947303 -5.682198 -0.136648 -3.045046 0.011081 4.750460
5.557802 -4.946230 -5.681248 -0.136737 -3.044978 0.011170 4.750219
5.558511 -4.946988 -5.681876 -0.136666 -3.045116 0.011110 4.750439
5.558394 -4.946914 -5.681816 -0.136639 -3.045030 0.011021 4.750368
5.558385 -4.946872 -5.681837 -0.136609 -3.044988 0.011029 4.750371
5.558390 -4.946878 -5.681842 -0.136606 -3.044987 0.011025 4.750371
5.558393 -4.946883 -5.681847 -0.136604 -3.044987 0.011022 4.750371
5.558396 -4.946887 -5.681851 -0.136602 -3.044987 0.011019 4.750372
5.558399 -4.946890 -5.681854 -0.136601 -3.044988 0.011016 4.750372
5.558409 -4.946926 -5.681862 -0.136614 -3.045028 0.011007 4.750370
5.558411 -4.946929 -5.681864 -0.136613 -3.045030 0.011005 4.750371
5.558413 -4.946930 -5.681866 -0.136612 -3.045032 0.011005 4.750372
5.558414 -4.946932 -5.681867 -0.136611 -3.045034 0.011005 4.750373
5.558414 -4.946930 -5.681859 -0.136611 -3.045024 0.011006 4.750375
5.558415 -4.946930 -5.681859 -0.136610 -3.045027 0.011007 4.750377
5.558415 -4.946930 -5.681859 -0.136610 -3.045031 0.011009 4.750378
5.558415 -4.946929 -5.681858 -0.136611 -3.045035 0.011012 4.750380
5.558414 -4.946927 -5.681857 -0.136611 -3.045039 0.011014 4.750382
5.558414 -4.946926 -5.681855 -0.136612 -3.045044 0.011018 4.750384
5.558413 -4.946925 -5.681852 -0.136613 -3.045049 0.011022 4.750386
5.558410 -4.946921 -5.681848 -0.136614 -3.045055 0.011027 4.750388
5.558408 -4.946917 -5.681845 -0.136616 -3.045061 0.011033 4.750391
5.558406 -4.946914 -5.681841 -0.136617 -3.045067 0.011039 4.750393
5.558402 -4.946909 -5.681836 -0.136619 -3.045074 0.011045 4.750396
5.558398 -4.946903 -5.681830 -0.136621 -3.045081 0.011053 4.750399
5.558393 -4.946897 -5.681824 -0.136623 -3.045089 0.011061 4.750402
5.558389 -4.946891 -5.681816 -0.136627 -3.045098 0.011069 4.750405
5.558383 -4.946884 -5.681808 -0.136629 -3.045107 0.011078 4.750409
5.558353 -4.946856 -5.681792 -0.136640 -3.045057 0.011074 4.750380
