13.352156 -7.871093 -3.272190 6.663523 0.857279 -11.562767 8.425726
13.352198 -7.871235 -3.272128 6.663671 0.857290 -11.562735 8.425730
13.352238 -7.871374 -3.272068 6.663815 0.857300 -11.562705 8.425734
13.352277 -7.871509 -3.272010 6.663956 0.857310 -11.562675 8.425738
13.352313 -7.871641 -3.271954 6.664093 0.857320 -11.562646 8.425741
13.352347 -7.871769 -3.271901 6.664227 0.857330 -11.562618 8.425744
13.352379 -7.871893 -3.271850 6.664357 0.857339 -11.562591 8.425747
9.302449 0.667270 -7.606133 4.359355 -0.118503 -10.277953 8.402174
9.302426 0.667272 -7.606116 4.359363 -0.118500 -10.277965 8.402175
9.302408 0.667274 -7.606101 4.359370 -0.118496 -10.277975 8.402177
9.302388 0.667277 -7.606085 4.359377 -0.118492 -10.277985 8.402178
9.302370 0.667279 -7.606070 4.359383 -0.118489 -10.277996 8.402179
9.302356 0.667268 -7.606051 4.359402 -0.118487 -10.277998 8.402180
9.302339 0.667270 -7.606035 4.359407 -0.118483 -10.278007 8.402180
9.302322 0.667272 -7.606020 4.359412 -0.118478 -10.278015 8.402180
9.302303 0.667274 -7.606002 4.359415 -0.118472 -10.278022 8.402180
9.302289 0.667275 -7.605987 4.359418 -0.118467 -10.278028 8.402180
9.302275 0.667277 -7.605972 4.359420 -0.118460 -10.278033 8.402180
9.302264 0.667267 -7.605956 4.359433 -0.118457 -10.278032 8.402179
9.302249 0.667268 -7.605940 4.359435 -0.118451 -10.278037 8.402178
9.302238 0.667269 -7.605927 4.359435 -0.118446 -10.278040 8.402177
9.302227 0.667270 -7.605913 4.359436 -0.118441 -10.278044 8.402176
9.302217 0.667271 -7.605901 4.359436 -0.118436 -10.278046 8.402175
9.302209 0.667271 -7.605889 4.359435 -0.118431 -10.278048 8.402174
9.302203 0.667261 -7.605877 4.359445 -0.118428 -10.278042 8.402172
9.302109 0.667279 -7.605794 4.359484 -0.118310 -10.278112 8.402175
9.302388 0.667255 -7.606019 4.359431 -0.118590 -10.278028 8.402163
9.278656 0.676065 -7.561638 4.379245 -0.296031 -10.314303 8.401594
9.302117 0.667267 -7.605800 4.359458 -0.118323 -10.278071 8.402149
9.302300 0.667235 -7.605939 4.359400 -0.118525 -10.277968 8.402161
9.302110 0.667223 -7.605772 4.359360 -0.118386 -10.277903 8.402163
9.302042 0.667292 -7.605721 4.359525 -0.118175 -10.278188 8.402166
9.302218 0.667246 -7.605841 4.359413 -0.118487 -10.278006 8.402154
9.302086 0.667226 -7.605727 4.359358 -0.118377 -10.277913 8.402157
9.302137 0.667261 -7.605772 4.359483 -0.118339 -10.278106 8.402157
9.302223 0.667238 -7.605835 4.359427 -0.118430 -10.278016 8.402151
9.302101 0.667244 -7.605727 4.359436 -0.118317 -10.278034 8.402152
9.302097 0.667241 -7.605711 4.359427 -0.118348 -10.278022 8.402150
9.302277 0.667241 -7.605866 4.359429 -0.118440 -10.278028 8.402148
9.302205 0.667238 -7.605797 4.359417 -0.118391 -10.278010 8.402145
9.302132 0.667253 -7.605730 4.359450 -0.118317 -10.278068 8.402147
9.302304 0.667183 -7.605896 4.359410 -0.118414 -10.277933 8.402139
9.302410 0.667143 -7.605990 4.359314 -0.118474 -10.277774 8.402135
9.302103 0.667179 -7.605716 4.359396 -0.118296 -10.277910 8.402140
9.302225 0.667193 -7.605810 4.359431 -0.118406 -10.277975 8.402136
9.302299 0.667179 -7.605868 4.359398 -0.118483 -10.277921 8.402133
9.302260 0.667191 -7.605849 4.359429 -0.118315 -10.277973 8.402135
9.302268 0.667187 -7.605843 4.359420 -0.118372 -10.277959 8.402133
9.302363 0.667168 -7.605904 4.359374 -0.118582 -10.277887 8.402123
9.302076 0.667194 -7.605672 4.359431 -0.118242 -10.277979 8.402133
9.302350 0.667192 -7.605870 4.359398 -0.118581 -10.277942 8.402124
9.302262 0.667172 -7.605804 4.359347 -0.118444 -10.277855 8.402126
9.302164 0.667201 -7.605714 4.359412 -0.118381 -10.277966 8.402128
9.302352 0.667186 -7.605875 4.359380 -0.118514 -10.277914 8.402123
9.302279 0.667200 -7.605813 4.359412 -0.118452 -10.277968 8.402125
9.302419 0.667182 -7.605933 4.359373 -0.118569 -10.277904 8.402116
9.302308 0.667153 -7.605854 4.359303 -0.118423 -10.277781 8.402125
9.302214 0.667205 -7.605753 4.359429 -0.118473 -10.277996 8.402124
9.302371 0.667164 -7.605896 4.359330 -0.118537 -10.277832 8.402118
9.302291 0.667197 -7.605825 4.359410 -0.118510 -10.277965 8.402124
9.302336 0.667219 -7.605852 4.359421 -0.118553 -10.278032 8.402122
9.302322 0.667212 -7.605842 4.359400 -0.118519 -10.278000 8.402119
9.297228 0.680008 -7.601452 4.390232 -0.106728 -10.330796 8.402030
9.302219 0.667229 -7.605749 4.359428 -0.118501 -10.278062 8.402115
9.302486 0.667249 -7.605984 4.359471 -0.118605 -10.278147 8.402103
9.302228 0.667069 -7.605814 4.359032 -0.118135 -10.277389 8.402108
9.302147 0.667308 -7.605720 4.359618 -0.118191 -10.278385 8.402126
9.302418 0.667121 -7.605952 4.359175 -0.118466 -10.277623 8.402109
9.302084 0.667187 -7.605697 4.359335 -0.117987 -10.277883 8.402132
9.302327 0.667304 -7.605860 4.359577 -0.118433 -10.278315 8.402130
9.302388 0.667146 -7.605930 4.359194 -0.118400 -10.277658 8.402119
9.302194 0.667213 -7.605770 4.359362 -0.118255 -10.277933 8.402138
9.302494 0.667202 -7.606022 4.359372 -0.118399 -10.277908 8.402128
9.302377 0.667156 -7.605952 4.359268 -0.118155 -10.277719 8.402133
9.302405 0.667174 -7.605997 4.359327 -0.118064 -10.277808 8.402141
9.003628 3.651213 -7.220150 5.941996 -1.789304 -4.233996 8.382490
9.302003 0.666125 -7.606040 4.358132 -0.117966 -10.278756 8.402158
9.301887 0.667136 -7.605583 4.359217 -0.117739 -10.277565 8.402160
9.301989 0.667258 -7.605622 4.359517 -0.118016 -10.278081 8.402158
9.302327 0.667173 -7.605896 4.359318 -0.118358 -10.277746 8.402144
9.302272 0.667216 -7.605856 4.359427 -0.118275 -10.277921 8.402156
9.302315 0.667247 -7.605880 4.359515 -0.118420 -10.278060 8.402162
9.302401 0.667127 -7.605956 4.359305 -0.118877 -10.277742 8.402155
9.302328 0.667196 -7.605932 4.359474 -0.118540 -10.278020 8.402171
9.302742 0.667216 -7.606302 4.359532 -0.118754 -10.278114 8.402168
9.302621 0.667181 -7.606182 4.359452 -0.118867 -10.277965 8.402173
9.302561 0.667184 -7.606118 4.359454 -0.118928 -10.278040 8.402181
9.302821 0.667168 -7.606342 4.359423 -0.119208 -10.277979 8.402175
9.302709 0.667161 -7.606235 4.359401 -0.119333 -10.277936 8.402181
9.302774 0.667140 -7.606270 4.359342 -0.119626 -10.277841 8.402164
9.302903 0.667126 -7.606346 4.359291 -0.120156 -10.277773 8.402142
9.302572 0.667209 -7.606055 4.359306 -0.119929 -10.277876 8.402145
9.303120 0.667272 -7.606686 4.359452 -0.119193 -10.278131 8.402173
9.301979 0.667417 -7.605704 4.359780 -0.118222 -10.278662 8.402202
9.302164 0.667452 -7.605962 4.359896 -0.117524 -10.278796 8.402234
9.302128 0.667472 -7.605971 4.360000 -0.117198 -10.278876 8.402284
9.302504 0.667430 -7.606285 4.359981 -0.117884 -10.278683 8.402317
9.302660 0.667354 -7.606350 4.359847 -0.118683 -10.278390 8.402334
9.302974 0.667321 -7.606556 4.359795 -0.119606 -10.278269 8.402336
9.303115 0.667196 -7.606592 4.359491 -0.120672 -10.277750 8.402293
9.302784 0.667096 -7.606206 4.359190 -0.121566 -10.277286 8.402245
9.302746 0.667088 -7.606200 4.359083 -0.121593 -10.277189 8.402212
9.302950 0.667227 -7.606213 4.359127 -0.121339 -10.277362 8.402184
9.303050 0.667247 -7.606398 4.359102 -0.120844 -10.277400 8.402167
9.303320 0.667303 -7.606734 4.359189 -0.120400 -10.277615 8.402162
9.302691 0.667358 -7.606217 4.359265 -0.119817 -10.277789 8.402172
9.303065 0.667374 -7.606642 4.359294 -0.119381 -10.277852 8.402187
9.299602 0.667356 -7.603586 4.359141 -0.117070 -10.277568 8.402186
9.296503 0.667244 -7.601418 4.358759 -0.110195 -10.276827 8.402205
9.294318 0.667175 -7.599554 4.358471 -0.107861 -10.276292 8.402241
9.293594 0.666929 -7.598660 4.357763 -0.109038 -10.275089 8.402269
9.292687 0.666671 -7.597689 4.357020 -0.109338 -10.273825 8.402289
9.292217 0.666375 -7.596854 4.356192 -0.112011 -10.272448 8.402298
9.291824 0.665835 -7.596181 4.354762 -0.114030 -10.270054 8.402289
9.291345 0.664880 -7.595362 4.352324 -0.116709 -10.265966 8.402240
9.289977 0.663401 -7.594454 4.348601 -0.118775 -10.259743 8.402156
9.288694 0.661595 -7.593082 4.344090 -0.120101 -10.252115 8.402046
9.289461 0.659340 -7.594226 4.338593 -0.117021 -10.242752 8.401884
9.288491 0.656183 -7.595787 4.330959 -0.096642 -10.229535 8.401604
9.286286 0.652848 -7.594428 4.322772 -0.090379 -10.215634 8.401235
9.283236 0.649286 -7.590224 4.313880 -0.101749 -10.200830 8.400816
9.277595 0.644456 -7.583518 4.301761 -0.115090 -10.180576 8.400309
9.272222 0.639582 -7.577368 4.289428 -0.127754 -10.160000 8.399778
9.269840 0.634743 -7.574359 4.277150 -0.140337 -10.139546 8.399273
9.271491 0.630580 -7.575775 4.266574 -0.150250 -10.121957 8.398818
9.277657 0.629072 -7.580634 4.262473 -0.158940 -10.115345 8.398446
9.286205 0.628587 -7.588779 4.261072 -0.170673 -10.113332 8.398177
9.298384 0.630107 -7.600616 4.264773 -0.181797 -10.119918 8.398013
9.313733 0.634123 -7.615686 4.274810 -0.191931 -10.137164 8.397963
9.330760 0.640972 -7.632505 4.292004 -0.201009 -10.166471 8.398054
9.508098 0.664819 -7.800794 4.355431 -0.224218 -10.275053 8.398301
9.371458 0.661335 -7.672768 4.343502 -0.216251 -10.253757 8.398698
9.393490 0.674292 -7.694561 4.376514 -0.221976 -10.309578 8.399297
9.416864 0.688384 -7.717770 4.418022 -0.226716 -10.381026 8.400067
9.442242 0.715268 -7.741535 4.485414 -0.232025 -10.495566 8.400973
9.467244 0.747791 -7.764294 4.566659 -0.237167 -10.633807 8.402011
9.492390 0.785329 -7.786521 4.660186 -0.242148 -10.793115 8.403201
9.517574 0.825014 -7.808187 4.758963 -0.247418 -10.961475 8.404495
9.545167 0.869879 -7.831656 4.870310 -0.250242 -11.151432 8.406002
9.571688 0.913346 -7.853546 4.978168 -0.253859 -11.335556 8.407457
9.603988 0.962168 -7.881292 5.098995 -0.247341 -11.541985 8.409146
9.639626 1.009039 -7.906742 5.214160 -0.231278 -11.759009 8.410967
9.680791 1.059316 -7.941285 5.338414 -0.226484 -11.971729 8.412549
9.721447 1.109817 -7.973833 5.463052 -0.228370 -12.185502 8.414052
9.762774 1.159805 -8.006721 5.586289 -0.227560 -12.397162 8.415489
9.805743 1.207914 -8.040585 5.704806 -0.227202 -12.601046 8.416851
9.852968 1.253551 -8.078174 5.817270 -0.225854 -12.794780 8.418147
9.903941 1.298149 -8.119028 5.927206 -0.222766 -12.984307 8.419431
9.956153 1.364931 -8.167327 6.036892 -0.218620 -13.150433 8.420508
10.015717 1.405532 -8.216210 6.137277 -0.209730 -13.323591 8.421681
10.076460 1.443193 -8.266143 6.230648 -0.198310 -13.484492 8.422774
10.142376 1.481236 -8.321063 6.325079 -0.181832 -13.646969 8.423871
10.208734 1.574136 -8.384751 6.460564 -0.174734 -13.751164 8.423927
10.275387 1.610802 -8.439701 6.551496 -0.155011 -13.907362 8.424783
10.375723 1.736309 -8.541615 6.778007 -0.130253 -14.154786 8.424892
10.440043 1.765787 -8.592435 6.851442 -0.111926 -14.279515 8.425245
10.503347 1.793931 -8.642958 6.921182 -0.088766 -14.399527 8.425339
10.553442 1.866009 -8.692742 7.065407 -0.104294 -14.578728 8.424153
10.665853 1.904687 -8.780117 7.161071 -0.150610 -14.744940 8.423901
10.690485 1.898247 -8.806131 7.146759 -0.031909 -14.717278 8.423234
10.751461 1.925777 -8.852673 7.213282 -0.008257 -14.831707 8.422224
10.808608 1.952500 -8.895414 7.277226 0.017066 -14.941784 8.420834
10.863451 1.981775 -8.940094 7.342760 0.037742 -15.037504 8.418832
10.919823 2.005753 -8.982276 7.399028 0.067891 -15.134520 8.416782
10.977729 2.029051 -9.025885 7.453101 0.099706 -15.227619 8.414425
11.035253 2.051458 -9.069352 7.504523 0.134442 -15.316051 8.411744
11.091258 2.073952 -9.111162 7.555591 0.168561 -15.403994 8.408717
11.147339 2.094192 -9.153376 7.601035 0.204236 -15.482293 8.405309
11.197944 2.124759 -9.209510 7.663585 0.214138 -15.515349 8.400242
11.251667 2.142849 -9.246629 7.702853 0.223157 -15.583443 8.401329
11.310625 2.163658 -9.290524 7.747955 0.245237 -15.661230 8.390263
11.372513 2.182873 -9.339203 7.788855 0.279742 -15.730915 8.388244
11.435360 2.207481 -9.405730 7.854379 0.293376 -15.765129 8.382525
11.498457 2.230066 -9.456877 7.901330 0.334080 -15.844523 8.378209
11.556879 2.253210 -9.504458 7.948185 0.378469 -15.923308 8.373711
11.609807 2.276276 -9.547741 7.993424 0.426016 -15.999060 8.368955
11.656380 2.299384 -9.585651 8.037229 0.473991 -16.072309 8.363929
11.694610 2.322637 -9.616919 8.079574 0.526598 -16.143142 8.358566
11.726417 2.348638 -9.642892 8.126143 0.581594 -16.221657 8.352989
11.752298 2.381678 -9.678575 8.198610 0.603074 -16.259985 8.345352
11.771141 2.414142 -9.692882 8.254869 0.654225 -16.356381 8.339452
11.784003 2.455767 -9.702983 8.328601 0.715278 -16.483947 8.333528
11.787749 2.495260 -9.706033 8.394332 0.781214 -16.597613 8.327034
11.782466 2.538694 -9.703781 8.465409 0.866193 -16.721129 8.320269
11.778622 2.582812 -9.705382 8.535663 0.963887 -16.843366 8.313063
11.765943 2.629324 -9.701798 8.607781 1.078686 -16.969196 8.305409
11.746627 2.678636 -9.695329 8.682815 1.212194 -17.100439 8.297261
11.721753 2.728781 -9.685446 8.756696 1.351511 -17.230051 8.288558
11.688357 2.788375 -9.682893 8.845924 1.484930 -17.336197 8.277774
11.647015 2.842779 -9.664012 8.923386 1.652672 -17.473536 8.267520
11.604531 2.910585 -9.648180 9.027267 1.844033 -17.658830 8.256735
11.555470 2.978168 -9.632195 9.128661 2.068320 -17.840276 8.244759
11.502911 3.050136 -9.620400 9.237246 2.336984 -18.034784 8.232404
11.437380 3.130308 -9.620001 9.361556 2.616465 -18.159558 8.216407
11.213017 3.542623 -9.222012 10.144059 1.361673 -19.586262 8.133426
11.335394 3.248161 -9.619206 9.513216 3.236275 -18.428446 8.253906
11.230076 3.400286 -9.607080 9.771366 3.827359 -18.886602 8.178087
11.155799 3.530497 -9.615581 9.982052 4.335356 -19.258507 8.165470
11.074157 3.679070 -9.629400 10.223820 4.914434 -19.683431 8.153154
10.985592 3.855493 -9.645130 10.508730 5.550821 -20.022536 8.137785
10.874846 4.042224 -9.656894 10.793392 6.317363 -20.451611 8.124680
10.746242 4.233544 -9.677079 11.099000 7.174194 -20.981809 8.112646
10.602596 4.464674 -9.700404 11.456677 8.101651 -21.534949 8.098256
10.441463 4.705403 -9.730841 11.844220 9.162522 -22.207196 8.084343
10.271285 4.979007 -9.777684 12.288847 10.347727 -22.979704 8.069311
10.051985 5.210492 -9.788368 12.641425 11.543676 -23.586669 8.045911
9.853270 5.517431 -9.847149 13.136365 12.879671 -24.433498 8.026881
9.644959 5.844939 -9.919136 13.670134 14.336867 -25.364349 8.007754
9.431486 6.192895 -10.009031 14.238830 15.898933 -26.357965 7.988198
9.209923 6.561575 -10.114914 14.842574 17.570839 -27.414707 7.968842
8.987242 6.940330 -10.244564 15.461630 19.360162 -28.499186 7.949913
8.774851 7.336014 -10.407212 16.105341 21.236108 -29.596974 7.931790
8.569047 7.740636 -10.596153 16.765216 23.218305 -30.753872 7.917472
8.364193 8.160334 -10.804547 17.447123 25.274390 -31.948650 7.907319
8.166620 8.586599 -11.032879 18.133927 27.364086 -33.149829 7.902145
7.975468 9.006785 -11.271330 18.800637 29.427211 -34.312016 7.904581
7.798252 9.405521 -11.513485 19.416814 31.369393 -35.379730 7.917538
7.655082 9.761195 -11.765962 19.941776 33.103008 -36.279225 7.945203
7.566695 10.037932 -12.023092 20.309417 34.470476 -36.891609 7.993062
7.542611 10.236791 -12.284185 20.521149 35.409342 -37.218944 8.065164
7.620258 10.249641 -12.508712 20.387297 35.515808 -36.924694 8.175515
7.852105 10.013652 -12.666024 19.790822 34.355721 -35.768708 8.338193
8.281658 9.394541 -12.683052 18.524860 31.380628 -33.451147 8.576864
8.932178 8.341941 -12.509488 16.507840 26.300423 -29.800752 8.905964
9.674090 7.038344 -12.168844 14.075102 20.032262 -25.416693 9.308868
10.277712 5.894353 -11.812564 11.941727 14.572678 -21.564678 9.732666
10.611567 5.176222 -11.572131 10.553340 11.180067 -19.027902 10.139952
10.699368 4.883824 -11.486498 9.890785 9.808803 -17.766881 10.531078
10.629890 4.899244 -11.539822 9.738107 9.840271 -17.396252 10.927834
10.467301 5.103545 -11.682599 9.884753 10.658239 -17.542472 11.308429
-4192.123455 -3486.068619 -4194.685092 -5526.632211 42956.130105 9528.882259 55244.342484
33.570879 25.607827 11.567967 41.567922 -223.322492 -71.370442 -286.203752
9.836284 6.300872 -12.416277 11.149570 14.456402 -19.359495 12.394199
9.628945 6.644223 -12.705424 11.410577 15.763301 -19.671779 12.717430
9.448060 6.873392 -12.965615 11.512206 16.789808 -19.702101 12.879440
9.331890 6.943072 -13.155068 11.363687 17.265459 -19.301431 12.844068
9.305046 6.754690 -13.168844 10.833871 16.775275 -18.251439 12.614402
9.404642 6.203362 -12.909666 9.791141 14.945335 -16.335759 12.144553
9.597326 5.348791 -12.384029 8.347818 12.034985 -13.754225 11.508043
9.822283 4.395184 -11.754129 6.810137 8.874233 -11.032518 10.856541
9.973139 3.628885 -11.253285 5.577565 6.566192 -8.847240 10.436935
10.050742 3.081702 -10.927512 4.678873 5.175695 -7.242286 10.174656
10.100775 2.661071 -10.694713 3.976367 4.231293 -5.979994 9.966789
10.158209 2.237212 -10.434846 3.293712 3.247837 -4.762529 9.717865
10.254812 1.737496 -10.079435 2.538554 1.943664 -3.433523 9.418430
10.369821 1.240838 -9.602075 1.691201 0.297490 -1.930592 9.105379
10.486058 0.679441 -9.111178 0.920233 -1.254637 -0.596473 8.880387
10.559874 0.252290 -8.722552 0.341961 -2.343163 0.408583 8.781860
10.596603 -0.040611 -8.436860 -0.052996 -3.022353 1.103752 8.772803
10.599298 -0.228527 -8.225561 -0.307398 -3.401261 1.562495 8.805868
10.573627 -0.337793 -8.060524 -0.458135 -3.584620 1.848048 8.851888
10.532507 -0.383492 -7.924359 -0.527394 -3.664008 2.000074 8.911523
10.483440 -0.364474 -7.811357 -0.517482 -3.684223 2.025972 8.972776
10.433678 -0.284121 -7.721073 -0.436020 -3.668832 1.939963 9.032991
10.360026 0.088089 -7.656063 -0.349259 -3.610397 1.832957 9.089798
10.305766 0.271438 -7.602233 -0.154156 -3.534720 1.563109 9.144112
10.249786 0.486612 -7.574685 0.071561 -3.406077 1.244492 9.192359
10.155415 1.027215 -7.578102 0.277136 -3.267029 1.027408 9.240371
10.117772 1.307460 -7.576639 0.565113 -3.149551 0.607944 9.288752
10.073133 1.598114 -7.574113 0.860721 -3.024887 0.177862 9.381607
10.049329 1.929126 -7.589784 1.193551 -2.921094 -0.303859 9.367860
9.986044 2.437605 -7.559771 1.519732 -2.930064 -0.638489 9.449436
9.947359 2.773486 -7.493898 1.857783 -2.975640 -1.116529 9.503916
9.898427 3.109274 -7.384286 2.196443 -3.092299 -1.586686 9.557170
9.852721 3.434992 -7.245259 2.523381 -3.274387 -2.030716 9.609084
9.797813 3.780898 -7.070005 2.841709 -3.520635 -2.440595 9.659647
9.733227 4.100479 -6.879201 3.161231 -3.764470 -2.859877 9.709104
9.534011 4.405916 -6.524433 3.485433 -4.062694 -3.267297 9.757677
9.292846 4.563773 -6.176927 3.654432 -4.221083 -3.453240 9.799045
9.384167 5.078319 -6.218105 4.135376 -4.341036 -4.106676 9.846981
9.302533 5.297549 -5.968745 4.346036 -4.643330 -4.345409 9.903261
9.202028 5.625057 -5.747289 4.613150 -4.893426 -4.633903 9.950704
9.105134 5.894710 -5.502413 4.871599 -5.167526 -4.933051 9.997408
9.002394 6.163193 -5.259634 5.127098 -5.427340 -5.223112 10.043224
8.886408 6.415436 -5.019864 5.365161 -5.653474 -5.484797 10.087966
8.768710 6.649975 -4.786251 5.583686 -5.862805 -5.714459 10.131365
8.656914 6.862416 -4.553871 5.778888 -6.080009 -5.904614 10.173290
8.547881 7.036224 -4.320225 5.935141 -6.299637 -6.032938 10.213700
8.433450 7.166782 -4.095008 6.047528 -6.485024 -6.096530 10.252285
8.321507 7.299005 -3.872558 6.161691 -6.673022 -6.158508 10.289494
8.219284 7.442798 -3.669814 6.284760 -6.845992 -6.231656 10.325462
8.095147 7.587807 -3.448109 6.413565 -7.018440 -6.309474 10.360193
8.002508 7.713883 -3.254562 6.518959 -7.193715 -6.349721 10.394827
7.921789 7.825366 -3.059758 6.611048 -7.393389 -6.364029 10.429397
7.858121 7.916948 -2.870065 6.683728 -7.612677 -6.343214 10.463767
7.834354 7.999157 -2.689629 6.746082 -7.887535 -6.294630 10.498000
7.832890 8.068703 -2.515207 6.796556 -8.190380 -6.219064 10.531886
7.794416 8.167454 -2.369318 6.830510 -8.516394 -6.070076 10.565347
7.809938 8.207548 -2.199264 6.857683 -8.838602 -5.948987 10.598874
7.848989 8.236686 -2.037102 6.876039 -9.185778 -5.803866 10.632178
7.901226 8.264665 -1.893662 6.893236 -9.520967 -5.652925 10.664983
8.135030 8.336436 -1.902811 6.917119 -9.893411 -5.487604 10.697225
8.226443 8.377924 -1.817718 6.938352 -10.190541 -5.326994 10.726854
8.336562 8.420938 -1.772205 6.956824 -10.450321 -5.178747 10.754270
8.468965 8.481866 -1.766573 6.985103 -10.679700 -5.048362 10.779501
8.543787 8.604621 -1.860483 7.022164 -10.940752 -4.902240 10.802167
8.480598 8.832335 -2.130847 7.045483 -11.244716 -4.682442 10.821414
8.674171 8.942357 -2.264376 7.088342 -11.348971 -4.623256 10.844590
8.905973 9.061765 -2.427780 7.130906 -11.468139 -4.559793 10.836643
9.139215 9.334702 -2.860540 7.189705 -11.645963 -4.386239 10.862619
9.371728 9.487867 -3.065011 7.241912 -11.708837 -4.353793 10.867968
9.649322 9.661557 -3.301240 7.300940 -11.800174 -4.336615 10.870048
9.953177 9.854001 -3.560103 7.365073 -11.901254 -4.323695 10.868364
10.270042 10.056825 -3.856078 7.420018 -11.959057 -4.311506 10.862760
10.575691 10.270886 -4.183408 7.466424 -11.990368 -4.286327 10.853481
10.887933 10.463396 -4.507755 7.486407 -11.986243 -4.247948 10.840809
11.204431 10.642113 -4.830841 7.485654 -11.986669 -4.178642 10.825007
11.523870 10.814933 -5.130830 7.479480 -12.033559 -4.085156 10.806181
11.808215 10.989391 -5.426694 7.470156 -12.120270 -3.955518 10.784185
12.114620 11.126817 -5.682269 7.431892 -12.218063 -3.792816 10.759293
12.412746 11.251794 -5.921177 7.380473 -12.327883 -3.603086 10.731578
12.709062 11.361969 -6.133561 7.319159 -12.479827 -3.378369 10.701448
12.845334 11.437897 -6.358036 7.244415 -12.612307 -3.135318 10.664671
13.166149 11.562122 -6.579035 7.176741 -12.789576 -2.887405 10.634644
13.401510 11.664526 -6.758469 7.096342 -12.896301 -2.646923 10.597167
13.599262 11.770341 -6.918165 7.018275 -12.978423 -2.418636 10.558446
13.757580 11.874225 -7.139495 6.937652 -13.048123 -2.193806 10.518076
13.949541 12.006905 -7.314074 6.858472 -13.094137 -1.980199 10.476195
14.269258 12.237409 -7.640947 6.780861 -13.078398 -1.811941 10.431536
14.391300 12.319357 -7.777725 6.659926 -13.064496 -1.579608 10.387402
14.463839 12.386944 -7.866201 6.541931 -13.052657 -1.340556 10.343069
14.464215 12.436802 -7.996017 6.433222 -13.043961 -1.134041 10.298443
14.469708 12.497643 -8.045670 6.317926 -12.992595 -0.926118 10.253338
14.455694 12.545814 -8.082679 6.195337 -12.927641 -0.716547 10.207340
14.434061 12.607383 -8.115393 6.082550 -12.861380 -0.526400 10.162463
14.425372 12.675208 -8.134457 5.981754 -12.847700 -0.332282 10.117274
14.388181 12.748571 -8.231741 5.902422 -12.853490 -0.188971 10.072635
14.393110 12.847842 -8.245245 5.825899 -12.886201 -0.015373 10.027856
14.370767 12.958887 -8.349898 5.786680 -12.906024 0.096203 9.982963
14.387794 13.101745 -8.366995 5.735928 -12.970742 0.240516 9.937648
14.390395 13.253192 -8.378956 5.689355 -13.025856 0.371610 9.891942
14.395309 13.412075 -8.389478 5.645251 -13.092462 0.503159 9.845630
14.409848 13.562253 -8.416640 5.597327 -13.181759 0.651975 9.798743
14.435295 13.723303 -8.423056 5.550341 -13.296706 0.812081 9.751181
14.478637 13.886739 -8.428772 5.502308 -13.446864 0.993565 9.702644
14.515568 14.045378 -8.540987 5.464878 -13.592934 1.147115 9.649102
14.573893 14.232240 -8.563374 5.410076 -13.743386 1.338319 9.590002
14.638408 14.397087 -8.582328 5.335606 -13.903966 1.567829 9.526793
14.720251 14.553387 -8.594753 5.254003 -14.106331 1.834767 9.460629
14.800329 14.677271 -8.676170 5.155420 -14.293539 2.079402 9.390265
14.891900 14.809595 -8.696639 5.034582 -14.482146 2.402719 9.317646
14.995210 14.933272 -8.722420 4.894603 -14.672910 2.759369 9.239734
14.944172 14.983323 -8.705161 4.747183 -14.738494 3.013997 9.157879
15.005295 15.077931 -8.683738 4.603633 -14.949694 3.376824 9.073407
15.058447 15.166724 -8.643506 4.460775 -15.184602 3.760217 8.982598
15.100383 15.211298 -8.657015 4.318803 -15.429400 4.075647 8.885195
15.116211 15.234444 -8.556365 4.157825 -15.708304 4.515799 8.784066
15.126665 15.293610 -8.402316 4.049625 -16.124722 4.952935 8.677488
14.826919 13.247889 -6.559890 4.082481 -19.328999 6.886616 8.607238
14.930862 14.933447 -8.068552 3.615465 -16.557464 5.871899 8.404891
14.772085 14.694373 -7.802985 3.387866 -16.803306 6.395092 8.253306
14.537862 14.347743 -7.421517 3.189007 -17.163591 6.932982 8.071863
14.278312 13.905844 -6.988288 2.985631 -17.573446 7.508349 7.873524
13.984421 13.372302 -6.501186 2.787695 -18.027572 8.099232 7.654929
13.693362 12.732225 -6.025175 2.591669 -18.514349 8.658339 7.412269
13.360626 11.984952 -5.440619 2.402012 -19.087079 9.301215 7.143185
13.134228 11.185173 -4.877017 2.200084 -19.800224 10.053330 6.837422
12.748440 10.164723 -4.163994 2.039458 -20.545506 10.745315 6.493705
12.358811 9.002624 -3.404753 1.893179 -21.380785 11.458420 6.108236
11.138218 6.604770 -2.189375 1.652585 -21.377276 11.810677 6.564246
11.752655 5.997870 -1.791731 1.696586 -23.774166 13.001252 4.845136
11.390584 4.605520 -1.104049 1.543909 -24.479531 13.625303 4.631867
11.196093 2.836377 -0.409937 1.463319 -25.668904 14.291636 4.005933
10.984788 1.024475 0.435481 1.419605 -27.069249 15.133425 3.288561
10.786557 -1.265596 1.367125 1.361220 -28.616074 16.079177 2.487379
10.763709 -3.518431 2.051337 1.348693 -30.168211 16.822866 1.562503
10.728887 -5.974060 2.928780 1.357462 -31.978721 17.780041 0.498914
10.761774 -8.543826 3.783406 1.399835 -33.903495 18.728005 -0.715589
10.858421 -11.206941 4.615600 1.484907 -35.951595 19.652429 -2.090406
11.045300 -13.910120 5.372463 1.603371 -38.082197 20.529473 -3.621219
11.310207 -16.625825 6.095218 1.748310 -40.319764 21.410607 -5.301152
11.652774 -19.295974 6.748662 1.923494 -42.622732 22.249539 -7.103271
12.074448 -21.899288 7.322794 2.119357 -44.967063 23.048921 -8.998933
12.607289 -24.343710 7.710733 2.342614 -47.283703 23.710920 -10.948331
13.142551 -26.687106 8.118094 2.586382 -49.635007 24.376385 -12.915757
13.726446 -28.868453 8.439772 2.849547 -51.971781 24.975863 -14.889679
14.324257 -30.893087 8.675276 3.127732 -54.210133 25.471350 -16.817546
14.961371 -32.807909 8.830063 3.409272 -56.394654 25.909310 -18.739142
15.651975 -34.584566 8.831222 3.702257 -58.470829 26.202932 -20.629311
16.366748 -36.328223 8.854824 3.993609 -60.604184 26.551311 -22.579619
17.126498 -37.986188 8.828727 4.294181 -62.764000 26.876410 -24.551513
17.947550 -39.566411 8.761608 4.602816 -65.005553 27.211149 -26.560683
18.870422 -41.064302 8.591563 4.923834 -67.345353 27.512247 -28.651938
19.742212 -42.141679 8.292925 5.121365 -69.092317 27.760273 -29.992688
20.634799 -43.464038 8.076409 5.462178 -71.276188 27.962518 -31.973809
21.516461 -44.652480 7.811932 5.801975 -73.341041 28.098517 -33.820279
22.372479 -45.679519 7.494320 6.138457 -75.243909 28.153608 -35.507937
23.223783 -46.544942 7.130307 6.466588 -77.045040 28.171696 -37.130385
23.962005 -47.138347 6.706723 6.781954 -78.463366 28.019390 -38.402991
24.638766 -47.368439 6.153389 7.071245 -79.517476 27.678836 -39.431588
24.959286 -46.888063 5.500471 7.187233 -79.267818 27.066176 -39.182452
25.280075 -46.445839 4.920295 7.391651 -79.349054 26.468043 -39.711071
25.389924 -45.634675 4.308351 7.535417 -78.808642 25.686225 -39.816291
25.307937 -44.447237 3.659711 7.589604 -77.634805 24.774418 -39.499945
24.919139 -42.710350 2.960540 7.508533 -75.466074 23.642079 -38.456403
24.285652 -40.559731 2.246430 7.307169 -72.528721 22.377480 -36.940892
23.344826 -37.877649 1.497791 6.920378 -68.522664 20.957111 -34.687384
22.115086 -34.646947 0.684052 6.347617 -63.420741 19.349715 -31.702879
20.746404 -31.345339 -0.049552 5.652572 -57.918002 17.825163 -28.485651
19.331586 -28.104889 -0.716160 4.913140 -52.329393 16.369415 -25.280064
17.599117 -24.390955 -1.406834 3.922979 -45.498799 14.808563 -21.153788
16.138466 -21.272311 -1.899991 3.108571 -39.991561 13.581977 -17.818438
14.589082 -18.089008 -2.432192 2.112052 -33.785935 12.389580 -14.018388
13.177476 -15.072679 -2.983087 1.125973 -27.877898 11.270863 -10.399952
11.819998 -12.372274 -3.403478 0.134530 -22.257220 10.390058 -6.934717
10.690304 -10.171894 -3.750179 -0.723191 -17.492715 9.680562 -4.027523
9.808321 -8.496161 -4.026323 -1.411232 -13.697204 9.123276 -1.743616
9.142016 -7.239225 -4.142685 -1.869156 -11.189828 8.750386 -0.163826
8.541898 -6.168983 -4.318281 -2.347363 -8.584672 8.371829 1.414998
8.112928 -5.421393 -4.459080 -2.698371 -6.653604 8.079550 2.553808
7.767305 -4.864413 -4.581161 -2.969437 -5.078805 7.806779 3.474355
7.504229 -4.520420 -4.686017 -3.133615 -3.899094 7.521384 4.146890
7.395020 -4.499426 -4.771756 -3.128628 -3.389428 7.238862 4.434684
7.280618 -4.560542 -4.850381 -3.054079 -2.989899 6.878997 4.664206
7.249412 -4.561508 -5.018173 -2.970978 -2.707202 6.401874 4.835894
7.139582 -4.725722 -5.094185 -2.811390 -2.453076 5.954415 4.987702
7.050005 -4.929059 -5.172444 -2.624646 -2.285552 5.499293 5.089759
6.982279 -5.146584 -5.250566 -2.427855 -2.191498 5.062265 5.162530
6.909972 -5.386225 -5.324651 -2.197692 -2.153107 4.591274 5.214237
6.851238 -5.636402 -5.401041 -1.957305 -2.161574 4.125169 5.252560
6.797322 -5.880396 -5.475008 -1.712098 -2.202644 3.666896 5.273309
6.805227 -6.225820 -5.615858 -1.455150 -2.210529 3.173206 5.298670
6.730192 -6.444359 -5.676359 -1.186858 -2.290202 2.692414 5.296991
6.644034 -6.652833 -5.729621 -0.908371 -2.383518 2.198002 5.289132
6.550648 -6.842867 -5.777672 -0.632070 -2.475383 1.706786 5.278379
6.505782 -6.950772 -5.878185 -0.391592 -2.578790 1.203377 5.268359
6.435813 -7.117746 -5.933868 -0.145717 -2.664697 0.764621 5.258506
6.381460 -7.278210 -5.998559 0.082715 -2.737521 0.351130 5.247878
6.341332 -7.438372 -6.073266 0.299815 -2.800367 -0.047164 5.237356
6.325312 -7.602291 -6.161983 0.501118 -2.859088 -0.419389 5.227116
6.355567 -7.780948 -6.276787 0.676151 -2.915938 -0.745078 5.217468
6.414111 -7.959608 -6.409277 0.827386 -2.955247 -1.036112 5.206952
6.501065 -8.152238 -6.564643 0.966133 -2.979447 -1.312502 5.195811
6.643460 -8.289325 -6.806249 1.053491 -3.019460 -1.628394 5.184127
6.684481 -8.493508 -6.953867 1.254610 -3.066507 -2.018210 5.170757
6.805508 -8.686175 -7.136923 1.373939 -3.075412 -2.273133 5.157917
6.944137 -8.872315 -7.332698 1.475963 -3.066107 -2.504031 5.144850
7.099955 -9.041939 -7.534249 1.554391 -3.048540 -2.695430 5.131466
14.159589 3.418111 -14.031348 -1.322155 -3.469991 -5.880564 5.119375
8.561469 -3.672678 -13.464258 1.935629 -4.098634 -5.100891 5.102020
7.713876 -9.477299 -8.270012 1.611415 -2.927521 -3.149699 5.089376
7.825193 -9.540363 -8.468003 1.667742 -2.953806 -3.406868 5.074284
8.043852 -9.665151 -8.704928 1.670444 -2.873679 -3.486316 5.059628
8.251641 -9.754417 -8.927942 1.656484 -2.782185 -3.536817 5.044732
8.439496 -9.807626 -9.130616 1.632999 -2.685783 -3.570064 5.029530
8.270595 -11.245916 -7.858279 2.401756 -1.963521 -2.621327 5.015550
8.413823 -11.221377 -8.016178 2.357725 -1.861352 -2.596827 5.000165
8.529269 -11.160938 -8.144277 2.307197 -1.765365 -2.555396 4.984773
8.634455 -11.081140 -8.253718 2.249821 -1.688310 -2.490880 4.969548
8.722552 -10.975772 -8.340986 2.182199 -1.614176 -2.403276 4.954543
8.815807 -10.853700 -8.415583 2.093514 -1.555806 -2.266120 4.939896
8.889217 -10.695875 -8.464394 1.981690 -1.475695 -2.090447 4.925707
9.309763 -9.031816 -9.883857 0.959968 -2.183484 -2.844174 4.902922
9.395423 -8.931354 -9.949358 0.887580 -2.149531 -2.736287 4.886989
9.435880 -8.763712 -9.960684 0.780995 -2.092693 -2.567748 4.870875
9.446083 -8.584839 -9.953025 0.683054 -2.022096 -2.419183 4.854247
9.432654 -8.397704 -9.926720 0.592871 -1.956990 -2.281424 4.836887
9.409105 -8.209103 -9.887723 0.506886 -1.912853 -2.141617 4.819346
9.377020 -7.992047 -9.830883 0.404781 -1.884712 -2.029824 4.801410
9.322736 -7.803422 -9.766115 0.336569 -1.868840 -1.910707 4.783527
9.251295 -7.625220 -9.694763 0.289281 -1.863442 -1.827452 4.765947
9.153874 -7.447306 -9.609831 0.257897 -1.852615 -1.776515 4.747127
9.203709 -7.285318 -9.570903 0.114877 -1.914336 -1.476721 4.728487
9.079887 -7.183830 -9.516891 0.174499 -1.888968 -1.608969 4.706942
8.765902 -6.915148 -9.277331 0.217661 -1.886508 -1.699070 4.681545
8.633581 -6.729752 -9.143270 0.209413 -1.916094 -1.712491 4.660167
8.487216 -6.570202 -9.013739 0.216775 -1.974205 -1.707525 4.636712
8.332382 -6.420557 -8.879073 0.239756 -2.055106 -1.724104 4.615254
8.175686 -6.287043 -8.747231 0.278699 -2.151515 -1.765785 4.597823
8.030098 -6.164871 -8.622610 0.315216 -2.248459 -1.802160 4.582799
7.878611 -6.050579 -8.497494 0.360943 -2.343858 -1.856938 4.567791
7.729204 -5.946637 -8.376573 0.411858 -2.438139 -1.922121 4.555765
7.482961 -5.738898 -8.136515 0.437262 -2.603181 -1.910574 4.520665
7.338946 -5.627289 -7.991189 0.469014 -2.670886 -1.942918 4.511721
7.230690 -5.545792 -7.889693 0.493130 -2.757445 -1.956855 4.506991
7.156620 -5.488693 -7.816667 0.510277 -2.832301 -1.961277 4.508896
7.103370 -5.456325 -7.768227 0.533272 -2.893674 -1.982114 4.511371
7.078726 -5.444499 -7.745036 0.550433 -2.939620 -1.997215 4.516131
7.076477 -5.451363 -7.742465 0.566937 -2.979683 -2.013247 4.523628
7.093261 -5.467329 -7.752303 0.575805 -3.018870 -2.014690 4.533760
7.113458 -5.485606 -7.765211 0.582926 -3.052517 -2.014843 4.542777
7.114607 -5.506400 -7.754012 0.609239 -3.044483 -2.027044 4.552100
7.119591 -5.530627 -7.766844 0.634132 -3.063424 -2.067840 4.559769
7.125366 -5.553245 -7.779775 0.655617 -3.076486 -2.104410 4.566703
7.132495 -5.572302 -7.792040 0.671146 -3.082895 -2.132059 4.572655
7.098898 -5.597088 -7.759128 0.723062 -3.095322 -2.141849 4.578263
7.107480 -5.609992 -7.766084 0.729539 -3.105919 -2.150325 4.584936
7.123333 -5.621254 -7.775715 0.727549 -3.112486 -2.143972 4.591670
7.119008 -5.651103 -7.782571 0.744644 -3.098801 -2.123091 4.595009
7.114779 -5.651581 -7.783668 0.745440 -3.074001 -2.134387 4.594200
7.105880 -5.648192 -7.781798 0.746041 -3.044235 -2.147319 4.590605
7.095945 -5.636113 -7.774443 0.738025 -3.012805 -2.144051 4.584533
7.018032 -5.490562 -7.648313 0.636010 -2.999721 -1.937285 4.573371
7.061825 -5.612932 -7.751458 0.731945 -2.961197 -2.140161 4.568255
7.049791 -5.601413 -7.742156 0.728483 -2.941112 -2.141285 4.560658
7.039602 -5.592060 -7.734277 0.726185 -2.924864 -2.143122 4.554193
7.036731 -5.589625 -7.732712 0.725843 -2.914568 -2.146432 4.550694
7.037786 -5.590948 -7.734225 0.726829 -2.909852 -2.150140 4.549571
7.040208 -5.594461 -7.738298 0.728637 -2.911171 -2.155598 4.549505
7.041061 -5.597804 -7.740545 0.732071 -2.909942 -2.162644 4.549393
7.044658 -5.602958 -7.744432 0.735376 -2.912436 -2.167981 4.551365
7.048259 -5.609513 -7.749021 0.740246 -2.916668 -2.175693 4.553847
7.048972 -5.615985 -7.752412 0.747450 -2.921600 -2.187702 4.555941
7.048341 -5.622036 -7.755146 0.754994 -2.925626 -2.200739 4.557637
7.047103 -5.627132 -7.757431 0.761318 -2.926785 -2.212483 4.558518
7.050466 -5.627534 -7.760966 0.764554 -2.930744 -2.222449 4.561488
7.056685 -5.635603 -7.766562 0.768722 -2.941884 -2.226250 4.566420
7.066144 -5.639146 -7.770197 0.765417 -2.955603 -2.214548 4.571117
7.078177 -5.639433 -7.772724 0.756549 -2.970090 -2.191733 4.575266
7.080785 -5.640284 -7.773919 0.755492 -2.973696 -2.188336 4.576841
7.078321 -5.638138 -7.772082 0.754951 -2.972015 -2.187990 4.576390
7.076471 -5.636528 -7.770761 0.754534 -2.970496 -2.187842 4.575756
7.076001 -5.635694 -7.770513 0.753715 -2.968430 -2.187118 4.575100
7.073504 -5.628576 -7.764245 0.750137 -2.957835 -2.186275 4.573428
7.068494 -5.623607 -7.760444 0.747862 -2.949656 -2.184958 4.570325
7.064945 -5.621118 -7.758289 0.747521 -2.944550 -2.186224 4.568348
7.065294 -5.621380 -7.758733 0.747367 -2.943509 -2.186301 4.568061
7.064267 -5.620333 -7.757598 0.747110 -2.943759 -2.185670 4.567946
7.065509 -5.621631 -7.758660 0.747658 -2.945242 -2.186161 4.568477
7.067000 -5.622674 -7.759579 0.747782 -2.947251 -2.185628 4.569232
7.068732 -5.623458 -7.758297 0.744510 -2.950663 -2.188480 4.569372
7.070294 -5.624834 -7.759585 0.744866 -2.951976 -2.188685 4.569973
7.069438 -5.624077 -7.758875 0.744696 -2.951353 -2.188597 4.569679
7.069613 -5.624318 -7.759085 0.744834 -2.951466 -2.188833 4.569758
7.069715 -5.624288 -7.759141 0.744689 -2.951255 -2.188638 4.569719
7.068625 -5.623343 -7.758300 0.744424 -2.950056 -2.188576 4.569227
7.069227 -5.623773 -7.758810 0.744366 -2.950004 -2.188480 4.569297
7.068677 -5.624295 -7.760419 0.744811 -2.952064 -2.188075 4.569007
7.068764 -5.624371 -7.760491 0.744820 -2.952108 -2.188070 4.569021
7.069428 -5.624901 -7.760979 0.744925 -2.952815 -2.188003 4.569321
7.069351 -5.624907 -7.760886 0.745062 -2.953286 -2.188093 4.569451
7.069642 -5.625119 -7.761141 0.745052 -2.953289 -2.188075 4.569494
7.069487 -5.624981 -7.761023 0.745013 -2.953132 -2.188060 4.569438
7.069387 -5.624903 -7.760955 0.745002 -2.953034 -2.188076 4.569393
7.069582 -5.625017 -7.761125 0.744943 -2.952920 -2.188007 4.569401
7.068721 -5.624276 -7.760399 0.744801 -2.952413 -2.187916 4.569135
7.069357 -5.624869 -7.760994 0.744932 -2.952616 -2.188095 4.569274
7.069567 -5.624980 -7.761148 0.744873 -2.952631 -2.187970 4.569318
7.069167 -5.624469 -7.760644 0.745174 -2.952034 -2.187928 4.569363
7.069079 -5.624361 -7.760492 0.745175 -2.952371 -2.187800 4.569447
7.069614 -5.624798 -7.760942 0.745232 -2.952636 -2.187813 4.569620
7.069697 -5.624880 -7.761035 0.745262 -2.952661 -2.187865 4.569635
7.172052 -5.616786 -7.801219 0.639224 -2.906744 -1.997510 4.527331
7.069123 -5.624358 -7.760524 0.745149 -2.952423 -2.187737 4.569505
7.069559 -5.624695 -7.760931 0.745132 -2.952310 -2.187748 4.569536
7.069074 -5.624321 -7.760558 0.745099 -2.952011 -2.187795 4.569379
7.068905 -5.624212 -7.760461 0.745091 -2.951779 -2.187864 4.569301
7.069916 -5.625042 -7.761250 0.745193 -2.952326 -2.187892 4.569602
7.069059 -5.624288 -7.760485 0.745067 -2.952058 -2.187743 4.569414
7.069025 -5.624338 -7.760494 0.745163 -2.952139 -2.187900 4.569430
7.070967 -5.625887 -7.762138 0.745236 -2.952857 -2.187832 4.569913
7.068835 -5.623955 -7.760121 0.744919 -2.952648 -2.187287 4.569549
7.067945 -5.623762 -7.759850 0.745319 -2.951418 -2.188538 4.569054
7.070060 -5.624994 -7.761295 0.744975 -2.952373 -2.187509 4.569659
7.068888 -5.624103 -7.760277 0.745000 -2.952398 -2.187541 4.569496
7.069139 -5.624535 -7.760747 0.745188 -2.951814 -2.188134 4.569365
7.069483 -5.624615 -7.760869 0.745028 -2.952216 -2.187666 4.569535
7.068325 -5.623933 -7.760116 0.745171 -2.951407 -2.188248 4.569132
7.069656 -5.624941 -7.761133 0.745184 -2.952218 -2.188031 4.569539
7.069204 -5.624532 -7.760754 0.745079 -2.951880 -2.187952 4.569383
7.068937 -5.624377 -7.760561 0.745137 -2.951840 -2.188081 4.569313
7.069209 -5.624524 -7.760685 0.745126 -2.952306 -2.187881 4.569493
7.069062 -5.624486 -7.760678 0.745152 -2.951845 -2.188108 4.569355
7.068930 -5.624378 -7.760595 0.745119 -2.951618 -2.188130 4.569264
7.069256 -5.624644 -7.760878 0.745142 -2.951702 -2.188140 4.569327
7.068599 -5.624124 -7.760353 0.745179 -2.951534 -2.188194 4.569195
7.069357 -5.624780 -7.761041 0.745272 -2.951689 -2.188318 4.569345
7.068806 -5.624077 -7.760324 0.745012 -2.952012 -2.187685 4.569360
7.069002 -5.624571 -7.760798 0.745328 -2.951518 -2.188491 4.569246
7.069562 -5.624723 -7.761019 0.745083 -2.952084 -2.187797 4.569485
7.068647 -5.624182 -7.760373 0.745161 -2.951583 -2.188196 4.569207
7.069577 -5.624898 -7.761121 0.745207 -2.952022 -2.188120 4.569475
7.068740 -5.624226 -7.760418 0.745149 -2.951710 -2.188122 4.569254
7.069429 -5.624780 -7.760983 0.745213 -2.952064 -2.188115 4.569460
7.069113 -5.624412 -7.760674 0.745132 -2.951873 -2.187909 4.569370
7.068690 -5.624101 -7.760341 0.745125 -2.951675 -2.187968 4.569262
7.069776 -5.624969 -7.761245 0.745207 -2.952138 -2.187955 4.569549
7.069135 -5.624448 -7.760728 0.745136 -2.951765 -2.187954 4.569356
7.069346 -5.624646 -7.760927 0.745183 -2.951839 -2.188014 4.569423
7.069439 -5.624694 -7.760960 0.745187 -2.952081 -2.187930 4.569499
7.069200 -5.624490 -7.760751 0.745107 -2.951915 -2.187908 4.569400
7.069066 -5.624362 -7.760603 0.745075 -2.951982 -2.187840 4.569393
7.069490 -5.624744 -7.761001 0.745141 -2.952069 -2.187935 4.569485
7.069282 -5.624571 -7.760791 0.745150 -2.952267 -2.187879 4.569492
7.069356 -5.624612 -7.760872 0.745110 -2.952107 -2.187863 4.569473
7.069146 -5.624455 -7.760715 0.745121 -2.951975 -2.187921 4.569422
7.069653 -5.624908 -7.761170 0.745216 -2.952209 -2.188018 4.569562
7.069252 -5.624496 -7.760781 0.745099 -2.952088 -2.187832 4.569476
7.069133 -5.624408 -7.760651 0.745113 -2.952286 -2.187785 4.569504
7.069510 -5.624702 -7.760995 0.745106 -2.952223 -2.187822 4.569553
7.069205 -5.624415 -7.760730 0.745026 -2.952014 -2.187744 4.569450
7.069485 -5.624697 -7.760986 0.745131 -2.952258 -2.187858 4.569553
7.069040 -5.624328 -7.760623 0.745097 -2.952097 -2.187834 4.569458
7.069453 -5.624636 -7.760931 0.745085 -2.952312 -2.187765 4.569563
7.069885 -5.624975 -7.761322 0.745089 -2.952316 -2.187772 4.569622
7.068866 -5.624212 -7.760501 0.745084 -2.951966 -2.187890 4.569399
7.069213 -5.624443 -7.760754 0.745063 -2.952147 -2.187783 4.569490
7.070024 -5.625127 -7.761422 0.745198 -2.952731 -2.187827 4.569776
7.068943 -5.624161 -7.760511 0.744964 -2.951965 -2.187660 4.569411
7.069227 -5.624451 -7.760781 0.745062 -2.952135 -2.187786 4.569495
7.070103 -5.625126 -7.761465 0.745133 -2.952732 -2.187700 4.569807
7.067598 -5.623123 -7.759371 0.744957 -2.951744 -2.187729 4.569163
7.069123 -5.624583 -7.760928 0.745250 -2.951535 -2.188367 4.569322
7.070812 -5.625392 -7.761857 0.744879 -2.953069 -2.187060 4.570021
7.068360 -5.623883 -7.760145 0.745177 -2.951896 -2.188081 4.569322
7.069024 -5.624376 -7.760792 0.745083 -2.951380 -2.188098 4.569274
7.069198 -5.624375 -7.760735 0.745031 -2.952154 -2.187699 4.569512
7.069059 -5.624429 -7.760767 0.745175 -2.951854 -2.188095 4.569400
7.069303 -5.624403 -7.760811 0.744958 -2.952043 -2.187600 4.569504
7.068828 -5.624118 -7.760476 0.745028 -2.951856 -2.187804 4.569370
7.069756 -5.624901 -7.761260 0.745156 -2.952350 -2.187868 4.569657
7.069014 -5.624234 -7.760607 0.745009 -2.951975 -2.187721 4.569456
7.068834 -5.624209 -7.760617 0.745077 -2.951449 -2.188043 4.569275
7.069124 -5.624408 -7.760778 0.745112 -2.951938 -2.187925 4.569443
7.069484 -5.624699 -7.761096 0.745128 -2.951993 -2.187934 4.569521
7.068819 -5.624146 -7.760517 0.745066 -2.951790 -2.187888 4.569368
7.069577 -5.624793 -7.761187 0.745157 -2.952031 -2.187977 4.569539
7.068814 -5.624042 -7.760411 0.744984 -2.952033 -2.187634 4.569433
7.067953 -5.623656 -7.759979 0.745173 -2.951062 -2.188372 4.569036
7.069684 -5.624885 -7.761207 0.745031 -2.952141 -2.187945 4.569536
7.069169 -5.624501 -7.760780 0.745043 -2.952062 -2.187996 4.569442
7.069243 -5.624609 -7.760847 0.745129 -2.952267 -2.188089 4.569510
7.068724 -5.624117 -7.760389 0.744981 -2.951873 -2.187950 4.569330
7.242376 -5.657461 -7.836580 0.638873 -3.023199 -1.952949 4.574807
7.069189 -5.624493 -7.760834 0.745143 -2.951851 -2.187992 4.569427
7.068970 -5.624356 -7.760668 0.745102 -2.951723 -2.188039 4.569357
7.068754 -5.624185 -7.760491 0.745083 -2.951600 -2.188048 4.569283
7.069063 -5.624419 -7.760689 0.745131 -2.952031 -2.187978 4.569445
7.069047 -5.624384 -7.760704 0.745155 -2.951937 -2.187985 4.569434
7.068591 -5.623984 -7.760315 0.745067 -2.951638 -2.187927 4.569269
7.069074 -5.624391 -7.760707 0.745139 -2.951959 -2.187945 4.569444
7.068956 -5.624340 -7.760628 0.745186 -2.951960 -2.188038 4.569422
7.068967 -5.624351 -7.760651 0.745122 -2.951722 -2.188029 4.569351
7.068698 -5.624119 -7.760377 0.745114 -2.951838 -2.187969 4.569347
7.069164 -5.624495 -7.760784 0.745136 -2.951914 -2.187986 4.569436
7.068643 -5.624090 -7.760351 0.745117 -2.951734 -2.188015 4.569302
7.068773 -5.624222 -7.760482 0.745149 -2.951727 -2.188084 4.569318
7.069507 -5.624779 -7.761076 0.745206 -2.952151 -2.188025 4.569542
7.068532 -5.623958 -7.760264 0.745066 -2.951572 -2.187969 4.569239
7.068715 -5.624172 -7.760464 0.745146 -2.951592 -2.188120 4.569270
7.069287 -5.624598 -7.760874 0.745194 -2.952124 -2.188014 4.569492
7.069011 -5.624384 -7.760659 0.745173 -2.951943 -2.188039 4.569404
7.068484 -5.623935 -7.760219 0.745084 -2.951592 -2.187999 4.569230
7.069540 -5.624737 -7.761047 0.745135 -2.952122 -2.187888 4.569523
7.068967 -5.624310 -7.760593 0.745126 -2.951880 -2.187961 4.569381
163.313235 -283.594027 -257.892832 169.352442 48.299291 -351.736838 -6.896152
7.068968 -5.624305 -7.760588 0.745119 -2.951877 -2.187949 4.569356
7.068980 -5.624315 -7.760597 0.745121 -2.951887 -2.187948 4.569383
7.068986 -5.624318 -7.760599 0.745119 -2.951889 -2.187945 4.569383
7.068992 -5.624321 -7.760602 0.745117 -2.951891 -2.187940 4.569384
7.068998 -5.624324 -7.760606 0.745116 -2.951892 -2.187936 4.569385
7.069006 -5.624329 -7.760610 0.745114 -2.951893 -2.187932 4.569385
7.069014 -5.624333 -7.760615 0.745112 -2.951894 -2.187927 4.569386
7.069022 -5.624339 -7.760621 0.745110 -2.951895 -2.187923 4.569387
7.069031 -5.624344 -7.760628 0.745107 -2.951895 -2.187918 4.569388
7.069041 -5.624350 -7.760635 0.745105 -2.951895 -2.187914 4.569389
7.069051 -5.624357 -7.760643 0.745103 -2.951895 -2.187910 4.569391
7.069069 -5.624387 -7.760662 0.745089 -2.951928 -2.187912 4.569389
7.069080 -5.624395 -7.760671 0.745087 -2.951927 -2.187907 4.569391
7.069093 -5.624404 -7.760682 0.745085 -2.951925 -2.187902 4.569392
7.069106 -5.624412 -7.760693 0.745082 -2.951924 -2.187898 4.569394
7.069119 -5.624421 -7.760705 0.745080 -2.951922 -2.187893 4.569395
7.069134 -5.624431 -7.760717 0.745078 -2.951919 -2.187888 4.569397
7.069149 -5.624441 -7.760731 0.745075 -2.951917 -2.187883 4.569399
7.069164 -5.624453 -7.760738 0.745071 -2.951908 -2.187878 4.569401
7.069180 -5.624464 -7.760753 0.745069 -2.951905 -2.187873 4.569403
7.069197 -5.624476 -7.760769 0.745066 -2.951902 -2.187868 4.569405
7.069216 -5.624489 -7.760786 0.745063 -2.951897 -2.187863 4.569407
7.069234 -5.624501 -7.760804 0.745061 -2.951893 -2.187857 4.569409
7.069072 -5.624407 -7.760674 0.745105 -2.951949 -2.187921 4.569401
