8.854004 -9.284470 -11.344494 -6.955221 11.224620 -1.348304 4.815380
8.854058 -9.284316 -11.344476 -6.955296 11.224628 -1.348300 4.815380
8.854110 -9.284167 -11.344458 -6.955368 11.224635 -1.348296 4.815380
8.854160 -9.284022 -11.344441 -6.955438 11.224643 -1.348292 4.815380
8.854208 -9.283881 -11.344424 -6.955504 11.224650 -1.348288 4.815380
8.854254 -9.283745 -11.344408 -6.955567 11.224657 -1.348284 4.815380
8.854298 -9.283612 -11.344392 -6.955627 11.224663 -1.348280 4.815380
1.472993 -6.040710 -15.080846 -3.053482 8.877530 -0.106756 4.815379
8.854380 -9.283361 -11.344363 -6.955739 11.224676 -1.348273 4.815380
8.854417 -9.283241 -11.344350 -6.955790 11.224682 -1.348270 4.815380
8.854452 -9.283126 -11.344338 -6.955837 11.224687 -1.348267 4.815380
8.854483 -9.283014 -11.344326 -6.955882 11.224692 -1.348264 4.815380
8.854512 -9.282907 -11.344316 -6.955922 11.224696 -1.348261 4.815380
1.472958 -6.040658 -15.080696 -3.053461 8.877542 -0.106760 4.815380
8.854555 -9.282704 -11.344299 -6.955991 11.224703 -1.348256 4.815380
8.854568 -9.282608 -11.344293 -6.956019 11.224705 -1.348254 4.815380
8.854575 -9.282515 -11.344289 -6.956042 11.224707 -1.348253 4.815380
8.854577 -9.282425 -11.344286 -6.956060 11.224708 -1.348252 4.815380
8.854575 -9.282340 -11.344285 -6.956075 11.224708 -1.348251 4.815380
1.472933 -6.040617 -15.080575 -3.053442 8.877555 -0.106762 4.815380
8.854564 -9.282182 -11.344285 -6.956095 11.224708 -1.348249 4.815380
8.854557 -9.282109 -11.344285 -6.956102 11.224708 -1.348248 4.815380
8.854550 -9.282042 -11.344285 -6.956106 11.224708 -1.348247 4.815380
8.854544 -9.281980 -11.344286 -6.956109 11.224708 -1.348247 4.815380
1.472921 -6.040593 -15.080501 -3.053428 8.877566 -0.106764 4.815380
8.854093 -9.278400 -11.344435 -6.956561 11.224627 -1.348192 4.815382
8.853929 -9.285795 -11.344530 -6.955390 11.224625 -1.348297 4.815382
8.854203 -9.283426 -11.344408 -6.955020 11.224700 -1.348214 4.815382
8.854025 -9.278747 -11.344406 -6.956530 11.224652 -1.348173 4.815382
8.854262 -9.279945 -11.344349 -6.955753 11.224640 -1.348321 4.815381
8.854261 -9.280034 -11.344335 -6.956002 11.224709 -1.348278 4.815380
1.473288 -6.041230 -15.082269 -3.053757 8.877466 -0.106720 4.815379
8.853718 -9.276972 -11.344456 -6.956085 11.224624 -1.348360 4.815382
8.853391 -9.274845 -11.344526 -6.955293 11.224546 -1.348187 4.815384
8.853678 -9.288006 -11.344487 -6.955332 11.224638 -1.348271 4.815383
8.854069 -9.285901 -11.344451 -6.956743 11.224657 -1.348196 4.815382
8.854378 -9.280749 -11.344319 -6.955922 11.224664 -1.348260 4.815381
8.854160 -9.282595 -11.344361 -6.954891 11.224688 -1.348336 4.815382
8.853286 -9.274653 -11.344556 -6.956254 11.224550 -1.348216 4.815384
8.854197 -9.280173 -11.344349 -6.955376 11.224656 -1.348249 4.815381
8.852782 -9.292109 -11.344885 -6.954498 11.224482 -1.348410 4.815385
8.853007 -9.274176 -11.344658 -6.957010 11.224534 -1.348338 4.815385
8.853661 -9.276174 -11.344486 -6.955269 11.224600 -1.348214 4.815383
8.853624 -9.287558 -11.344616 -6.955412 11.224596 -1.348374 4.815383
8.853831 -9.285688 -11.344542 -6.956183 11.224616 -1.348350 4.815382
8.854380 -9.281592 -11.344351 -6.955051 11.224686 -1.348186 4.815381
8.853016 -9.272922 -11.344609 -6.955630 11.224521 -1.348153 4.815385
8.853719 -9.287190 -11.344547 -6.956528 11.224580 -1.348353 4.815382
8.854513 -9.282397 -11.344327 -6.955690 11.224704 -1.348296 4.815380
1.473098 -6.040887 -15.081233 -3.053536 8.877505 -0.106747 4.815380
8.852766 -9.270909 -11.344727 -6.955502 11.224526 -1.348200 4.815386
8.854569 -9.282663 -11.344283 -6.956063 11.224688 -1.348140 4.815379
8.853205 -9.288729 -11.344706 -6.955460 11.224563 -1.348522 4.815384
8.853890 -9.280358 -11.344497 -6.957025 11.224635 -1.348292 4.815382
8.854209 -9.279860 -11.344378 -6.954380 11.224643 -1.348393 4.815382
8.854016 -9.279323 -11.344438 -6.956200 11.224677 -1.348269 4.815381
8.854109 -9.285127 -11.344439 -6.956832 11.224641 -1.348222 4.815381
8.853550 -9.286957 -11.344659 -6.954952 11.224603 -1.348510 4.815383
8.853605 -9.275459 -11.344523 -6.955728 11.224593 -1.348359 4.815383
8.854037 -9.278018 -11.344462 -6.956056 11.224667 -1.348248 4.815381
8.853649 -9.287290 -11.344569 -6.955285 11.224570 -1.348331 4.815382
8.853893 -9.285920 -11.344483 -6.955887 11.224640 -1.348353 4.815382
8.853950 -9.278123 -11.344412 -6.956349 11.224644 -1.348316 4.815382
8.854165 -9.284293 -11.344455 -6.955232 11.224668 -1.348203 4.815381
8.854552 -9.283213 -11.344319 -6.956737 11.224644 -1.348151 4.815380
1.473139 -6.041085 -15.081796 -3.053767 8.877423 -0.106715 4.815380
8.852657 -9.270061 -11.344720 -6.955304 11.224480 -1.348209 4.815387
8.854233 -9.284473 -11.344344 -6.955395 11.224683 -1.348210 4.815381
8.853240 -9.289399 -11.344697 -6.955905 11.224571 -1.348535 4.815384
1.472878 -6.040542 -15.080376 -3.053436 8.877567 -0.106750 4.815380
8.854257 -9.282591 -11.344385 -6.954710 11.224683 -1.348372 4.815382
8.852954 -9.272407 -11.344667 -6.956877 11.224520 -1.348328 4.815385
8.853500 -9.289108 -11.344623 -6.955309 11.224576 -1.348357 4.815384
8.853547 -9.287962 -11.344655 -6.955233 11.224581 -1.348454 4.815384
8.853050 -9.272161 -11.344715 -6.955920 11.224500 -1.348334 4.815386
8.853849 -9.286759 -11.344524 -6.955198 11.224595 -1.348358 4.815383
8.854307 -9.284119 -11.344345 -6.955485 11.224660 -1.348279 4.815381
8.854070 -9.279789 -11.344339 -6.956451 11.224685 -1.348293 4.815381
8.854317 -9.282397 -11.344361 -6.956677 11.224697 -1.348121 4.815381
8.853729 -9.286200 -11.344620 -6.954716 11.224612 -1.348509 4.815383
8.853371 -9.276257 -11.344535 -6.956636 11.224594 -1.348200 4.815384
8.853137 -9.289602 -11.344757 -6.955414 11.224553 -1.348402 4.815385
8.853219 -9.274383 -11.344555 -6.956105 11.224538 -1.348159 4.815385
8.854520 -9.282702 -11.344286 -6.956250 11.224718 -1.348117 4.815381
8.853282 -9.289054 -11.344710 -6.955698 11.224594 -1.348401 4.815385
8.853985 -9.277924 -11.344451 -6.955351 11.224635 -1.348243 4.815384
8.854385 -9.281316 -11.344298 -6.955566 11.224689 -1.348342 4.815381
1.473342 -6.041207 -15.082183 -3.053607 8.877502 -0.106725 4.815381
8.853323 -9.274910 -11.344612 -6.956248 11.224568 -1.348354 4.815385
8.853994 -9.283289 -11.344503 -6.954363 11.224641 -1.348404 4.815383
8.853931 -9.285068 -11.344526 -6.956006 11.224627 -1.348306 4.815382
8.853243 -9.274275 -11.344588 -6.956352 11.224556 -1.348400 4.815385
8.853751 -9.287354 -11.344577 -6.955096 11.224557 -1.348226 4.815383
8.854331 -9.283182 -11.344300 -6.956299 11.224693 -1.348249 4.815382
8.853595 -9.276238 -11.344486 -6.955801 11.224557 -1.348239 4.815384
8.854255 -9.282693 -11.344314 -6.954640 11.224668 -1.348338 4.815382
8.854296 -9.283013 -11.344360 -6.956562 11.224708 -1.348290 4.815382
8.854230 -9.284544 -11.344383 -6.955624 11.224658 -1.348342 4.815382
8.853719 -9.276174 -11.344550 -6.954826 11.224618 -1.348154 4.815385
8.853589 -9.287278 -11.344538 -6.956021 11.224569 -1.348206 4.815383
8.853959 -9.280812 -11.344435 -6.956859 11.224637 -1.348211 4.815383
8.853943 -9.278309 -11.344392 -6.955523 11.224630 -1.348264 4.815383
8.854181 -9.284855 -11.344394 -6.955600 11.224678 -1.348402 4.815383
8.854286 -9.280489 -11.344329 -6.955918 11.224662 -1.348157 4.815382
8.854081 -9.284334 -11.344425 -6.954535 11.224638 -1.348242 4.815383
8.854359 -9.280618 -11.344371 -6.956448 11.224690 -1.348184 4.815382
8.853994 -9.278364 -11.344393 -6.955395 11.224608 -1.348311 4.815383
8.854288 -9.281852 -11.344381 -6.954964 11.224696 -1.348295 4.815382
8.853886 -9.278141 -11.344399 -6.956170 11.224591 -1.348205 4.815383
8.853483 -9.288792 -11.344656 -6.944953 11.224567 -1.347797 4.815384
8.854607 -9.282933 -11.344201 -6.956380 11.224698 -1.348226 4.815381
8.853051 -9.272534 -11.344620 -6.955917 11.224545 -1.348204 4.815387
8.853868 -9.286370 -11.344532 -6.955158 11.224656 -1.348258 4.815384
8.853352 -9.288376 -11.344753 -6.955238 11.224546 -1.348381 4.815384
8.852699 -9.271157 -11.344657 -6.956189 11.224482 -1.348192 4.815387
8.853875 -9.279102 -11.344461 -6.953892 11.224643 -1.348374 4.815384
8.854473 -9.282269 -11.344319 -6.956130 11.224745 -1.348216 4.815381
1.473220 -6.041349 -15.082543 -3.054032 8.877420 -0.106668 4.815380
8.854366 -9.283127 -11.344402 -6.956342 11.224675 -1.348430 4.815382
8.853241 -9.273638 -11.344582 -6.955767 11.224558 -1.348298 4.815385
8.853410 -9.275443 -11.344501 -6.955746 11.224587 -1.348279 4.815384
8.854437 -9.283697 -11.344364 -6.957091 11.224660 -1.348156 4.815381
8.851666 -9.298542 -11.345241 -6.953357 11.224308 -1.348534 4.815390
8.853339 -9.274768 -11.344585 -6.956213 11.224561 -1.348336 4.815385
8.852761 -9.270617 -11.344696 -6.955397 11.224505 -1.348176 4.815387
1.473448 -6.041461 -15.082984 -3.053878 8.877383 -0.106705 4.815380
8.853756 -9.280554 -11.344515 -6.956651 11.224657 -1.348233 4.815383
8.854218 -9.283478 -11.344345 -6.956158 11.224731 -1.348171 4.815382
8.853677 -9.287005 -11.344628 -6.955211 11.224617 -1.348464 4.815384
8.852859 -9.270914 -11.344673 -6.955484 11.224452 -1.348344 4.815383
8.854466 -9.283299 -11.344292 -6.956323 11.224721 -1.348215 4.815381
8.852325 -9.293981 -11.345038 -6.953907 11.224475 -1.348575 4.815388
8.852683 -9.270906 -11.344700 -6.955595 11.224496 -1.348207 4.815387
8.853227 -9.273786 -11.344595 -6.955564 11.224561 -1.348259 4.815385
8.853511 -9.287547 -11.344613 -6.953975 11.224558 -1.348463 4.815384
1.473106 -6.040828 -15.081145 -3.053485 8.877493 -0.106759 4.815380
8.853686 -9.284556 -11.344552 -6.956660 11.224581 -1.348461 4.815383
8.854083 -9.282291 -11.344410 -6.954325 11.224651 -1.348393 4.815383
1.472405 -6.039914 -15.078688 -3.053337 8.877686 -0.106757 4.815380
8.853700 -9.287756 -11.344480 -6.955686 11.224601 -1.348358 4.815383
8.852973 -9.291266 -11.344748 -6.955839 11.224512 -1.348418 4.815386
8.853953 -9.277972 -11.344438 -6.955910 11.224635 -1.348332 4.815384
8.854387 -9.281534 -11.344305 -6.955368 11.224676 -1.348250 4.815383
8.853743 -9.286553 -11.344521 -6.954687 11.224626 -1.348482 4.815385
8.854583 -9.281779 -11.344288 -6.955734 11.224684 -1.348260 4.815382
1.473280 -6.041162 -15.082097 -3.053688 8.877483 -0.106721 4.815382
8.853932 -9.277791 -11.344434 -6.956176 11.224612 -1.348299 4.815385
8.854129 -9.279078 -11.344403 -6.956134 11.224643 -1.348337 4.815384
8.853582 -9.287647 -11.344653 -6.955239 11.224565 -1.348491 4.815385
8.853440 -9.288314 -11.344582 -6.956107 11.224559 -1.348560 4.815386
8.852820 -9.271422 -11.344649 -6.955468 11.224560 -1.348451 4.815388
1.473335 -6.041049 -15.081847 -3.053473 8.877477 -0.106770 4.815382
8.851653 -9.298152 -11.345285 -6.953717 11.224347 -1.348792 4.815392
1.472735 -6.039933 -15.078665 -3.052757 8.877711 -0.106862 4.815383
8.853426 -9.279646 -11.344663 -6.952269 11.224553 -1.348404 4.815388
8.853541 -9.278075 -11.344545 -6.953318 11.224530 -1.348391 4.815386
1.473017 -6.040816 -15.081201 -3.053666 8.877498 -0.106760 4.815381
8.853454 -9.288389 -11.344630 -6.955047 11.224587 -1.348378 4.815384
8.852367 -9.272138 -11.344763 -6.957380 11.224390 -1.348396 4.815388
8.853954 -9.280203 -11.344385 -6.956937 11.224654 -1.348226 4.815383
8.853554 -9.279735 -11.344464 -6.957702 11.224580 -1.348337 4.815385
1.472658 -6.040569 -15.080545 -3.053895 8.877570 -0.106679 4.815382
8.853350 -9.288126 -11.344671 -6.955948 11.224564 -1.348413 4.815386
8.853133 -9.272798 -11.344641 -6.956181 11.224514 -1.348260 4.815388
8.853745 -9.278116 -11.344405 -6.955877 11.224616 -1.348192 4.815385
1.473390 -6.041482 -15.082961 -3.053991 8.877342 -0.106687 4.815382
8.853335 -9.281325 -11.344598 -6.957909 11.224571 -1.348186 4.815387
8.851775 -9.265839 -11.344940 -6.955951 11.224347 -1.348007 4.815394
8.852594 -9.270113 -11.344729 -6.955568 11.224439 -1.347944 4.815390
8.852441 -9.279266 -11.344900 -6.948411 11.224417 -1.347997 4.815392
8.852868 -9.275974 -11.344784 -6.951084 11.224447 -1.347959 4.815389
8.853795 -9.281521 -11.344536 -6.953923 11.224529 -1.347941 4.815383
1.472535 -6.040214 -15.079449 -3.053488 8.877636 -0.106750 4.815379
8.850666 -9.267670 -11.345176 -6.959721 11.224265 -1.348132 4.815391
8.851594 -9.275720 -11.344953 -6.960038 11.224363 -1.347258 4.815389
8.851492 -9.280439 -11.344973 -6.960355 11.224328 -1.346247 4.815371
1.472248 -6.041030 -15.081533 -3.055100 8.877542 -0.106384 4.815382
8.848089 -9.303505 -11.346542 -6.960586 11.223746 -1.351398 4.815405
8.842067 -9.326543 -11.348553 -6.961287 11.222981 -1.352160 4.815424
8.838029 -9.337481 -11.349829 -6.937509 11.222167 -1.364433 4.815448
1.484849 -6.042360 -15.086561 -3.039524 8.871173 -0.111118 4.815396
8.808290 -9.265301 -11.356982 -6.783434 11.218780 -1.412044 4.815548
8.785470 -9.197624 -11.362908 -6.710394 11.216017 -1.423205 4.815595
1.482248 -6.021693 -15.034768 -3.015820 8.873192 -0.117327 4.815291
8.740366 -8.973910 -11.372374 -6.624199 11.210371 -1.407785 4.815626
8.717083 -8.807517 -11.377864 -6.601569 11.207222 -1.393466 4.815619
8.693069 -8.634791 -11.383564 -6.583385 11.204168 -1.394548 4.815576
1.439995 -5.966907 -14.893779 -3.008247 8.885898 -0.123348 4.814823
8.646415 -8.359856 -11.392830 -6.556657 11.198876 -1.455417 4.815307
8.633358 -8.271524 -11.394708 -6.553146 11.197331 -1.524668 4.815029
8.623626 -8.213122 -11.395457 -6.553448 11.196176 -1.602513 4.814690
8.629321 -8.176992 -11.395570 -6.558864 11.192774 -1.654917 4.814378
1.455449 -5.932870 -14.807826 -2.958979 8.843728 -0.155720 4.813569
8.596355 -8.136245 -11.396234 -6.573206 11.192215 -1.719040 4.813715
8.589132 -8.125184 -11.395657 -6.605947 11.191108 -1.730958 4.813418
1.458389 -5.928332 -14.798376 -2.946486 8.842819 -0.167827 4.812714
8.603242 -8.163320 -11.384736 -6.828999 11.191972 -1.657850 4.812932
8.615667 -8.252223 -11.376134 -7.020336 11.194273 -1.549192 4.812838
8.622136 -8.423289 -11.373299 -7.205915 11.194249 -1.415459 4.812905
8.610134 -8.697955 -11.378009 -7.338558 11.192312 -1.279097 4.813099
8.573251 -9.318098 -11.395064 -7.371566 11.187788 -1.098506 4.813389
8.492205 -10.304869 -11.430744 -7.292852 11.179078 -0.926645 4.813783
8.364225 -11.108831 -11.486240 -7.120331 11.165110 -0.764786 4.814455
8.203617 -11.444812 -11.555169 -6.886795 11.147936 -0.581581 4.815403
8.024645 -11.414117 -11.628160 -6.622975 11.128973 -0.367109 4.816582
7.897437 -11.227987 -11.673105 -6.368717 11.123433 -0.155927 4.815554
7.638498 -10.943519 -11.782248 -6.016042 11.088717 0.023298 4.820099
7.460160 -10.666617 -11.848915 -5.704582 11.074818 0.247912 4.821841
1.785853 -6.087871 -15.248305 -2.409349 9.458054 -0.022923 4.819898
7.105625 -10.088166 -11.980996 -5.038813 11.049572 0.635045 4.826824
6.942678 -9.790398 -12.035041 -4.688045 11.041871 0.834594 4.829780
6.688619 -9.339871 -12.150461 -3.994026 11.015489 1.271308 4.833179
6.577692 -9.087766 -12.189026 -3.685854 11.017573 1.456086 4.836927
6.473112 -8.838819 -12.231356 -3.363614 11.021221 1.666570 4.840950
6.377795 -8.596594 -12.273082 -3.034556 11.030717 1.902243 4.845251
2.346146 -5.916183 -14.679450 -0.947942 10.224149 0.134409 4.842774
6.311889 -8.114083 -12.299048 -2.436241 11.053470 2.456860 4.858378
6.158822 -7.928194 -12.405246 -2.043496 11.029705 2.764077 4.860074
6.074441 -7.741047 -12.461147 -1.686344 11.023324 3.084817 4.865063
6.003924 -7.553747 -12.523479 -1.336946 11.026877 3.377466 4.870780
5.930280 -7.371434 -12.584557 -0.985596 11.039856 3.649053 4.876805
5.855420 -7.196843 -12.642351 -0.639276 11.063933 3.888848 4.883131
5.789349 -7.040497 -12.709743 -0.297343 11.092537 4.143052 4.889678
5.730494 -6.903620 -12.783358 0.024073 11.107398 4.421470 4.896399
5.788941 -6.710507 -12.954082 0.792630 11.083206 4.853551 4.902978
3.249787 -5.968069 -14.307704 1.174202 11.478210 0.631270 4.903804
5.718051 -6.577872 -13.093423 1.216583 11.076880 5.405119 4.917927
6.174452 -6.513705 -12.772965 1.268783 11.171163 5.842178 4.941938
5.288767 -6.202997 -13.520393 1.735740 10.939789 5.939104 4.928849
3.372587 -6.220444 -14.466874 1.396448 11.771964 0.991180 4.935935
5.657930 -6.563046 -13.488597 1.897794 10.922650 6.435006 4.949558
3.491828 -6.371143 -14.613173 1.571609 11.804170 1.151161 4.952564
5.750634 -6.656312 -13.705438 2.314068 10.796823 6.729625 4.965809
5.844622 -6.717544 -13.808244 2.594571 10.737011 6.812731 4.973927
5.970392 -6.781805 -13.909078 2.927967 10.681920 6.842921 4.982017
6.134259 -6.852411 -14.015996 3.324509 10.633507 6.811066 4.990055
6.336492 -6.937035 -14.132367 3.786243 10.600726 6.724423 4.998011
4.726474 -6.940885 -15.101256 3.308863 11.862744 1.032073 5.002184
6.885969 -7.146863 -14.445836 4.960973 10.621913 6.470055 5.013422
7.217215 -7.288845 -14.638369 5.640936 10.696637 6.314185 5.020729
7.724856 -7.440112 -14.865383 6.360493 10.771708 6.167680 5.028038
8.208807 -7.604963 -15.103302 7.166622 10.847622 6.036825 5.034631
6.977516 -7.763136 -16.084420 6.644740 12.417424 0.186460 5.037833
9.298090 -7.951023 -15.563196 8.952832 10.813021 5.682646 5.046262
9.893251 -8.128532 -15.796090 9.912885 10.690888 5.527466 5.051354
10.515541 -8.304991 -16.018292 10.922049 10.565000 5.337763 5.056033
9.327635 -8.678263 -16.892528 9.996356 12.425745 -1.148523 5.058417
11.804073 -8.670605 -16.457913 13.010907 10.341835 4.863535 5.064070
12.469682 -8.858406 -16.667201 14.094512 10.242748 4.522742 5.067323
13.140883 -9.037981 -16.850166 15.200172 10.158484 4.146650 5.069996
13.812733 -9.200486 -17.005266 16.334814 10.085239 3.735503 5.072033
12.522917 -10.080204 -17.479854 14.664612 12.671316 -3.728798 5.073307
15.152081 -9.524230 -17.204342 18.634958 9.975802 2.715986 5.074282
15.839389 -9.664948 -17.246368 19.953126 9.946013 2.146149 5.074139
16.430940 -9.813334 -17.251166 20.934556 9.913062 1.498385 5.073872
17.030030 -9.955024 -17.229253 22.068395 9.904736 0.822242 5.072618
17.576715 -10.090696 -17.183601 23.138200 9.908963 0.210675 5.070660
18.067243 -10.222604 -17.114421 24.140432 9.925198 -0.327844 5.067981
18.505688 -10.352300 -17.021774 25.074476 9.943448 -0.843950 5.064568
16.664060 -12.249098 -16.294864 21.150569 14.080549 -9.462660 5.065589
19.209360 -10.582623 -16.766159 26.781851 10.005273 -1.587253 5.055403
19.502095 -10.692334 -16.659752 28.005529 10.065129 -2.010057 5.048786
19.663801 -10.893006 -16.437853 28.243145 10.124386 -2.467287 5.043505
17.369108 -13.198545 -14.980442 22.384943 15.389733 -11.531846 5.047356
19.834498 -11.110564 -16.033943 29.012195 10.231315 -2.893471 5.029591
19.828330 -11.188383 -15.815470 29.270084 10.274959 -3.091044 5.021841
23.304446 -3.579661 -7.543985 26.171691 12.996344 -5.098170 5.051254
19.331685 -10.974886 -15.896256 30.247666 10.193328 -3.764415 5.001260
19.488054 -11.144811 -15.062166 29.980389 10.506210 -3.888748 4.995548
19.251661 -11.029798 -14.756175 29.861478 10.595894 -4.071044 4.986658
18.974380 -10.903800 -14.444439 29.675896 10.673819 -4.223156 4.977559
16.167479 -13.347571 -10.877000 21.290092 17.417213 -12.735614 4.990570
18.327134 -10.513385 -13.816986 29.150322 10.736996 -4.337617 4.959074
18.350230 -10.048970 -13.113148 28.835992 10.658893 -4.410778 4.952151
17.422348 -9.925998 -13.505734 28.565619 10.741282 -4.320090 4.939036
16.969679 -9.916920 -12.818205 27.402492 10.754688 -4.548811 4.932636
16.492801 -9.856212 -12.564662 26.796473 10.771088 -4.590607 4.924188
15.996616 -9.823130 -12.319134 26.165384 10.803219 -4.656368 4.915994
15.502431 -9.799102 -12.082168 25.531819 10.848116 -4.755376 4.908106
15.017070 -9.778126 -11.867692 24.880613 10.904889 -4.855809 4.900582
14.530666 -9.767224 -11.663753 24.242309 10.967170 -4.923140 4.893366
14.053042 -9.772112 -11.473771 23.608827 11.026261 -4.959252 4.886507
13.594558 -9.810359 -11.311749 23.013149 11.097269 -4.965902 4.879969
13.265834 -9.901643 -11.184587 22.895005 11.339867 -5.045837 4.872404
13.023359 -10.001456 -11.104341 23.106369 11.637064 -5.106591 4.864192
12.287289 -10.178386 -10.994173 21.283995 11.267203 -4.766693 4.862305
11.889079 -10.250712 -10.940887 20.722978 11.315016 -4.629798 4.857203
11.646391 -10.314534 -10.920582 20.193631 11.370766 -4.491690 4.853036
11.315035 -10.356613 -10.905795 19.641108 11.442116 -4.333282 4.848763
10.651486 -11.919462 -4.690297 13.326301 16.588181 -7.199484 4.875846
10.463114 -10.438325 -10.853880 18.446579 11.447671 -3.960558 4.840553
10.033309 -10.449033 -10.821133 17.839354 11.364601 -3.776953 4.837077
9.583037 -10.429321 -10.770484 17.224251 11.250884 -3.635006 4.834108
9.126361 -10.354977 -10.715920 16.606697 11.154391 -3.530835 4.831745
8.666120 -10.266545 -10.663418 16.009058 11.094882 -3.465798 4.829930
8.197885 -10.177830 -10.605022 15.413441 11.058492 -3.439704 4.828633
7.832391 -9.961710 -10.360088 15.274455 11.014523 -3.790321 4.816198
8.408292 -10.737376 -3.150891 10.973660 15.369540 -4.454441 4.862298
6.740654 -9.766922 -10.398188 13.647830 10.950346 -3.387187 4.827762
6.235471 -9.587838 -10.308423 13.066582 10.909425 -3.369663 4.828519
5.734290 -9.414028 -10.209492 12.505042 10.865762 -3.358488 4.829814
5.221037 -9.265568 -10.106828 11.943110 10.825536 -3.330510 4.831655
4.697299 -9.209849 -10.009243 11.383275 10.791865 -3.274370 4.834009
4.162571 -9.238583 -9.921336 10.830064 10.762291 -3.175826 4.836875
3.627436 -9.326860 -9.846092 10.280423 10.733139 -3.021544 4.840285
3.080244 -9.462029 -9.781842 9.714241 10.702719 -2.796418 4.844261
2.525123 -9.614460 -9.715516 9.146500 10.667880 -2.555362 4.848810
1.981685 -9.779401 -9.647331 8.607643 10.636995 -2.335971 4.853937
1.453125 -9.967085 -9.586268 8.098625 10.613815 -2.122073 4.859619
0.935467 -10.181070 -9.531683 7.629667 10.598829 -1.915166 4.865795
0.430440 -10.418298 -9.483253 7.173074 10.582741 -1.728459 4.872453
-0.057331 -10.663890 -9.440650 6.733146 10.567073 -1.601197 4.879565
-0.570486 -10.912970 -9.441171 5.800055 10.534927 -1.328184 4.887576
-1.016301 -11.148588 -9.417625 5.344167 10.548474 -1.245980 4.895721
-1.445602 -11.366276 -9.403057 4.904281 10.595440 -1.202084 4.904170
-1.850077 -11.568546 -9.398530 4.496829 10.670585 -1.169268 4.912873
-2.201289 -11.742764 -9.405714 4.222226 10.780364 -1.163265 4.921436
-2.512856 -11.886874 -9.419337 4.090269 10.920707 -1.145571 4.929745
-2.861362 -12.010054 -9.472861 3.429001 11.094178 -0.970640 4.939093
2.465752 -10.880539 -2.338647 4.650087 10.889416 4.180785 4.982748
-3.484338 -12.207779 -9.464492 2.628555 11.403729 -0.869629 4.959210
-3.766006 -12.280906 -9.443738 2.237574 11.525165 -0.828104 4.969626
-4.026918 -12.335467 -9.415109 1.848090 11.640404 -0.818518 4.980286
-4.265692 -12.365558 -9.380470 1.451198 11.744985 -0.847832 4.991188
-4.476116 -12.377501 -9.343753 1.075323 11.819256 -0.903812 5.002284
-4.666825 -12.383997 -9.310328 0.697353 11.861275 -0.950206 5.013587
1.460302 -11.077894 -2.520909 3.723402 10.421371 5.122660 5.051678
-4.982503 -12.360502 -9.253785 -0.070094 11.928738 -1.025136 5.036866
-5.109166 -12.317310 -9.216719 -0.442439 11.985184 -1.089702 5.048787
-5.232264 -12.257384 -9.162958 -0.815194 12.103705 -1.175855 5.060852
-5.351333 -12.177511 -9.091587 -1.172799 12.274480 -1.274492 5.072994
-5.461525 -12.077788 -9.006763 -1.534746 12.479051 -1.382974 5.085248
-5.568859 -11.975305 -8.916626 -1.894404 12.734900 -1.477517 5.097565
-5.677933 -11.869626 -8.823898 -2.256387 13.026975 -1.548224 5.109897
-5.779228 -11.759603 -8.732834 -2.623252 13.306677 -1.608443 5.122242
-5.880056 -11.171380 -8.662454 -3.357423 13.703031 -1.853334 5.138049
-5.972383 -11.512590 -8.332892 -3.248185 13.764667 -1.713535 5.145501
-6.022601 -11.348165 -8.440056 -3.680158 14.031013 -1.876530 5.159236
-6.075366 -11.233263 -8.360241 -4.005469 14.233792 -1.950137 5.171524
-6.103490 -11.136426 -8.294855 -4.296883 14.413017 -2.013998 5.183724
-6.096221 -11.062947 -8.239424 -4.544858 14.567769 -2.109003 5.195799
-6.069537 -11.030503 -8.187387 -4.765167 14.684362 -2.257981 5.207676
-6.020927 -11.022129 -8.141681 -4.962356 14.773400 -2.416937 5.219365
-5.939018 -11.017900 -8.110112 -5.120634 14.835750 -2.559687 5.230855
-5.829202 -11.005281 -8.093105 -5.235244 14.888975 -2.668027 5.242102
0.383537 -10.198446 -3.291430 2.594025 10.665594 4.755772 5.254740
-5.530428 -11.034061 -8.105543 -5.356782 15.038726 -2.778626 5.263769
-5.331534 -11.087231 -8.138025 -5.361844 15.120087 -2.813351 5.274077
-5.103088 -11.166841 -8.186214 -5.326379 15.180119 -2.835084 5.283927
-4.844037 -11.259012 -8.250589 -5.255344 15.221905 -2.843878 5.293307
-4.555778 -11.382426 -8.328589 -5.142156 15.245980 -2.841463 5.302163
-4.241339 -11.540780 -8.425031 -4.989762 15.260966 -2.835806 5.310459
-3.894243 -11.708532 -8.539505 -4.795039 15.251567 -2.828290 5.318165
-3.518240 -11.892470 -8.671435 -4.558851 15.212281 -2.831702 5.325249
-3.109484 -12.089636 -8.816854 -4.281823 15.149283 -2.857960 5.331710
-2.694046 -12.293647 -8.969612 -3.991027 15.072021 -2.892291 5.337514
-2.264619 -12.484306 -9.134126 -3.671219 14.984615 -2.934893 5.342671
-1.823620 -12.669940 -9.312900 -3.329626 14.901933 -2.965829 5.347191
-1.383765 -12.846772 -9.504519 -2.983391 14.807951 -2.953323 5.351056
-0.945575 -13.003013 -9.705424 -2.627586 14.698159 -2.905133 5.354282
-0.511490 -13.121839 -9.908259 -2.266070 14.582718 -2.839991 5.356916
-0.088647 -13.191589 -10.113244 -1.898116 14.480630 -2.760813 5.358998
0.325019 -13.109247 -10.349168 -1.636631 14.420212 -2.709089 5.360655
1.307224 -15.269935 -1.844801 3.316812 12.387016 1.202683 5.359968
1.086299 -13.155397 -10.714120 -0.764333 14.287808 -2.432933 5.362202
1.446531 -13.077187 -10.910268 -0.394556 14.220072 -2.295898 5.362371
3.960524 -13.834945 -5.424448 3.817618 12.221012 1.649410 5.361950
2.101449 -12.846887 -11.277345 0.299136 14.003693 -2.020738 5.361658
2.407846 -12.706868 -11.454910 0.628502 13.837937 -1.889440 5.360948
2.695505 -12.553288 -11.631659 0.925980 13.643841 -1.771202 5.360108
2.952307 -12.382755 -11.798019 1.193113 13.433156 -1.674857 5.359173
3.201552 -12.195506 -11.968143 1.436129 13.229552 -1.598496 5.358244
3.429781 -11.995496 -12.126020 1.660287 13.060594 -1.541795 5.357303
4.288500 -13.432055 -5.249224 4.033078 11.987184 1.011757 5.355947
3.819895 -11.567708 -12.387648 2.031517 12.851329 -1.489728 5.355443
4.318079 -13.176051 -5.133771 4.153760 12.003082 0.869962 5.354053
4.116709 -11.118094 -12.557578 2.304863 12.798601 -1.480338 5.353716
4.223423 -10.874758 -12.611866 2.414120 12.790115 -1.523514 5.352854
4.258214 -12.664453 -4.881111 4.325446 12.087684 0.624637 5.351304
4.363338 -10.367400 -12.684943 2.545843 12.809727 -1.631725 5.351016
4.408984 -10.120014 -12.711822 2.595223 12.825156 -1.668799 5.350019
4.437812 -9.882846 -12.735279 2.632607 12.843623 -1.678292 5.349000
4.451550 -9.671531 -12.757739 2.661353 12.865287 -1.668214 5.347999
4.460327 -9.475720 -12.778637 2.684013 12.869948 -1.654182 5.347028
3.960924 -11.655392 -4.432431 4.493557 12.206119 0.473898 5.345393
3.951712 -11.643806 -4.424079 4.485333 12.194978 0.480022 5.344652
4.450352 -9.370659 -12.827672 2.703494 12.821494 -1.622162 5.344789
4.439724 -9.621359 -12.836173 2.701897 12.809364 -1.600241 5.344308
4.260801 -12.475873 -4.789181 4.415139 12.150693 0.599295 5.343208
4.411681 -10.405833 -12.836852 2.715972 12.787139 -1.590117 5.343659
4.391932 -10.780364 -12.833026 2.713803 12.775483 -1.628113 5.343500
4.370359 -11.093069 -12.830484 2.698826 12.763885 -1.656825 5.343465
4.835298 -13.924478 -5.397022 4.332891 12.057427 0.687816 5.342871
4.339306 -11.817629 -12.830918 2.677492 12.762388 -1.670881 5.343707
4.329107 -12.067172 -12.833758 2.670846 12.773595 -1.672311 5.343927
4.320179 -12.161996 -12.838424 2.659025 12.787012 -1.674668 5.344161
4.314591 -12.157622 -12.843225 2.645484 12.797252 -1.676605 5.344363
4.309130 -12.085475 -12.847413 2.627641 12.801577 -1.678311 5.344532
4.298754 -11.927627 -12.851962 2.602586 12.802515 -1.680222 5.344695
4.289337 -11.728066 -12.857081 2.576613 12.803426 -1.682359 5.344859
4.285779 -11.431450 -12.861923 2.559467 12.803848 -1.683765 5.345022
4.288606 -11.083913 -12.866537 2.547370 12.803992 -1.684982 5.345157
4.562720 -13.276527 -5.129725 4.352404 12.069467 0.678982 5.344602
4.295584 -10.621600 -12.871266 2.525898 12.804379 -1.686844 5.345283
4.298549 -10.523226 -12.869405 2.518387 12.804497 -1.686803 5.345285
4.301841 -10.496984 -12.865473 2.511507 12.804615 -1.686510 5.345267
4.304568 -10.499718 -12.862713 2.507638 12.804720 -1.686697 5.345253
4.440142 -12.960674 -4.995034 4.364944 12.070897 0.649409 5.344610
4.309990 -10.493971 -12.861108 2.512323 12.804516 -1.687418 5.345259
4.310899 -10.491231 -12.863732 2.519619 12.804351 -1.688787 5.345278
4.435063 -12.943506 -4.985605 4.367632 12.076614 0.640655 5.344647
4.435342 -12.942955 -4.984859 4.367016 12.077951 0.640108 5.344658
4.300795 -10.474524 -12.873706 2.533198 12.804000 -1.693109 5.345326
4.434012 -12.940411 -4.983893 4.367483 12.078881 0.641038 5.344664
4.293512 -10.473877 -12.871399 2.536095 12.803762 -1.694340 5.345312
4.435889 -12.945905 -4.986019 4.366950 12.077921 0.641587 5.344661
4.435337 -12.945163 -4.985552 4.367038 12.077010 0.641003 5.344665
4.295452 -10.477368 -12.874647 2.529617 12.804120 -1.694557 5.345323
4.431372 -12.938056 -4.982919 4.366993 12.078024 0.642266 5.344671
4.297330 -10.480544 -12.874813 2.530367 12.804102 -1.692545 5.345325
4.297264 -10.484915 -12.874856 2.530420 12.804098 -1.692758 5.345325
4.297387 -10.476803 -12.874798 2.530826 12.804051 -1.692438 5.345327
4.297338 -10.478575 -12.875112 2.531314 12.804061 -1.692559 5.345329
4.297213 -10.481438 -12.875008 2.531508 12.804046 -1.692718 5.345328
4.297235 -10.477131 -12.874782 2.531345 12.804050 -1.692400 5.345328
4.434234 -12.944883 -4.985883 4.366611 12.078102 0.642671 5.344675
4.297205 -10.480599 -12.875004 2.531545 12.804059 -1.692565 5.345329
4.297156 -10.479966 -12.875073 2.531268 12.804061 -1.692595 5.345329
4.434480 -12.945231 -4.985956 4.366694 12.078105 0.642649 5.344675
4.297100 -10.480167 -12.874943 2.531591 12.804063 -1.692636 5.345329
4.297253 -10.477876 -12.874990 2.531306 12.804063 -1.692349 5.345329
4.297347 -10.483675 -12.875038 2.531260 12.804078 -1.692633 5.345329
4.297569 -10.479480 -12.874838 2.530841 12.804084 -1.692602 5.345328
4.297451 -10.477660 -12.874847 2.530864 12.804069 -1.692505 5.345329
4.297331 -10.483101 -12.874966 2.530828 12.804083 -1.692678 5.345328
4.297277 -10.478881 -12.874928 2.530867 12.804074 -1.692510 5.345329
4.297392 -10.481048 -12.875022 2.531010 12.804075 -1.692546 5.345330
4.297131 -10.481675 -12.875001 2.531431 12.804058 -1.692652 5.345330
4.296926 -10.478477 -12.874804 2.531506 12.804042 -1.692493 5.345330
4.297183 -10.479652 -12.874886 2.531766 12.804015 -1.692464 5.345330
4.297055 -10.482833 -12.875046 2.531252 12.804066 -1.692621 5.345330
4.297367 -10.476461 -12.874902 2.531144 12.804054 -1.692661 5.345331
4.297345 -10.479748 -12.875102 2.531321 12.804033 -1.692510 5.345332
4.297466 -10.480971 -12.874993 2.530911 12.804091 -1.692605 5.345331
4.297505 -10.476879 -12.874774 2.531218 12.804056 -1.692358 5.345331
4.297153 -10.479238 -12.874992 2.531314 12.804067 -1.692544 5.345332
4.437031 -12.951805 -4.988822 4.366307 12.077843 0.643239 5.344677
4.297236 -10.481458 -12.875053 2.531098 12.804085 -1.692686 5.345331
4.297317 -10.478418 -12.875053 2.531195 12.804084 -1.692595 5.345332
4.297108 -10.474794 -12.874588 2.531560 12.804043 -1.692332 5.345331
4.435251 -12.947239 -4.986862 4.366555 12.077969 0.642853 5.344678
4.297336 -10.476990 -12.875046 2.530981 12.804085 -1.692672 5.345332
4.297236 -10.475990 -12.874683 2.531643 12.804044 -1.692432 5.345331
4.297180 -10.485949 -12.874906 2.531165 12.804090 -1.692697 5.345330
4.297241 -10.481067 -12.875090 2.531326 12.804069 -1.692662 5.345331
4.297604 -10.472737 -12.874488 2.531189 12.804021 -1.692431 5.345330
4.297109 -10.474612 -12.874663 2.531375 12.804051 -1.692464 5.345331
4.434464 -12.945190 -4.986019 4.366621 12.077950 0.642672 5.344678
4.297485 -10.476676 -12.874865 2.531201 12.804082 -1.692531 5.345332
4.297199 -10.476544 -12.874851 2.531289 12.804050 -1.692688 5.345332
4.297265 -10.476713 -12.874781 2.531286 12.804038 -1.692476 5.345332
4.297243 -10.479266 -12.875115 2.531172 12.804087 -1.692604 5.345333
4.297487 -10.478695 -12.874964 2.530883 12.804078 -1.692576 5.345332
4.297319 -10.472539 -12.874359 2.531314 12.804023 -1.692316 5.345331
4.297295 -10.476837 -12.874863 2.531362 12.804038 -1.692466 5.345333
4.297379 -10.481397 -12.874996 2.531016 12.804062 -1.692642 5.345333
4.297125 -10.472317 -12.874494 2.531255 12.804046 -1.692425 5.345332
4.297249 -10.474019 -12.874414 2.531567 12.804019 -1.692342 5.345332
4.436836 -12.951297 -4.988633 4.366252 12.077845 0.643332 5.344679
4.297243 -10.480021 -12.875081 2.531070 12.804071 -1.692522 5.345334
4.297440 -10.475339 -12.874538 2.531245 12.804050 -1.692311 5.345333
4.432929 -12.941190 -4.984324 4.366812 12.078180 0.642481 5.344680
4.297272 -10.486064 -12.874849 2.530797 12.804114 -1.692836 5.345332
4.297413 -10.473814 -12.874526 2.531234 12.804046 -1.692360 5.345334
4.433709 -12.943117 -4.985172 4.366744 12.078144 0.642597 5.344680
4.297255 -10.486364 -12.874858 2.531082 12.804091 -1.692657 5.345333
4.297398 -10.479407 -12.874943 2.531243 12.804069 -1.692517 5.345335
4.297285 -10.479366 -12.875049 2.531196 12.804078 -1.692683 5.345336
4.297257 -10.481029 -12.875041 2.531300 12.804071 -1.692504 5.345336
4.435662 -12.948186 -4.987283 4.366462 12.077972 0.643057 5.344682
4.297250 -10.481686 -12.875085 2.531217 12.804073 -1.692558 5.345336
4.297196 -10.481731 -12.875037 2.531279 12.804083 -1.692718 5.345336
4.297208 -10.480067 -12.875088 2.531199 12.804062 -1.692532 5.345337
4.297209 -10.480331 -12.874813 2.531398 12.804051 -1.692412 5.345337
4.436778 -12.951024 -4.988500 4.366337 12.077892 0.643267 5.344683
4.297209 -10.480653 -12.875086 2.531139 12.804074 -1.692575 5.345338
4.297300 -10.478227 -12.874870 2.531395 12.804068 -1.692445 5.345338
4.297169 -10.484632 -12.874936 2.531207 12.804069 -1.692548 5.345337
4.297357 -10.480647 -12.875027 2.531040 12.804075 -1.692693 5.345338
4.297266 -10.476239 -12.874830 2.531410 12.804046 -1.692606 5.345338
4.297006 -10.482917 -12.874948 2.531225 12.804096 -1.692731 5.345337
4.297172 -10.476523 -12.874837 2.531461 12.804059 -1.692528 5.345338
4.297209 -10.488452 -12.874855 2.530936 12.804094 -1.692654 5.345335
4.297383 -10.476872 -12.874799 2.531045 12.804088 -1.692570 5.345337
4.297149 -10.479413 -12.874765 2.531520 12.804048 -1.692512 5.345338
4.297161 -10.485096 -12.874915 2.531132 12.804089 -1.692822 5.345337
4.297477 -10.480657 -12.875035 2.531146 12.804083 -1.692770 5.345338
4.297166 -10.476073 -12.874648 2.531540 12.804042 -1.692478 5.345338
4.297312 -10.476954 -12.874611 2.531513 12.804044 -1.692495 5.345338
4.297069 -10.480830 -12.874999 2.531356 12.804068 -1.692634 5.345339
4.437065 -12.951696 -4.988776 4.366327 12.077823 0.643205 5.344684
4.297204 -10.471830 -12.874406 2.531524 12.804036 -1.692348 5.345338
4.297227 -10.484805 -12.875019 2.531385 12.804089 -1.692645 5.345339
4.297324 -10.485940 -12.874860 2.530742 12.804106 -1.692945 5.345337
4.297295 -10.469713 -12.873834 2.531487 12.803999 -1.692167 5.345337
4.297371 -10.475795 -12.874703 2.531081 12.804066 -1.692592 5.345340
4.297057 -10.480602 -12.874941 2.531238 12.804093 -1.692589 5.345341
4.297333 -10.484066 -12.874940 2.530945 12.804106 -1.692635 5.345340
4.297187 -10.477099 -12.874631 2.531282 12.804059 -1.692309 5.345340
4.296945 -10.480327 -12.874831 2.531333 12.804064 -1.692484 5.345341
4.297137 -10.480361 -12.875078 2.531042 12.804097 -1.692463 5.345343
4.297217 -10.479014 -12.875028 2.531180 12.804093 -1.692441 5.345343
4.297351 -10.476230 -12.874769 2.531140 12.804086 -1.692355 5.345343
4.432663 -12.940370 -4.984027 4.366873 12.078219 0.642394 5.344688
4.297242 -10.483760 -12.875011 2.531272 12.804100 -1.692521 5.345343
4.297395 -10.480486 -12.874931 2.530914 12.804107 -1.692599 5.345343
4.297315 -10.474217 -12.874217 2.531672 12.804049 -1.692085 5.345343
4.436824 -12.950950 -4.988482 4.366359 12.077913 0.643220 5.344690
4.297425 -10.479687 -12.874886 2.530810 12.804120 -1.692378 5.345344
4.440354 -12.938994 -4.978240 4.362541 12.046970 0.619470 5.344689
4.437708 -12.953262 -4.989537 4.366189 12.077851 0.643515 5.344690
4.434771 -12.945572 -4.986205 4.366624 12.078020 0.642726 5.344692
4.297438 -10.473835 -12.874418 2.531455 12.804053 -1.692348 5.345344
4.430649 -12.935043 -4.981649 4.367217 12.078414 0.641926 5.344688
4.296965 -10.493883 -12.874587 2.530955 12.804137 -1.692725 5.345341
4.435704 -12.948122 -4.987351 4.366409 12.077861 0.643047 5.344690
4.297376 -10.470906 -12.873696 2.531785 12.804027 -1.691977 5.345342
4.296875 -10.492646 -12.874642 2.531206 12.804123 -1.692743 5.345342
4.435560 -12.947822 -4.987159 4.366434 12.077907 0.643077 5.344691
4.296998 -10.471000 -12.873899 2.531800 12.804030 -1.692095 5.345344
4.296870 -10.489302 -12.874762 2.531281 12.804112 -1.692680 5.345344
4.297444 -10.478402 -12.876847 2.655850 12.836042 -1.718361 5.345340
4.297065 -10.476139 -12.874478 2.531604 12.804045 -1.692170 5.345345
4.297086 -10.484090 -12.874897 2.531109 12.804121 -1.692626 5.345345
4.437283 -12.952188 -4.989152 4.366238 12.077846 0.643409 5.344690
4.297545 -10.470842 -12.874021 2.531268 12.804065 -1.692140 5.345343
4.297160 -10.479945 -12.874895 2.531544 12.804087 -1.692513 5.345346
4.438587 -12.955420 -4.990445 4.366091 12.077727 0.643576 5.344690
4.297413 -10.467851 -12.873856 2.531483 12.804035 -1.692196 5.345343
4.296835 -10.481119 -12.874492 2.531820 12.804055 -1.692253 5.345345
4.297181 -10.489069 -12.874624 2.530769 12.804128 -1.692902 5.345342
4.297612 -10.472520 -12.873726 2.531414 12.804033 -1.692119 5.345343
4.297136 -10.482304 -12.875015 2.531236 12.804107 -1.692694 5.345347
4.432897 -12.940678 -4.984111 4.366943 12.078174 0.642267 5.344692
4.297452 -10.485256 -12.874972 2.531347 12.804112 -1.692522 5.345348
4.297418 -10.478726 -12.874808 2.531236 12.804099 -1.692492 5.345348
4.297308 -10.479276 -12.874638 2.531477 12.804085 -1.692444 5.345348
4.297374 -10.479498 -12.874849 2.531116 12.804110 -1.692587 5.345349
4.297362 -10.477686 -12.874329 2.531587 12.804061 -1.692216 5.345349
4.297361 -10.480658 -12.875034 2.531311 12.804111 -1.692646 5.345351
4.297279 -10.476897 -12.874496 2.531428 12.804075 -1.692322 5.345350
4.434047 -12.943718 -4.985444 4.366707 12.078188 0.642762 5.344697
4.297256 -10.484484 -12.874964 2.531103 12.804115 -1.692462 5.345352
4.297161 -10.475219 -12.874289 2.531491 12.804072 -1.692264 5.345352
4.297099 -10.476695 -12.874349 2.531611 12.804078 -1.691981 5.345353
4.437267 -12.951954 -4.988979 4.366231 12.077911 0.643490 5.344700
4.297233 -10.474104 -12.874093 2.531279 12.804065 -1.691955 5.345353
4.297093 -10.478650 -12.874885 2.531379 12.804107 -1.692253 5.345356
4.434947 -12.946018 -4.986489 4.366507 12.078060 0.643063 5.344701
4.297185 -10.477096 -12.874574 2.531379 12.804097 -1.692207 5.345356
4.433523 -12.942321 -4.984831 4.366727 12.078214 0.642765 5.344703
4.297336 -10.483551 -12.874880 2.531196 12.804134 -1.692357 5.345356
4.432490 -12.939523 -4.983662 4.366906 12.078222 0.642411 5.344701
4.297241 -10.477159 -12.874397 2.531656 12.804099 -1.692117 5.345357
4.297327 -10.486719 -12.874770 2.530918 12.804150 -1.692452 5.345356
4.432663 -12.939965 -4.983840 4.366857 12.078199 0.642495 5.344703
4.297161 -10.479179 -12.874564 2.531627 12.804098 -1.692135 5.345359
4.436341 -12.949336 -4.987904 4.366339 12.077892 0.643292 5.344705
4.297436 -10.471971 -12.873963 2.531486 12.804071 -1.691854 5.345358
4.297115 -10.481355 -12.874862 2.531376 12.804119 -1.692497 5.345360
4.297473 -10.477677 -12.874795 2.531006 12.804130 -1.692291 5.345360
4.297436 -10.473057 -12.874124 2.531609 12.804077 -1.692005 5.345359
4.297088 -10.482919 -12.874885 2.531339 12.804149 -1.692393 5.345360
4.435563 -12.947380 -4.987041 4.366436 12.077967 0.643209 5.344707
4.297009 -10.490350 -12.874678 2.530871 12.804157 -1.692430 5.345358
4.297340 -10.480441 -12.874887 2.530951 12.804143 -1.692381 5.345361
4.297141 -10.473209 -12.873732 2.531928 12.804061 -1.691950 5.345359
4.296810 -10.489007 -12.874613 2.531358 12.804123 -1.692555 5.345359
4.297484 -10.476694 -12.874821 2.530884 12.804145 -1.692434 5.345362
4.297149 -10.473379 -12.873928 2.531834 12.804078 -1.691916 5.345360
4.297068 -10.492202 -12.874532 2.531054 12.804156 -1.692566 5.345358
4.297739 -10.475904 -12.874569 2.530914 12.804127 -1.692286 5.345361
4.297001 -10.475099 -12.874041 2.531905 12.804056 -1.691965 5.345360
4.297204 -10.490475 -12.874584 2.530988 12.804152 -1.692703 5.345359
4.297643 -10.476256 -12.874355 2.531078 12.804112 -1.692300 5.345361
4.297535 -10.472118 -12.873817 2.531748 12.804054 -1.692077 5.345360
4.296936 -10.491184 -12.874567 2.531471 12.804119 -1.692666 5.345360
4.297643 -10.478379 -12.874649 2.531069 12.804143 -1.692435 5.345362
4.297267 -10.470952 -12.873894 2.531852 12.804046 -1.692174 5.345361
4.296901 -10.495592 -12.874451 2.531419 12.804144 -1.692689 5.345359
4.297785 -10.475238 -12.874702 2.530746 12.804144 -1.692762 5.345362
4.297368 -10.467715 -12.872514 2.532539 12.803965 -1.691382 5.345357
4.296799 -10.492595 -12.874452 2.531426 12.804144 -1.692715 5.345360
4.297909 -10.477844 -12.874412 2.530887 12.804129 -1.692287 5.345362
4.297328 -10.475458 -12.874168 2.531926 12.804064 -1.692163 5.345363
4.297193 -10.482898 -12.874786 2.531507 12.804131 -1.692713 5.345364
4.297505 -10.479012 -12.874841 2.531115 12.804125 -1.692620 5.345364
4.297431 -10.471630 -12.874086 2.531681 12.804066 -1.692152 5.345363
4.297142 -10.484211 -12.874756 2.531719 12.804117 -1.692531 5.345364
4.297463 -10.479778 -12.874845 2.531029 12.804143 -1.692799 5.345364
4.296933 -10.472885 -12.874041 2.531798 12.804063 -1.692102 5.345363
4.296978 -10.483112 -12.874757 2.531452 12.804135 -1.692551 5.345364
4.297456 -10.475563 -12.874539 2.531187 12.804117 -1.692567 5.345364
4.434283 -12.943691 -4.985522 4.366784 12.078194 0.642674 5.344710
4.297161 -10.484201 -12.874732 2.531163 12.804145 -1.692549 5.345363
4.297568 -10.472810 -12.874228 2.531196 12.804095 -1.692284 5.345364
4.297091 -10.476872 -12.874414 2.531582 12.804098 -1.692267 5.345365
4.438132 -12.953629 -4.989643 4.366219 12.077862 0.643563 5.344710
4.297582 -10.472187 -12.873819 2.531405 12.804089 -1.692020 5.345363
4.435452 -12.946690 -4.986699 4.366648 12.078158 0.642963 5.344711
4.436459 -12.949225 -4.987841 4.366456 12.077983 0.643128 5.344711
4.297296 -10.472838 -12.874080 2.531537 12.804083 -1.692281 5.345364
4.435155 -12.945909 -4.986319 4.366634 12.078135 0.642918 5.344712
4.297243 -10.484989 -12.874738 2.530940 12.804165 -1.692626 5.345365
4.297358 -10.475458 -12.874255 2.531256 12.804093 -1.692248 5.345365
4.297031 -10.479715 -12.874650 2.531665 12.804109 -1.692480 5.345367
4.436694 -12.949804 -4.988041 4.366427 12.077887 0.643149 5.344712
4.297457 -10.470089 -12.873883 2.531396 12.804084 -1.692182 5.345365
4.296950 -10.482378 -12.874669 2.531729 12.804130 -1.692438 5.345366
4.297346 -10.483129 -12.874679 2.530806 12.804172 -1.692635 5.345365
4.297321 -10.469054 -12.873382 2.531825 12.804056 -1.691803 5.345363
4.296798 -10.488323 -12.874583 2.531323 12.804175 -1.692633 5.345364
4.435713 -12.947341 -4.986932 4.366491 12.077903 0.642992 5.344712
4.297255 -10.471742 -12.873828 2.531676 12.804051 -1.691982 5.345365
4.296870 -10.491740 -12.874522 2.531284 12.804179 -1.692639 5.345364
4.297583 -10.479571 -12.874710 2.530809 12.804161 -1.692599 5.345366
4.429658 -12.931692 -4.980321 4.367366 12.078478 0.641652 5.344709
4.296880 -10.490856 -12.874492 2.531320 12.804139 -1.692623 5.345364
4.297699 -10.479981 -12.874565 2.530480 12.804199 -1.692485 5.345365
4.297186 -10.470455 -12.873520 2.532054 12.804059 -1.691758 5.345364
4.296958 -10.492774 -12.874425 2.531272 12.804132 -1.692711 5.345363
4.297431 -10.481119 -12.874849 2.531142 12.804143 -1.692537 5.345367
4.297333 -10.475506 -12.874462 2.531233 12.804115 -1.692362 5.345366
4.297406 -10.479467 -12.874911 2.531281 12.804140 -1.692549 5.345368
4.297433 -10.478772 -12.874878 2.531183 12.804136 -1.692402 5.345367
4.297302 -10.479385 -12.874893 2.531357 12.804134 -1.692468 5.345367
4.297161 -10.478724 -12.874774 2.531308 12.804140 -1.692348 5.345367
4.297321 -10.475975 -12.874709 2.531245 12.804120 -1.692455 5.345367
4.297286 -10.478640 -12.874916 2.531300 12.804133 -1.692457 5.345367
4.297323 -10.486581 -12.874676 2.531083 12.804172 -1.692499 5.345364
4.297510 -10.470199 -12.873995 2.531387 12.804071 -1.692212 5.345364
4.297120 -10.476213 -12.874168 2.531821 12.804073 -1.692135 5.345365
4.438608 -12.954819 -4.990216 4.366111 12.077798 0.643704 5.344710
4.297592 -10.472676 -12.874420 2.530973 12.804114 -1.692281 5.345365
4.297169 -10.474133 -12.874155 2.531893 12.804066 -1.692230 5.345365
4.297301 -10.484252 -12.874705 2.531038 12.804150 -1.692675 5.345364
4.297463 -10.476637 -12.874458 2.530920 12.804128 -1.692376 5.345365
4.297264 -10.477050 -12.874566 2.531582 12.804109 -1.692384 5.345366
4.297244 -10.480636 -12.874858 2.531158 12.804161 -1.692698 5.345366
4.297331 -10.477309 -12.874674 2.530993 12.804125 -1.692459 5.345366
4.435995 -12.948101 -4.987337 4.366500 12.078044 0.643126 5.344712
4.297245 -10.475812 -12.874675 2.531183 12.804135 -1.692418 5.345367
4.297366 -10.477505 -12.874722 2.531341 12.804112 -1.692462 5.345367
4.297123 -10.484033 -12.874764 2.531183 12.804145 -1.692491 5.345365
4.297472 -10.474422 -12.874546 2.531126 12.804125 -1.692361 5.345366
4.297322 -10.476965 -12.874439 2.531461 12.804103 -1.692351 5.345366
4.296966 -10.487671 -12.874640 2.531369 12.804144 -1.692621 5.345365
4.297353 -10.480334 -12.874808 2.530901 12.804171 -1.692567 5.345366
4.297374 -10.469721 -12.873617 2.532055 12.804042 -1.691864 5.345364
4.297075 -10.482359 -12.874741 2.531561 12.804127 -1.692586 5.345366
4.434827 -12.945032 -4.986088 4.366608 12.078037 0.642840 5.344713
4.297312 -10.476208 -12.874360 2.531401 12.804097 -1.692280 5.345367
4.297160 -10.485552 -12.874707 2.531135 12.804158 -1.692624 5.345366
4.297479 -10.476168 -12.874530 2.531047 12.804151 -1.692360 5.345367
4.297279 -10.477304 -12.874545 2.531501 12.804120 -1.692354 5.345367
4.297277 -10.485876 -12.874651 2.531023 12.804166 -1.692688 5.345365
4.297484 -10.471224 -12.874021 2.531271 12.804114 -1.692143 5.345366
4.297220 -10.481505 -12.874814 2.531473 12.804136 -1.692371 5.345367
4.297225 -10.485514 -12.874703 2.530978 12.804159 -1.692539 5.345366
4.297431 -10.473856 -12.874130 2.531387 12.804094 -1.692271 5.345366
4.297272 -10.483930 -12.874846 2.531235 12.804143 -1.692514 5.345368
4.297362 -10.485815 -12.874651 2.530850 12.804165 -1.692622 5.345366
4.297542 -10.474678 -12.874200 2.531147 12.804088 -1.692183 5.345367
4.297027 -10.482171 -12.874773 2.531451 12.804126 -1.692405 5.345368
4.438599 -12.954809 -4.990237 4.366082 12.077800 0.643757 5.344713
4.297643 -10.475941 -12.874312 2.531239 12.804102 -1.692317 5.345367
4.296911 -10.476594 -12.874329 2.531825 12.804094 -1.692203 5.345368
4.297220 -10.489323 -12.874589 2.531192 12.804157 -1.692596 5.345366
4.297462 -10.476599 -12.874533 2.531098 12.804152 -1.692248 5.345368
4.434047 -12.943087 -4.985179 4.366763 12.078235 0.642752 5.344714
4.297350 -10.486964 -12.874627 2.531027 12.804149 -1.692636 5.345366
4.297481 -10.475809 -12.874660 2.531246 12.804129 -1.692380 5.345368
4.297610 -10.475913 -12.874489 2.531147 12.804130 -1.692409 5.345368
4.296969 -10.475511 -12.874307 2.531872 12.804085 -1.692310 5.345368
4.438045 -12.953272 -4.989630 4.366217 12.077877 0.643534 5.344713
4.297338 -10.478291 -12.874849 2.531046 12.804159 -1.692634 5.345369
4.297078 -10.474344 -12.874137 2.531818 12.804087 -1.692354 5.345367
4.436676 -12.949692 -4.987999 4.366473 12.077947 0.643131 5.344714
4.297406 -10.480859 -12.874859 2.531133 12.804159 -1.692542 5.345368
4.297097 -10.474910 -12.874427 2.531523 12.804083 -1.692522 5.345367
4.297152 -10.475713 -12.874375 2.531592 12.804084 -1.692314 5.345367
4.297132 -10.487088 -12.874630 2.531101 12.804191 -1.692649 5.345366
4.297252 -10.479155 -12.874901 2.531339 12.804145 -1.692636 5.345368
4.297256 -10.479088 -12.874903 2.531337 12.804145 -1.692637 5.345368
4.297261 -10.479021 -12.874905 2.531334 12.804145 -1.692637 5.345368
4.297266 -10.478951 -12.874908 2.531329 12.804145 -1.692635 5.345368
4.297272 -10.478879 -12.874910 2.531323 12.804145 -1.692632 5.345368
4.297279 -10.478807 -12.874912 2.531315 12.804145 -1.692628 5.345368
4.297286 -10.478733 -12.874911 2.531306 12.804144 -1.692622 5.345368
4.297294 -10.478658 -12.874906 2.531296 12.804144 -1.692614 5.345368
4.297302 -10.478584 -12.874895 2.531286 12.804143 -1.692604 5.345368
4.297311 -10.478509 -12.874881 2.531274 12.804142 -1.692591 5.345367
4.297321 -10.478434 -12.874863 2.531261 12.804141 -1.692576 5.345367
4.297331 -10.478358 -12.874842 2.531248 12.804140 -1.692560 5.345367
4.297342 -10.478281 -12.874820 2.531232 12.804138 -1.692542 5.345367
4.297354 -10.478202 -12.874795 2.531216 12.804137 -1.692522 5.345367
4.297367 -10.478123 -12.874769 2.531198 12.804135 -1.692500 5.345367
4.297381 -10.478042 -12.874741 2.531179 12.804133 -1.692477 5.345367
4.297395 -10.469545 -12.901976 2.493709 12.818690 -1.719148 5.343969
4.297410 -10.477877 -12.874680 2.531136 12.804130 -1.692425 5.345367
4.297426 -10.477793 -12.874647 2.531113 12.804127 -1.692397 5.345368
4.297443 -10.477707 -12.874613 2.531089 12.804125 -1.692366 5.345368
4.297461 -10.477621 -12.874577 2.531062 12.804123 -1.692335 5.345368
4.297479 -10.477533 -12.874540 2.531035 12.804120 -1.692301 5.345368
4.297498 -10.477444 -12.874501 2.531006 12.804118 -1.692266 5.345369
4.297519 -10.477353 -12.874460 2.530975 12.804115 -1.692229 5.345369
4.297540 -10.477262 -12.874418 2.530943 12.804112 -1.692190 5.345369
4.297324 -10.479249 -12.874909 2.531235 12.804146 -1.692526 5.345372
