14.383482 -6.463175 -9.945144 1.651874 10.689154 -0.331331 3.942804
14.383502 -6.463472 -9.945151 1.651840 10.689159 -0.331339 3.942804
14.383521 -6.463757 -9.945157 1.651808 10.689164 -0.331346 3.942804
14.383539 -6.464032 -9.945163 1.651777 10.689168 -0.331353 3.942804
14.383557 -6.464294 -9.945169 1.651748 10.689172 -0.331359 3.942803
14.383573 -6.464546 -9.945174 1.651721 10.689176 -0.331366 3.942803
14.383588 -6.464786 -9.945179 1.651695 10.689180 -0.331372 3.942803
14.383601 -6.465014 -9.945183 1.651671 10.689183 -0.331378 3.942803
5.933149 -10.231228 -3.410957 4.253807 9.781691 -2.211804 3.942530
14.383625 -6.465438 -9.945190 1.651627 10.689189 -0.331390 3.942803
14.383634 -6.465632 -9.945193 1.651608 10.689192 -0.331395 3.942802
14.383643 -6.465815 -9.945196 1.651590 10.689194 -0.331400 3.942802
14.383651 -6.465986 -9.945198 1.651574 10.689196 -0.331405 3.942802
14.383657 -6.466145 -9.945200 1.651559 10.689198 -0.331409 3.942802
14.383663 -6.466293 -9.945202 1.651546 10.689199 -0.331414 3.942802
14.383668 -6.466429 -9.945203 1.651534 10.689200 -0.331418 3.942802
14.383673 -6.466553 -9.945205 1.651523 10.689201 -0.331421 3.942802
14.383677 -6.466665 -9.945206 1.651513 10.689202 -0.331425 3.942802
14.383681 -6.466765 -9.945208 1.651505 10.689203 -0.331428 3.942802
5.933997 -10.233601 -3.412137 4.253706 9.781673 -2.211644 3.942529
14.383689 -6.466929 -9.945211 1.651490 10.689204 -0.331433 3.942802
14.383693 -6.466992 -9.945213 1.651484 10.689205 -0.331436 3.942802
14.383697 -6.467044 -9.945216 1.651478 10.689205 -0.331437 3.942802
14.383702 -6.467083 -9.945218 1.651474 10.689206 -0.331439 3.942802
14.383706 -6.467109 -9.945221 1.651470 10.689206 -0.331440 3.942802
14.383073 -6.472305 -9.945197 1.651703 10.689139 -0.331457 3.942805
14.383373 -6.460949 -9.944882 1.651799 10.689113 -0.331521 3.942805
14.383245 -6.464115 -9.944807 1.651863 10.689110 -0.331317 3.942805
14.382532 -6.473342 -9.945172 1.651739 10.689085 -0.331550 3.942808
14.383763 -6.465411 -9.945117 1.651930 10.689161 -0.331427 3.942804
5.930729 -10.224291 -3.407538 4.254007 9.781670 -2.212274 3.942530
14.383361 -6.467826 -9.945184 1.651317 10.689165 -0.331480 3.942804
14.383397 -6.469855 -9.945230 1.652101 10.689131 -0.331550 3.942806
14.383405 -6.463783 -9.944995 1.651484 10.689168 -0.331400 3.942804
14.383606 -6.465104 -9.945254 1.651495 10.689197 -0.331345 3.942803
5.935667 -10.238465 -3.414579 4.253497 9.781665 -2.211244 3.942529
14.383618 -6.464539 -9.945154 1.651447 10.689186 -0.331254 3.942803
14.383826 -6.466518 -9.945182 1.651343 10.689185 -0.331394 3.942802
14.383293 -6.471347 -9.945226 1.652186 10.689079 -0.331568 3.942807
5.933831 -10.233097 -3.411868 4.253755 9.781692 -2.211732 3.942529
14.383074 -6.459740 -9.944547 1.652271 10.689035 -0.331384 3.942807
14.383392 -6.471512 -9.945229 1.651494 10.689144 -0.331455 3.942805
14.383706 -6.469917 -9.945226 1.652002 10.689132 -0.331358 3.942805
14.383321 -6.460718 -9.944801 1.652001 10.689078 -0.331261 3.942806
14.383012 -6.466528 -9.944952 1.651458 10.689139 -0.331415 3.942805
5.938562 -10.246856 -3.418770 4.253228 9.781715 -2.210604 3.942530
14.382862 -6.459058 -9.944648 1.652253 10.689049 -0.331317 3.942807
14.383489 -6.466414 -9.945126 1.651305 10.689163 -0.331392 3.942804
5.936445 -10.240642 -3.415680 4.253472 9.781728 -2.211130 3.942530
14.383604 -6.463265 -9.945081 1.651900 10.689150 -0.331403 3.942804
14.383303 -6.463447 -9.944956 1.651566 10.689142 -0.331371 3.942805
14.383816 -6.463910 -9.945132 1.651540 10.689180 -0.331409 3.942803
14.383736 -6.466187 -9.945199 1.651861 10.689176 -0.331357 3.942803
5.934009 -10.233727 -3.412292 4.253695 9.781719 -2.211567 3.942530
14.383526 -6.464180 -9.945046 1.651821 10.689158 -0.331367 3.942803
14.383646 -6.466780 -9.945269 1.651764 10.689193 -0.331539 3.942803
5.932950 -10.230640 -3.410682 4.253795 9.781676 -2.211846 3.942529
14.383533 -6.470570 -9.945245 1.651725 10.689164 -0.331540 3.942804
5.936525 -10.240819 -3.415733 4.253477 9.781674 -2.211175 3.942529
14.382621 -6.453765 -9.944102 1.652733 10.688927 -0.331283 3.942811
14.382860 -6.463895 -9.944749 1.651833 10.689121 -0.331265 3.942806
14.381968 -6.483441 -9.945121 1.652346 10.688975 -0.331588 3.942812
5.930815 -10.224399 -3.407580 4.254117 9.781760 -2.212378 3.942529
14.382102 -6.456402 -9.943872 1.652382 10.688899 -0.331196 3.942813
14.382517 -6.476475 -9.945190 1.651979 10.689028 -0.331601 3.942810
5.933590 -10.232307 -3.411515 4.253852 9.781795 -2.211808 3.942530
14.382983 -6.459888 -9.944563 1.651942 10.689049 -0.331292 3.942808
14.383471 -6.469157 -9.945248 1.651693 10.689188 -0.331455 3.942804
14.383556 -6.469346 -9.945146 1.652336 10.689118 -0.331377 3.942805
14.383490 -6.465769 -9.945050 1.651288 10.689169 -0.331476 3.942804
14.383591 -6.462861 -9.944908 1.651893 10.689126 -0.331418 3.942805
14.383766 -6.466339 -9.945149 1.652142 10.689125 -0.331479 3.942805
5.933655 -10.232697 -3.411684 4.253722 9.781651 -2.211675 3.942530
14.383669 -6.470551 -9.945234 1.651780 10.689143 -0.331486 3.942805
14.382934 -6.459561 -9.944610 1.652455 10.689037 -0.331251 3.942808
14.383654 -6.468604 -9.945256 1.651557 10.689175 -0.331416 3.942804
14.383562 -6.466510 -9.945274 1.651505 10.689177 -0.331484 3.942804
14.383119 -6.464596 -9.944693 1.652649 10.689062 -0.331218 3.942807
14.382966 -6.470166 -9.945195 1.651542 10.689135 -0.331537 3.942807
14.383176 -6.455723 -9.958801 1.631694 10.697282 -0.347930 3.941802
14.383510 -6.467190 -9.945256 1.651493 10.689186 -0.331380 3.942804
14.383071 -6.466961 -9.945109 1.651338 10.689157 -0.331430 3.942805
14.383478 -6.463947 -9.944839 1.652464 10.689099 -0.331362 3.942806
14.383133 -6.470545 -9.945206 1.651508 10.689140 -0.331417 3.942806
14.383534 -6.462543 -9.944852 1.652035 10.689087 -0.331412 3.942806
14.383839 -6.468744 -9.945229 1.651425 10.689208 -0.331369 3.942803
14.383546 -6.464383 -9.945158 1.651568 10.689204 -0.331399 3.942804
14.383538 -6.464738 -9.944915 1.651715 10.689138 -0.331426 3.942805
14.383407 -6.470826 -9.945233 1.651668 10.689144 -0.331445 3.942806
14.383613 -6.463865 -9.945077 1.651650 10.689167 -0.331350 3.942804
14.382890 -6.460062 -9.944474 1.651971 10.689052 -0.331319 3.942809
14.383097 -6.470789 -9.945152 1.651332 10.689139 -0.331442 3.942807
14.383355 -6.464068 -9.959379 1.631092 10.697381 -0.348247 3.941799
14.382883 -6.461334 -9.944643 1.652147 10.689065 -0.331341 3.942807
5.935072 -10.236665 -3.413695 4.253518 9.781564 -2.211388 3.942530
14.383715 -6.465751 -9.945262 1.651671 10.689188 -0.331429 3.942803
14.383488 -6.462754 -9.944922 1.651622 10.689134 -0.331394 3.942805
14.383526 -6.469223 -9.945172 1.651237 10.689166 -0.331556 3.942805
14.383808 -6.464850 -9.945078 1.651952 10.689158 -0.331394 3.942805
14.383603 -6.467022 -9.945120 1.651392 10.689193 -0.331443 3.942804
14.383928 -6.466545 -9.945190 1.651308 10.689203 -0.331408 3.942803
5.934031 -10.233563 -3.412118 4.253720 9.781676 -2.211678 3.942531
14.383627 -6.466984 -9.945210 1.651472 10.689199 -0.331425 3.942804
14.383803 -6.466461 -9.945258 1.651541 10.689211 -0.331546 3.942803
5.933461 -10.231854 -3.411297 4.253762 9.781642 -2.211835 3.942531
14.383852 -6.468313 -9.945242 1.651536 10.689178 -0.331605 3.942805
5.931933 -10.227669 -3.409232 4.253902 9.781685 -2.212039 3.942531
14.383814 -6.467156 -9.945257 1.651623 10.689186 -0.331463 3.942805
14.383479 -6.465255 -9.945145 1.651334 10.689187 -0.331368 3.942805
14.383304 -6.462270 -9.944922 1.651826 10.689141 -0.331193 3.942806
14.383301 -6.470666 -9.945218 1.651619 10.689158 -0.331428 3.942806
5.935350 -10.237502 -3.414127 4.253539 9.781683 -2.211313 3.942531
14.383164 -6.459022 -9.944578 1.652296 10.689060 -0.331280 3.942808
14.383559 -6.465349 -9.945088 1.651404 10.689174 -0.331381 3.942805
5.935601 -10.238160 -3.414442 4.253561 9.781741 -2.211276 3.942531
14.383614 -6.464281 -9.944969 1.651979 10.689136 -0.331282 3.942805
5.933951 -10.233613 -3.412223 4.253627 9.781646 -2.211507 3.942531
14.383746 -6.466498 -9.945189 1.651731 10.689196 -0.331453 3.942804
14.383788 -6.467171 -9.945263 1.651645 10.689170 -0.331412 3.942805
14.383369 -6.464925 -9.945011 1.651401 10.689162 -0.331496 3.942805
14.383635 -6.464606 -9.945152 1.651856 10.689176 -0.331276 3.942804
14.383315 -6.468972 -9.945249 1.651838 10.689145 -0.331442 3.942806
14.383403 -6.464888 -9.944967 1.651718 10.689153 -0.331322 3.942805
14.383723 -6.465054 -9.945234 1.651748 10.689189 -0.331353 3.942804
5.932014 -10.227851 -3.409311 4.253909 9.781697 -2.212047 3.942531
14.382975 -6.473495 -9.945179 1.651706 10.689118 -0.331667 3.942808
14.383222 -6.461778 -9.944946 1.651714 10.689142 -0.331378 3.942806
14.383194 -6.463206 -9.944757 1.652098 10.689114 -0.331405 3.942806
14.382987 -6.471601 -9.945166 1.651406 10.689130 -0.331464 3.942807
14.383526 -6.462596 -9.944932 1.651952 10.689130 -0.331276 3.942805
14.383832 -6.467050 -9.945259 1.651518 10.689220 -0.331407 3.942803
14.383625 -6.464345 -9.945121 1.651722 10.689178 -0.331344 3.942804
14.383726 -6.466903 -9.945175 1.651934 10.689172 -0.331430 3.942804
14.383063 -6.471099 -9.945167 1.651501 10.689155 -0.331466 3.942806
14.382727 -6.458575 -9.944408 1.652346 10.689034 -0.331334 3.942809
14.382930 -6.469132 -9.945111 1.651400 10.689147 -0.331475 3.942806
14.383602 -6.466066 -9.945263 1.651548 10.689197 -0.331399 3.942803
14.383820 -6.467462 -9.945037 1.651540 10.689161 -0.331477 3.942804
14.383515 -6.466710 -9.945240 1.651543 10.689201 -0.331385 3.942804
14.383236 -6.464844 -9.945006 1.651680 10.689151 -0.331383 3.942805
14.383472 -6.464954 -9.945084 1.651527 10.689175 -0.331476 3.942804
14.383060 -6.470975 -9.945214 1.651916 10.689140 -0.331483 3.942806
14.383610 -6.465503 -9.945147 1.651913 10.689154 -0.331446 3.942803
14.383224 -6.463304 -9.944844 1.651807 10.689099 -0.331288 3.942806
14.383728 -6.467235 -9.945226 1.651336 10.689177 -0.331528 3.942803
14.383752 -6.467374 -9.945087 1.652089 10.689146 -0.331391 3.942805
14.383737 -6.470165 -9.945203 1.651385 10.689183 -0.331436 3.942804
14.383770 -6.466063 -9.945047 1.651638 10.689169 -0.331385 3.942804
14.382833 -6.469919 -9.945065 1.651297 10.689161 -0.331403 3.942807
14.380654 -6.475568 -9.944578 1.650098 10.688958 -0.331809 3.942818
14.381015 -6.463503 -9.944530 1.650634 10.689007 -0.331524 3.942814
14.382587 -6.462222 -9.944800 1.651342 10.689122 -0.331338 3.942807
14.382476 -6.473707 -9.947081 1.743386 10.558299 -0.330358 3.773365
14.383657 -6.467901 -9.945094 1.652378 10.689128 -0.331574 3.942806
14.383529 -6.462844 -9.944873 1.652413 10.689095 -0.331365 3.942805
14.383189 -6.472333 -9.945213 1.651892 10.689101 -0.331727 3.942807
5.933150 -10.230820 -3.410805 4.254019 9.781936 -2.212034 3.942529
14.382077 -6.464182 -9.944065 1.656364 10.688691 -0.331522 3.942818
14.382307 -6.474629 -9.944548 1.655852 10.688726 -0.332518 3.942820
14.382285 -6.466946 -9.944152 1.657100 10.688577 -0.332076 3.942823
14.382433 -6.460572 -9.944227 1.655805 10.688697 -0.331815 3.942817
5.933816 -10.231805 -3.411008 4.254447 9.782132 -2.212538 3.942529
14.382302 -6.467402 -9.944460 1.656222 10.688617 -0.332056 3.942819
14.382715 -6.456110 -9.943816 1.656131 10.688511 -0.331920 3.942819
5.929593 -10.220274 -3.405310 4.254789 9.782234 -2.213005 3.942529
14.382487 -6.456437 -9.942946 1.656526 10.688377 -0.330639 3.942825
14.377727 -6.443902 -9.939241 1.656551 10.687784 -0.330454 3.942849
14.378053 -6.447204 -9.939761 1.656068 10.687912 -0.330160 3.942848
5.929758 -10.207780 -3.397412 4.257208 9.777917 -2.222732 3.942536
14.357322 -6.443547 -9.919703 1.650887 10.685037 -0.379188 3.942923
14.335549 -6.393245 -9.900148 1.647806 10.681675 -0.402348 3.943051
5.866192 -9.933323 -3.249883 4.282840 9.751177 -2.306581 3.942578
14.290745 -6.129566 -9.854909 1.668381 10.673930 -0.486199 3.943290
14.266687 -5.960279 -9.830943 1.688586 10.669763 -0.549179 3.943387
5.767087 -9.575461 -3.062970 4.311118 9.745403 -2.377267 3.942696
14.273111 -5.912851 -9.838233 1.696218 10.670750 -0.536910 3.943440
14.253166 -5.810162 -9.817685 1.695559 10.667945 -0.618076 3.943469
14.242305 -5.757160 -9.805044 1.678702 10.667084 -0.703767 3.943432
5.679286 -9.043473 -2.759653 4.380665 9.678013 -2.609970 3.942755
5.755220 -9.214644 -2.838146 4.379515 9.661929 -2.630488 3.942793
14.198199 -6.067404 -9.790760 1.594041 10.670057 -0.822697 3.943521
6.025868 -10.122570 -3.303371 4.302229 9.667072 -2.480261 3.942961
14.167306 -6.982149 -9.794520 1.521949 10.669888 -0.568265 3.944312
14.159124 -7.564378 -9.803292 1.492381 10.670267 -0.327753 3.944742
14.228223 -8.088397 -9.908259 1.590234 10.678484 -0.037879 3.944307
6.676758 -13.006055 -4.877553 3.959107 9.878318 -1.563580 3.943368
14.162683 -9.022969 -9.948731 1.585195 10.667350 0.478807 3.944563
14.120334 -9.351737 -10.052792 1.479349 10.686223 0.654537 3.944588
6.863183 -14.285980 -5.633225 3.736015 10.000793 -0.956093 3.943395
14.025576 -9.843336 -10.199632 1.732756 10.643384 1.109942 3.944548
13.961385 -10.011606 -10.322296 1.828188 10.632800 1.233213 3.944643
6.957503 -14.918851 -6.032060 3.669915 10.107985 -0.632530 3.943204
13.806050 -10.243555 -10.572759 2.052895 10.606607 1.348184 3.945093
13.719811 -10.328053 -10.701184 2.201223 10.591500 1.392550 3.945325
13.626142 -10.402986 -10.834459 2.381977 10.574767 1.418666 3.945569
13.528970 -10.469822 -10.970213 2.599399 10.556996 1.460138 3.945743
13.429601 -10.530010 -11.104538 2.846164 10.538847 1.516476 3.945820
13.331819 -10.584332 -11.246075 3.122303 10.520013 1.620534 3.945774
7.038935 -15.579249 -6.415930 3.894226 10.573372 -0.368306 3.940817
13.041852 -10.740386 -11.658109 4.264547 10.467646 2.230116 3.945665
12.956570 -10.781470 -11.790736 4.559866 10.454139 2.372707 3.945071
12.870795 -10.824071 -11.931014 4.891495 10.445446 2.575524 3.944331
12.778434 -10.867705 -12.084139 5.268924 10.441836 2.806140 3.943471
12.684803 -10.909871 -12.248314 5.681911 10.451607 3.075134 3.942439
6.799788 -16.044366 -6.605479 4.384909 11.810516 0.337340 3.934178
12.496091 -10.992362 -12.588498 6.603691 10.542315 3.641688 3.939724
12.405690 -11.026363 -12.759762 7.101740 10.628229 3.977654 3.937917
12.323878 -11.056920 -12.921213 7.602329 10.701961 4.348021 3.935746
12.248128 -11.080620 -13.068870 8.109102 10.733337 4.768831 3.933184
12.180407 -11.087220 -13.193559 8.609727 10.693524 5.198763 3.930282
12.118020 -11.073928 -13.289255 9.104679 10.585162 5.581260 3.927143
12.058591 -11.029787 -13.351903 9.613165 10.456559 5.916643 3.923840
12.001435 -10.931198 -13.377035 10.127060 10.383723 6.204778 3.920450
11.946901 -10.774813 -13.368127 10.654886 10.297480 6.448186 3.917011
11.897201 -10.514042 -13.325485 11.206744 10.111587 6.641221 3.913563
11.853220 -10.152926 -13.250424 11.770448 9.901830 6.780180 3.910139
11.809678 -9.695648 -13.144657 12.348042 9.718410 6.883846 3.906694
11.769989 -9.181772 -13.016141 12.937233 9.584874 6.942255 3.903225
11.763763 -8.552104 -12.826400 13.999337 9.374873 6.947233 3.899690
11.730181 -7.922012 -12.661605 14.488445 9.317545 6.924345 3.896148
11.705571 -7.316600 -12.504700 14.985897 9.308842 6.882259 3.892529
11.701485 -6.901081 -12.373711 15.478264 9.313263 6.784616 3.888840
11.711572 -6.653425 -12.261358 15.939005 9.288380 6.661521 3.885048
11.731279 -6.530442 -12.155099 16.369125 9.166850 6.546867 3.881094
5.433470 -9.357214 -1.960936 8.626514 15.838751 -0.437438 3.878147
11.756683 -6.358927 -11.785668 17.424844 8.654423 6.147401 3.873505
11.771610 -6.327282 -11.644572 17.663187 8.371651 5.953677 3.869852
5.764056 -8.878650 -1.392677 9.050348 15.643643 -1.131120 3.870230
11.816452 -6.347743 -11.330268 18.126652 7.871629 5.678142 3.863244
11.858513 -6.410430 -11.179365 18.352439 7.664090 5.582407 3.860426
6.120186 -8.915982 -1.068034 9.432349 15.679508 -1.474249 3.865084
12.026086 -6.548443 -10.878997 18.754666 7.373828 5.408497 3.856282
12.053843 -6.551112 -10.747468 18.914774 7.344073 5.274782 3.854638
6.453376 -8.767657 -0.699915 10.032955 15.919088 -1.683984 3.861647
11.868806 -6.505684 -10.517967 19.116274 7.437520 4.774849 3.851210
11.531058 -6.419575 -10.312976 19.176397 7.247848 4.408914 3.849750
11.398846 -6.356348 -10.203283 19.086560 7.329129 4.019347 3.848469
6.915479 -7.985770 -0.052869 10.670992 15.945227 -2.237364 3.860005
7.030370 -7.807407 0.096795 10.774724 15.839764 -2.423518 3.859130
11.341208 -6.130758 -10.006147 20.318321 7.953224 2.420078 3.840081
12.036110 -6.041152 -10.133144 23.923994 9.353552 1.169965 3.827686
10.392833 -6.060167 -9.799283 18.339850 6.902041 1.802029 3.844227
10.272046 -6.022002 -9.768073 18.061178 6.732864 1.454158 3.843763
10.139983 -5.986995 -9.758755 17.794349 6.559613 1.138442 3.843455
10.000319 -5.956483 -9.777832 17.546274 6.412034 0.859055 3.843259
7.704171 -6.742186 0.822153 10.682401 14.728926 -3.333937 3.861044
9.688190 -5.913704 -9.915404 17.158602 6.237772 0.530336 3.843054
9.514966 -5.895402 -10.027786 17.013676 6.195668 0.459663 3.842934
9.333443 -5.884672 -10.149178 16.913627 6.171395 0.423740 3.842751
7.569053 -6.260694 0.982930 10.757003 14.803152 -2.809048 3.863750
8.653266 -5.866055 -10.222238 16.357460 6.053236 0.227235 3.842301
8.506199 -5.872514 -10.356466 16.250186 6.065052 0.301630 3.841996
7.959122 -5.875137 -10.442222 16.151165 5.962550 0.417963 3.841841
7.868434 -5.890699 -10.587189 16.141878 5.923626 0.568672 3.841337
7.785285 -5.922399 -10.716587 16.192115 5.814317 0.751129 3.840736
7.630793 -5.927006 -10.837152 16.316499 5.617831 1.004969 3.839667
7.537782 -5.976345 -10.942311 16.532395 5.307902 1.298010 3.838758
7.422434 -6.014303 -11.033626 16.865839 4.882643 1.616932 3.837699
7.317211 -6.024506 -11.120773 17.347690 4.348854 1.951253 3.836632
7.217828 -5.995489 -11.207692 17.991695 3.712993 2.278944 3.835581
7.129843 -5.950599 -11.303748 18.836637 3.011050 2.618078 3.834554
7.066327 -5.897019 -11.418386 19.905917 2.267626 3.006359 3.833541
7.011881 -5.855470 -11.555575 21.203808 1.481452 3.452559 3.832480
7.803535 -4.821413 0.587071 14.338055 20.390505 -1.743459 3.868257
6.958626 -5.835374 -11.940850 24.543239 -0.251666 4.544629 3.830070
6.950031 -5.859583 -12.191255 26.567114 -1.236041 5.205379 3.828657
6.964389 -5.889370 -12.481690 28.827181 -2.328436 5.936560 3.827115
9.322754 -4.195337 -0.020861 19.535331 27.852883 -2.532232 3.880702
7.024544 -5.911870 -13.190844 33.988130 -4.936348 7.595900 3.823477
6.990413 -5.952827 -13.490787 36.334330 -6.435094 8.529874 3.824854
6.971094 -5.971783 -13.876469 38.901823 -7.921459 9.413481 3.824705
6.983506 -6.021707 -14.266342 41.471749 -9.498750 10.306619 3.824864
11.539115 -3.391586 -1.214458 27.280742 39.039762 -3.778823 3.901802
6.838203 -6.168455 -15.030194 46.577330 -12.717979 12.082244 3.825028
12.375477 -3.128579 -1.777433 30.332673 43.312110 -4.291254 3.914211
6.597660 -6.339976 -15.544854 50.988247 -14.816143 13.445329 3.831690
6.407739 -6.434625 -15.682314 52.651324 -15.277292 13.878987 3.834501
5.816437 -5.250946 -15.511211 53.548945 -15.622257 13.855207 3.837409
5.855608 -6.648943 -15.459470 54.236398 -14.847625 14.247259 3.843053
5.305289 -6.771460 -14.994120 53.921682 -13.872196 14.030967 3.848323
5.017487 -6.854257 -14.758246 55.212204 -10.880680 12.750893 3.848651
4.438484 -6.809098 -14.023328 54.249830 -7.997745 11.556611 3.853860
3.385254 -6.661423 -12.771647 49.498738 -5.868389 10.695989 3.869937
5.806775 -3.866134 -1.826002 19.404405 28.335530 1.376141 4.010490
0.949988 -6.407415 -10.984177 37.323676 -1.401021 8.379853 3.918123
-0.257001 -6.297767 -10.518947 31.303475 0.570568 7.161471 3.946129
1.252493 -4.373030 -0.888073 9.550297 14.580222 4.885364 4.053647
-2.971793 -6.262778 -9.827356 15.741434 5.517430 3.915821 4.020508
-3.785032 -6.260238 -9.756256 12.268602 6.428814 3.209829 4.044263
-4.498959 -6.261936 -9.706194 9.591819 7.095042 2.674838 4.065876
-5.129309 -6.284852 -9.664973 7.533549 7.600559 2.268339 4.085897
-5.694641 -6.319315 -9.626749 6.004556 8.011984 1.965189 4.104584
-1.475748 -4.590938 -0.569401 4.961048 8.542194 6.876834 4.139289
-1.687773 -4.609418 -0.583081 4.736204 8.335104 7.060605 4.154494
-6.784245 -6.423792 -9.530982 2.744514 9.058595 1.385651 4.158106
-7.140480 -6.460318 -9.520947 2.247993 9.218353 1.327293 4.174293
-7.495816 -6.492906 -9.504073 1.790291 9.328146 1.301785 4.190462
-7.843255 -6.527970 -9.482293 1.357803 9.397813 1.296027 4.206728
-8.200549 -6.565074 -9.457310 0.931220 9.440780 1.297522 4.223167
-8.561357 -6.600885 -9.433659 0.497894 9.460324 1.306895 4.239866
-8.487453 -6.650343 -9.467951 0.086068 9.498520 1.287406 4.257403
-8.761414 -6.695501 -9.454549 -0.341803 9.488925 1.315852 4.274467
-9.422206 -6.726296 -9.298897 -1.079171 9.586340 1.333900 4.291703
-3.566312 -5.182925 -0.722810 2.855514 6.888496 8.396867 4.314827
-9.234931 -6.899287 -9.364358 -1.721282 9.617393 1.394861 4.328218
-9.314896 -7.021330 -9.363512 -2.044207 9.648966 1.487612 4.346237
-9.389703 -7.158096 -9.369215 -2.347815 9.730631 1.621541 4.364303
-9.454652 -7.290801 -9.377479 -2.635936 9.883687 1.769409 4.382353
-4.054766 -5.973269 -0.886369 2.188395 6.791779 8.896326 4.401133
-9.558872 -7.445913 -9.357730 -3.187355 10.359564 2.008111 4.418220
-9.882679 -7.341059 -9.154153 -3.777441 10.615252 1.828663 4.435963
-9.815572 -7.263781 -9.142110 -3.954740 10.877044 1.848705 4.454075
-4.287154 -6.081907 -1.080561 1.943460 6.995539 9.124612 4.469320
-9.662548 -7.139279 -9.068193 -4.344808 11.200185 1.667617 4.489456
-4.204724 -6.129740 -1.114921 1.814638 6.934995 8.907173 4.503107
-9.436359 -7.062294 -8.954682 -4.775025 11.233564 1.261789 4.524146
-4.055432 -6.219245 -1.086333 1.625122 6.768032 8.427024 4.536615
-9.423327 -7.002679 -8.714780 -5.441586 11.657568 0.775652 4.558461
-9.207929 -7.009348 -8.690914 -5.588322 11.711548 0.550740 4.575566
-8.982409 -7.071732 -8.675115 -5.708136 11.888641 0.364010 4.592420
-8.761477 -7.228719 -8.663619 -5.789907 12.260985 0.289896 4.608911
-8.543465 -7.517703 -8.653282 -5.824372 12.728089 0.276080 4.624846
-8.315842 -7.892366 -8.635202 -5.850103 13.165714 0.251514 4.640192
-8.087219 -8.221881 -8.599055 -5.871041 13.570799 0.158477 4.654972
-8.088288 -7.804221 -8.408657 -6.127696 13.928977 -0.093889 4.669233
-2.897650 -7.663559 -1.636967 2.334691 8.454935 7.540977 4.673940
-7.510753 -8.071828 -8.334561 -5.997983 14.593048 -0.397108 4.696699
-7.241000 -7.838102 -8.267798 -5.946242 14.873464 -0.580667 4.709607
-2.513604 -7.295732 -1.646969 2.756647 9.122732 6.789585 4.711750
-6.716629 -7.119094 -8.101521 -5.858427 15.309316 -1.081055 4.733835
-6.469539 -6.877066 -8.022307 -5.827255 15.474866 -1.347005 4.745193
-6.220929 -6.787139 -7.948788 -5.798476 15.612769 -1.613727 4.756095
-5.982759 -6.779097 -7.869023 -5.778412 15.718686 -1.884980 4.766572
-5.755883 -6.813919 -7.798041 -5.758216 15.796724 -2.125787 4.776679
-5.546316 -6.872837 -7.749448 -5.749115 15.861243 -2.292466 4.786458
-5.359900 -6.939986 -7.715922 -5.748299 15.922820 -2.398478 4.795905
-5.184026 -7.008130 -7.697133 -5.760034 15.974918 -2.450224 4.805046
-5.023989 -7.070370 -7.695713 -5.772943 16.008208 -2.438025 4.813871
-4.874326 -7.125986 -7.701491 -5.792579 16.018260 -2.414063 4.822398
-4.742855 -7.172554 -7.709377 -5.815582 15.999026 -2.379083 4.830642
-4.608826 -7.214704 -7.727049 -5.826561 15.958022 -2.361106 4.838648
-4.486280 -7.252337 -7.747561 -5.837045 15.889531 -2.386956 4.846418
-4.375181 -7.282511 -7.774835 -5.860889 15.778856 -2.444102 4.854001
-4.260477 -7.308940 -7.812643 -5.872393 15.625330 -2.557192 4.861429
-4.149499 -7.326292 -7.859124 -5.886131 15.441921 -2.706211 4.868739
-4.054077 -7.336497 -7.920713 -5.908799 15.221457 -2.832715 4.875958
-0.751585 -7.673799 -2.078109 2.613949 9.180639 4.115627 4.874348
-0.698063 -7.684249 -2.124688 2.521275 9.022576 4.025701 4.881724
-3.785318 -7.310474 -8.160489 -5.918399 14.557254 -2.994290 4.897274
-0.660082 -7.699038 -2.214784 2.325426 8.829577 3.915850 4.896275
-3.595890 -7.258302 -8.308944 -5.793718 14.261897 -2.857956 4.911109
-3.525841 -7.227890 -8.315983 -5.696526 14.264579 -2.813255 4.917804
-0.633692 -7.650645 -2.379988 2.278975 8.990380 3.945111 4.917007
-2.862632 -7.119540 -8.602892 -5.041940 14.061011 -2.604079 4.930831
-2.691825 -7.070807 -8.662143 -4.821331 14.122495 -2.501852 4.936772
-2.530307 -7.021034 -8.712984 -4.598497 14.230398 -2.396703 4.942421
-2.358180 -6.979772 -8.766997 -4.378384 14.313635 -2.327106 4.947775
-2.177572 -6.941600 -8.813590 -4.175825 14.315377 -2.318795 4.952861
-1.993650 -6.906721 -8.848687 -3.988251 14.187941 -2.383560 4.957761
-1.802228 -6.877784 -8.879049 -3.810862 14.010771 -2.515090 4.962618
-1.601692 -6.839302 -8.909568 -3.630112 13.808186 -2.667533 4.967482
0.281257 -7.644959 -2.511202 2.978398 9.649396 2.590236 4.967759
-0.764359 -6.732952 -9.249837 -2.773157 13.356844 -2.676920 4.977068
-0.503662 -6.704868 -9.334010 -2.524389 13.164471 -2.746809 4.981708
0.692415 -7.726138 -2.512288 3.150534 9.529720 1.968349 4.982389
-0.003047 -6.765938 -9.543848 -2.005123 13.092782 -2.732319 4.990879
0.230119 -6.900301 -9.665631 -1.734168 13.241432 -2.640275 4.995183
0.452497 -7.163696 -9.790649 -1.453725 13.470438 -2.497921 4.999130
1.468354 -9.029743 -3.114561 3.709503 10.415855 1.717204 5.000139
1.296378 -8.256350 -10.276550 -0.496649 13.621023 -2.145926 5.006058
1.545861 -8.950782 -10.437043 -0.162673 13.863949 -1.953555 5.008798
1.780049 -9.456545 -10.581881 0.137106 13.947772 -1.870716 5.011118
1.998968 -9.633199 -10.707619 0.392338 13.916334 -1.876256 5.013168
2.559423 -11.269820 -4.151329 4.297556 11.484714 1.603898 5.013451
2.399368 -9.065890 -10.932236 0.871370 13.821799 -1.908848 5.016714
2.897340 -9.610924 -11.236499 1.424132 13.762549 -1.737503 5.018364
2.801461 -11.117162 -4.047837 4.619379 11.760353 1.279874 5.018307
3.304649 -8.519421 -11.515574 1.854503 13.604414 -1.585774 5.020415
2.646663 -10.353068 -3.691777 4.721080 11.802237 1.151513 5.020063
2.606020 -10.216956 -3.630365 4.721438 11.817239 1.148457 5.020686
3.730965 -7.951416 -11.935455 2.317917 13.389993 -1.224016 5.022164
2.577598 -10.222619 -3.663998 4.680337 11.843116 1.282329 5.021506
3.913140 -7.943559 -12.192714 2.517698 13.289750 -0.857870 5.022676
3.977402 -7.922560 -12.312395 2.595262 13.257245 -0.651927 5.022764
4.018841 -7.930113 -12.416893 2.650635 13.237911 -0.436811 5.022729
4.047917 -7.934881 -12.494172 2.684246 13.218951 -0.231661 5.022571
4.068246 -7.936302 -12.545371 2.699786 13.187489 -0.051514 5.022311
4.071407 -7.951984 -12.579515 2.695905 13.149183 0.072717 5.021982
2.361398 -10.419761 -3.882238 4.427483 11.953127 1.978581 5.020712
4.057100 -7.953666 -12.621878 2.651227 13.077165 0.101011 5.021266
4.041299 -7.950379 -12.642683 2.614059 13.058171 0.031192 5.020944
4.019262 -7.946961 -12.660719 2.559334 13.049310 -0.067873 5.020660
3.993179 -7.968571 -12.672426 2.512739 13.044604 -0.159756 5.020422
3.969236 -7.960060 -12.677476 2.472516 13.040751 -0.243525 5.020230
2.444558 -10.463965 -3.881519 4.388428 11.703423 1.865084 5.019239
3.916852 -7.992045 -12.688679 2.382158 13.033490 -0.238154 5.019930
3.900942 -8.007023 -12.694312 2.357552 13.029943 -0.196438 5.019828
3.893328 -8.005714 -12.698285 2.343536 13.028817 -0.154252 5.019759
3.889369 -7.966460 -12.701255 2.341405 13.029082 -0.115057 5.019720
3.884679 -7.970789 -12.704013 2.341667 13.031708 -0.103275 5.019698
3.882104 -7.969388 -12.707922 2.338786 13.035638 -0.136152 5.019691
3.881735 -7.955169 -12.713394 2.333184 13.038391 -0.190987 5.019688
3.880678 -7.954941 -12.711680 2.336204 13.035849 -0.173734 5.019666
3.881327 -7.974131 -12.716480 2.328873 13.037835 -0.217263 5.019672
3.884410 -7.937593 -12.720776 2.321167 13.039971 -0.231695 5.019688
3.884685 -7.932177 -12.721005 2.315889 13.041620 -0.230136 5.019693
3.884359 -7.941562 -12.720436 2.309893 13.042297 -0.228125 5.019682
3.884283 -7.923772 -12.719333 2.305543 13.042237 -0.227172 5.019669
3.882905 -7.926121 -12.720224 2.302764 13.042402 -0.233601 5.019656
3.881641 -7.935023 -12.720780 2.298789 13.042632 -0.240891 5.019643
3.878912 -7.921392 -12.721564 2.294445 13.042817 -0.246935 5.019634
3.874301 -7.921142 -12.723229 2.289997 13.043096 -0.249255 5.019626
3.871613 -7.928448 -12.723802 2.284508 13.043399 -0.251900 5.019619
3.868320 -7.914288 -12.723661 2.280591 13.043520 -0.253951 5.019615
2.356269 -10.363402 -3.851247 4.353084 11.677768 1.915346 5.018930
3.861720 -7.904557 -12.724229 2.273006 13.043859 -0.259539 5.019615
3.859544 -7.891732 -12.726210 2.275354 13.043948 -0.262754 5.019623
3.856727 -7.891134 -12.728920 2.279982 13.044045 -0.265928 5.019632
2.356751 -10.363360 -3.847231 4.352482 11.680098 1.909490 5.018970
3.849647 -7.889296 -12.725704 2.288003 13.043512 -0.271447 5.019643
3.846684 -7.890559 -12.724392 2.288670 13.043413 -0.274495 5.019646
3.844771 -7.902076 -12.723948 2.288367 13.043444 -0.276209 5.019648
3.849459 -7.913357 -12.727604 2.387610 13.064524 -0.291146 5.019651
3.856192 -7.902743 -12.729362 2.287412 13.043884 -0.264858 5.019664
3.860813 -7.915165 -12.731453 2.286457 13.044115 -0.264009 5.019667
3.861623 -7.919780 -12.730932 2.285982 13.044103 -0.264018 5.019668
3.861707 -7.915672 -12.730940 2.285957 13.044099 -0.263875 5.019670
3.861721 -7.910676 -12.730865 2.285817 13.044088 -0.263859 5.019672
3.861619 -7.919142 -12.731025 2.286131 13.044113 -0.263915 5.019673
3.861467 -7.915945 -12.731177 2.286136 13.044122 -0.263976 5.019675
3.861114 -7.907571 -12.731555 2.286840 13.044115 -0.264014 5.019677
2.364576 -10.389123 -3.858997 4.351676 11.682092 1.911303 5.019016
3.861027 -7.909641 -12.731649 2.286740 13.044141 -0.264064 5.019680
3.860886 -7.904292 -12.731351 2.286914 13.044106 -0.263868 5.019682
3.860644 -7.919575 -12.731453 2.286560 13.044155 -0.264095 5.019683
3.860901 -7.916306 -12.731476 2.286655 13.044165 -0.264040 5.019685
3.861227 -7.910745 -12.731548 2.286750 13.044151 -0.263968 5.019686
2.357668 -10.368690 -3.849571 4.352611 11.682218 1.909581 5.019027
3.861406 -7.908394 -12.731526 2.286645 13.044148 -0.263943 5.019689
3.861608 -7.912351 -12.731322 2.286568 13.044154 -0.263861 5.019690
3.861314 -7.900429 -12.731546 2.286633 13.044141 -0.263937 5.019691
3.861052 -7.904793 -12.731700 2.286560 13.044176 -0.264039 5.019692
3.860940 -7.907767 -12.731540 2.286696 13.044163 -0.264054 5.019693
3.860930 -7.892680 -12.730978 2.287206 13.044061 -0.263775 5.019694
3.860889 -7.907354 -12.731545 2.286985 13.044156 -0.264023 5.019694
3.860982 -7.905017 -12.731509 2.286677 13.044171 -0.264048 5.019695
3.861008 -7.892106 -12.731385 2.286994 13.044113 -0.263793 5.019696
3.861303 -7.896275 -12.731726 2.286731 13.044159 -0.264007 5.019696
3.861601 -7.895703 -12.731431 2.286418 13.044145 -0.264052 5.019695
3.888967 -7.881150 -12.734802 2.265343 13.073946 -0.273028 5.020529
3.861237 -7.896025 -12.731694 2.286543 13.044161 -0.264046 5.019695
3.861212 -7.888142 -12.731347 2.286786 13.044106 -0.263735 5.019696
3.860783 -7.891610 -12.731375 2.286973 13.044112 -0.263787 5.019695
3.860675 -7.903886 -12.731435 2.286826 13.044154 -0.264124 5.019695
3.861028 -7.884803 -12.731053 2.286949 13.044069 -0.263729 5.019696
3.861007 -7.896670 -12.731590 2.286911 13.044140 -0.264038 5.019695
2.353486 -10.356979 -3.844294 4.352979 11.682224 1.908948 5.019034
3.861069 -7.881982 -12.730766 2.287076 13.044023 -0.263646 5.019695
2.357304 -10.368013 -3.849359 4.352563 11.682192 1.909711 5.019033
3.861524 -7.899117 -12.731533 2.286697 13.044146 -0.263954 5.019695
2.348701 -10.343288 -3.838047 4.353472 11.682338 1.908086 5.019032
3.860849 -7.901092 -12.731503 2.286890 13.044149 -0.264033 5.019694
3.861133 -7.904721 -12.731413 2.286662 13.044160 -0.264035 5.019694
3.860993 -7.861292 -12.818604 2.124386 13.093544 -0.321261 5.019710
3.860939 -7.894124 -12.731499 2.286961 13.044133 -0.263890 5.019695
2.354943 -10.361107 -3.846093 4.352843 11.682198 1.909172 5.019033
3.861296 -7.890548 -12.731374 2.286830 13.044112 -0.263866 5.019695
3.861036 -7.899573 -12.731542 2.286871 13.044144 -0.264058 5.019694
3.861540 -7.891940 -12.731401 2.286702 13.044113 -0.263911 5.019694
3.861081 -7.892184 -12.731422 2.286921 13.044124 -0.263936 5.019694
3.860979 -7.899579 -12.731560 2.286779 13.044140 -0.264058 5.019694
3.861274 -7.891801 -12.731604 2.286786 13.044138 -0.264002 5.019694
2.353997 -10.358352 -3.844912 4.352938 11.682244 1.909021 5.019033
3.861107 -7.898398 -12.731604 2.286925 13.044139 -0.264003 5.019694
3.861159 -7.895080 -12.731568 2.286833 13.044134 -0.263940 5.019694
3.861062 -7.894493 -12.731672 2.286714 13.044139 -0.263963 5.019695
3.861261 -7.897516 -12.731690 2.286696 13.044150 -0.263977 5.019695
3.861263 -7.887917 -12.731312 2.286901 13.044089 -0.263887 5.019695
3.861222 -7.896452 -12.731653 2.286805 13.044144 -0.264049 5.019695
3.861208 -7.892878 -12.731509 2.286820 13.044114 -0.263872 5.019695
3.861170 -7.906297 -12.731435 2.286777 13.044148 -0.264092 5.019694
3.861252 -7.896571 -12.731655 2.286675 13.044145 -0.263980 5.019695
3.860947 -7.883478 -12.730886 2.287105 13.044037 -0.263793 5.019695
3.860773 -7.910645 -12.731269 2.286660 13.044145 -0.264031 5.019693
2.355041 -10.361395 -3.846299 4.352823 11.682203 1.909202 5.019033
3.861464 -7.887673 -12.731262 2.286833 13.044085 -0.263853 5.019695
3.861080 -7.888293 -12.731081 2.287167 13.044059 -0.263794 5.019695
3.861073 -7.905329 -12.731372 2.286790 13.044140 -0.264116 5.019694
3.861516 -7.897239 -12.731518 2.286537 13.044134 -0.263881 5.019694
3.861094 -7.892168 -12.731430 2.287020 13.044102 -0.264008 5.019694
3.861016 -7.906025 -12.731495 2.286661 13.044155 -0.264119 5.019694
3.861355 -7.897076 -12.731691 2.286682 13.044144 -0.264005 5.019695
2.352329 -10.353518 -3.842668 4.353163 11.682260 1.908610 5.019033
3.860779 -7.893955 -12.731256 2.287146 13.044089 -0.263870 5.019695
3.860797 -7.912053 -12.731145 2.286693 13.044147 -0.264191 5.019694
3.861411 -7.890268 -12.731493 2.286633 13.044119 -0.263903 5.019695
3.860862 -7.892616 -12.731288 2.287082 13.044088 -0.263871 5.019695
3.860941 -7.911247 -12.731341 2.286553 13.044170 -0.264114 5.019694
3.861414 -7.896894 -12.731606 2.286543 13.044145 -0.264007 5.019695
3.861000 -7.891073 -12.731109 2.287303 13.044067 -0.263646 5.019695
3.860842 -7.912527 -12.731242 2.286743 13.044149 -0.264113 5.019694
3.861493 -7.890416 -12.731179 2.286859 13.044084 -0.263727 5.019696
3.860608 -7.898436 -12.731431 2.287116 13.044121 -0.263983 5.019696
3.860958 -7.909162 -12.731336 2.286681 13.044150 -0.264185 5.019695
3.861547 -7.891442 -12.731345 2.286846 13.044106 -0.263819 5.019696
3.860753 -7.897178 -12.731496 2.287086 13.044136 -0.264014 5.019696
3.861004 -7.896878 -12.731707 2.286723 13.044156 -0.264011 5.019696
2.355553 -10.363119 -3.847110 4.352729 11.682234 1.909425 5.019035
3.861219 -7.896269 -12.731724 2.286875 13.044148 -0.264006 5.019696
3.861190 -7.895893 -12.731725 2.286887 13.044146 -0.263986 5.019696
3.861272 -7.898158 -12.731655 2.286743 13.044169 -0.264053 5.019696
3.861379 -7.898142 -12.731713 2.286776 13.044163 -0.263912 5.019696
3.861209 -7.894267 -12.731634 2.286791 13.044136 -0.263950 5.019696
3.861140 -7.885805 -12.731118 2.286891 13.044073 -0.263766 5.019696
2.357051 -10.367371 -3.849051 4.352608 11.682222 1.909672 5.019034
3.861318 -7.902374 -12.731554 2.286642 13.044157 -0.264119 5.019696
3.861189 -7.891378 -12.731316 2.286982 13.044098 -0.263834 5.019696
3.861247 -7.891539 -12.731356 2.286825 13.044103 -0.263882 5.019697
2.359124 -10.373403 -3.851804 4.352366 11.682162 1.910100 5.019034
3.861369 -7.895582 -12.731715 2.286783 13.044156 -0.263855 5.019697
3.861140 -7.888070 -12.731288 2.287086 13.044073 -0.263752 5.019697
3.861376 -7.900992 -12.731550 2.286774 13.044151 -0.263999 5.019697
3.861326 -7.891563 -12.731445 2.286802 13.044107 -0.263793 5.019697
3.861003 -7.890635 -12.731392 2.287003 13.044096 -0.263844 5.019697
3.861265 -7.896001 -12.731749 2.286667 13.044152 -0.264045 5.019697
3.861242 -7.894354 -12.731739 2.286670 13.044147 -0.263969 5.019697
3.861020 -7.898366 -12.731697 2.286751 13.044149 -0.264010 5.019697
3.861222 -7.887070 -12.731364 2.286807 13.044101 -0.263857 5.019698
3.861365 -7.900429 -12.731685 2.286724 13.044155 -0.264006 5.019697
3.860973 -7.905813 -12.731472 2.286825 13.044147 -0.264003 5.019697
3.861556 -7.892711 -12.731521 2.286744 13.044128 -0.263941 5.019697
2.350804 -10.349405 -3.840811 4.353282 11.682314 1.908463 5.019035
3.860904 -7.905007 -12.731426 2.286681 13.044158 -0.264135 5.019697
3.861361 -7.883712 -12.730808 2.286909 13.044032 -0.263621 5.019697
3.860846 -7.886770 -12.730800 2.287352 13.044031 -0.263777 5.019698
3.860938 -7.904553 -12.731498 2.286686 13.044161 -0.264072 5.019697
3.861028 -7.885895 -12.731153 2.286926 13.044075 -0.263819 5.019698
2.356652 -10.366205 -3.848482 4.352625 11.682197 1.909601 5.019036
3.861281 -7.883421 -12.761228 2.248178 13.061695 -0.295005 5.018020
3.860922 -7.891078 -12.731312 2.287048 13.044098 -0.263864 5.019698
3.861120 -7.904706 -12.731560 2.286695 13.044159 -0.264031 5.019698
3.861321 -7.892840 -12.731702 2.286662 13.044140 -0.263958 5.019699
3.861260 -7.893072 -12.731361 2.286944 13.044115 -0.263841 5.019698
3.860706 -7.902955 -12.731430 2.287102 13.044135 -0.264090 5.019698
3.861282 -7.904450 -12.731350 2.286539 13.044151 -0.264055 5.019698
3.861060 -7.885993 -12.730844 2.286916 13.044054 -0.263653 5.019698
2.356541 -10.365948 -3.848435 4.352640 11.682238 1.909629 5.019037
3.861542 -7.897876 -12.731552 2.286679 13.044150 -0.263959 5.019698
3.861299 -7.894871 -12.731691 2.286993 13.044122 -0.263965 5.019698
3.861157 -7.899389 -12.731713 2.286840 13.044151 -0.264069 5.019698
3.861537 -7.897134 -12.731551 2.286578 13.044144 -0.264006 5.019698
3.861116 -7.895155 -12.731622 2.286794 13.044152 -0.263910 5.019699
3.860830 -7.905352 -12.731394 2.286780 13.044147 -0.264101 5.019698
3.861535 -7.892347 -12.731292 2.286650 13.044120 -0.263829 5.019698
2.354834 -10.360956 -3.846127 4.352882 11.682286 1.909210 5.019037
3.860812 -7.903881 -12.731530 2.286722 13.044158 -0.264111 5.019698
3.861460 -7.894892 -12.731669 2.286721 13.044141 -0.263870 5.019699
3.861223 -7.898539 -12.731698 2.286922 13.044152 -0.264061 5.019699
2.356864 -10.366776 -3.848775 4.352636 11.682208 1.909601 5.019037
3.861486 -7.896664 -12.731568 2.286522 13.044152 -0.263948 5.019699
3.861422 -7.896431 -12.731726 2.286779 13.044155 -0.263901 5.019699
3.861363 -7.898638 -12.731740 2.286749 13.044146 -0.263879 5.019699
2.356050 -10.364396 -3.847664 4.352755 11.682178 1.909372 5.019037
3.861313 -7.894919 -12.731705 2.286780 13.044141 -0.263946 5.019699
3.861205 -7.903540 -12.731655 2.286834 13.044154 -0.264027 5.019699
3.861506 -7.896263 -12.731617 2.286744 13.044146 -0.263874 5.019699
3.861339 -7.894317 -12.731481 2.287004 13.044108 -0.263734 5.019700
3.861246 -7.906322 -12.731548 2.286726 13.044161 -0.263983 5.019699
3.861206 -7.905980 -12.731513 2.286864 13.044154 -0.264003 5.019699
3.861287 -7.885517 -12.730945 2.287180 13.044041 -0.263607 5.019700
2.356131 -10.364710 -3.847857 4.352736 11.682222 1.909457 5.019039
3.861397 -7.901830 -12.731585 2.286517 13.044163 -0.264057 5.019700
3.860750 -7.891687 -12.731183 2.286964 13.044094 -0.263772 5.019700
3.860841 -7.911105 -12.731373 2.286861 13.044161 -0.264169 5.019700
2.353227 -10.356246 -3.843973 4.353077 11.682252 1.908811 5.019040
3.860985 -7.895738 -12.731549 2.286973 13.044136 -0.263840 5.019701
3.860966 -7.906283 -12.731469 2.286689 13.044166 -0.264047 5.019701
3.861524 -7.886070 -12.731221 2.286890 13.044096 -0.263779 5.019701
3.861065 -7.901401 -12.731686 2.286996 13.044157 -0.263976 5.019701
3.860988 -7.900469 -12.731654 2.286846 13.044162 -0.263972 5.019701
3.861308 -7.896676 -12.731721 2.286569 13.044173 -0.263992 5.019701
3.860945 -7.891700 -12.731570 2.286795 13.044148 -0.263908 5.019701
3.861139 -7.882270 -12.730951 2.286988 13.044059 -0.263666 5.019701
3.860911 -7.890323 -12.731130 2.287201 13.044080 -0.263720 5.019701
3.860571 -7.919578 -12.731015 2.286655 13.044172 -0.264295 5.019699
2.350362 -10.348077 -3.840234 4.353364 11.682269 1.908285 5.019039
3.860820 -7.887716 -12.731124 2.287181 13.044080 -0.263761 5.019701
3.860752 -7.914114 -12.731238 2.286811 13.044166 -0.264183 5.019699
3.861537 -7.891150 -12.731450 2.286499 13.044138 -0.263819 5.019701
2.350652 -10.348898 -3.840603 4.353344 11.682326 1.908350 5.019038
3.860826 -7.905862 -12.731490 2.286790 13.044165 -0.264118 5.019700
3.861283 -7.898708 -12.731644 2.286605 13.044173 -0.263954 5.019700
2.349735 -10.346255 -3.839367 4.353456 11.682354 1.908170 5.019038
3.860624 -7.900903 -12.731472 2.286927 13.044138 -0.264101 5.019699
3.861337 -7.900257 -12.731613 2.286446 13.044176 -0.263968 5.019699
3.861094 -7.889508 -12.731381 2.287042 13.044112 -0.263879 5.019700
2.355565 -10.363188 -3.847102 4.352801 11.682248 1.909365 5.019038
3.861400 -7.890724 -12.731634 2.286884 13.044126 -0.263943 5.019699
3.861055 -7.901151 -12.731737 2.286736 13.044159 -0.264059 5.019699
3.861056 -7.899369 -12.731776 2.286540 13.044183 -0.264097 5.019699
2.352006 -10.352860 -3.842441 4.353179 11.682274 1.908624 5.019038
3.860649 -7.901397 -12.732845 2.386526 13.064990 -0.283775 5.019696
3.861435 -7.893691 -12.731704 2.286637 13.044148 -0.263988 5.019699
2.352343 -10.353862 -3.842903 4.353153 11.682268 1.908690 5.019038
3.860940 -7.903185 -12.731585 2.286737 13.044149 -0.264099 5.019699
3.861462 -7.894004 -12.731650 2.286741 13.044140 -0.263980 5.019700
2.353699 -10.357804 -3.844664 4.353012 11.682288 1.908980 5.019039
3.861263 -7.897534 -12.731804 2.286613 13.044160 -0.264087 5.019700
3.861421 -7.894131 -12.731781 2.286807 13.044146 -0.263944 5.019700
3.861362 -7.890634 -12.731485 2.286822 13.044110 -0.263804 5.019700
3.861218 -7.897964 -12.731790 2.286887 13.044158 -0.263960 5.019700
3.861285 -7.898466 -12.731807 2.286711 13.044161 -0.264040 5.019700
3.861336 -7.895153 -12.731710 2.286683 13.044151 -0.263999 5.019700
3.861186 -7.891477 -12.731437 2.286910 13.044113 -0.263910 5.019701
3.861424 -7.894789 -12.731647 2.286844 13.044146 -0.263957 5.019701
2.355760 -10.363556 -3.847290 4.352838 11.682236 1.909278 5.019040
3.861246 -7.896545 -12.731791 2.286842 13.044148 -0.264024 5.019701
3.861155 -7.892107 -12.731556 2.286880 13.044122 -0.264048 5.019701
2.355539 -10.362989 -3.847044 4.352824 11.682225 1.909292 5.019040
3.861349 -7.897123 -12.731789 2.286773 13.044156 -0.264070 5.019701
3.861071 -7.893374 -12.731500 2.286813 13.044133 -0.263916 5.019702
3.861183 -7.902835 -12.731658 2.286681 13.044165 -0.263944 5.019701
3.861351 -7.896073 -12.731792 2.286749 13.044162 -0.263975 5.019702
2.354049 -10.358681 -3.845089 4.352980 11.682253 1.909013 5.019041
3.861353 -7.895874 -12.731792 2.286742 13.044162 -0.263969 5.019702
3.861352 -7.895764 -12.731792 2.286738 13.044162 -0.263966 5.019702
3.861352 -7.895649 -12.731793 2.286734 13.044163 -0.263963 5.019702
2.353845 -10.358165 -3.844832 4.352995 11.682253 1.908988 5.019041
3.861348 -7.895400 -12.731796 2.286724 13.044163 -0.263959 5.019702
3.861344 -7.895265 -12.731798 2.286719 13.044163 -0.263957 5.019702
3.861341 -7.895125 -12.731800 2.286713 13.044163 -0.263955 5.019702
3.861336 -7.894978 -12.731802 2.286707 13.044163 -0.263954 5.019702
3.861331 -7.894825 -12.731805 2.286701 13.044163 -0.263953 5.019702
2.353488 -10.357151 -3.844392 4.353014 11.682251 1.908948 5.019041
3.861318 -7.894500 -12.731812 2.286687 13.044163 -0.263951 5.019701
3.861310 -7.894328 -12.731815 2.286680 13.044162 -0.263950 5.019701
3.861301 -7.894149 -12.731819 2.286673 13.044162 -0.263950 5.019701
2.353187 -10.356329 -3.844023 4.353029 11.682247 1.908916 5.019040
3.861280 -7.893774 -12.731825 2.286658 13.044161 -0.263949 5.019701
3.861268 -7.893577 -12.731827 2.286650 13.044160 -0.263949 5.019700
3.861255 -7.893374 -12.731828 2.286642 13.044159 -0.263949 5.019700
2.352838 -10.355386 -3.843601 4.353043 11.682240 1.908880 5.019039
3.861225 -7.892950 -12.731829 2.286626 13.044157 -0.263948 5.019699
3.861208 -7.892729 -12.731827 2.286618 13.044155 -0.263948 5.019699
2.352544 -10.354599 -3.843249 4.353054 11.682234 1.908849 5.019038
3.861170 -7.892268 -12.731823 2.286602 13.044151 -0.263948 5.019698
3.861149 -7.892028 -12.731819 2.286594 13.044149 -0.263948 5.019698
3.861288 -7.895668 -12.731855 2.286728 13.044156 -0.264000 5.019698
