8.709550 -10.940099 -10.809794 -7.303087 10.543044 -0.753593 5.516099
8.709581 -10.939966 -10.809767 -7.303111 10.543047 -0.753601 5.516098
8.709609 -10.939840 -10.809742 -7.303134 10.543050 -0.753609 5.516098
8.709635 -10.939721 -10.809718 -7.303156 10.543052 -0.753616 5.516098
8.709659 -10.939608 -10.809695 -7.303176 10.543055 -0.753624 5.516097
8.709680 -10.939502 -10.809674 -7.303195 10.543056 -0.753631 5.516097
8.709698 -10.939402 -10.809654 -7.303212 10.543058 -0.753638 5.516097
8.709713 -10.939308 -10.809636 -7.303227 10.543059 -0.753646 5.516096
8.709724 -10.939221 -10.809620 -7.303240 10.543060 -0.753653 5.516096
8.709730 -10.939139 -10.809607 -7.303250 10.543060 -0.753660 5.516096
8.709731 -10.939062 -10.809596 -7.303258 10.543059 -0.753668 5.516096
8.709726 -10.938992 -10.809589 -7.303263 10.543057 -0.753675 5.516095
8.709718 -10.938927 -10.809583 -7.303266 10.543056 -0.753683 5.516095
8.709707 -10.938869 -10.809578 -7.303267 10.543053 -0.753690 5.516095
8.709694 -10.938818 -10.809575 -7.303268 10.543051 -0.753697 5.516095
8.709682 -10.938774 -10.809572 -7.303267 10.543049 -0.753703 5.516095
8.709670 -10.938737 -10.809570 -7.303267 10.543047 -0.753710 5.516095
2.843820 -7.252433 -15.052238 -4.303284 8.054115 1.783108 5.516094
8.709647 -10.938686 -10.809565 -7.303264 10.543043 -0.753722 5.516095
2.843815 -7.252429 -15.052221 -4.303282 8.054113 1.783107 5.516094
8.709629 -10.938665 -10.809561 -7.303261 10.543040 -0.753732 5.516095
8.709621 -10.938666 -10.809560 -7.303259 10.543039 -0.753736 5.516095
2.843812 -7.252427 -15.052211 -4.303284 8.054111 1.783107 5.516094
2.843812 -7.252428 -15.052212 -4.303287 8.054110 1.783108 5.516094
8.709604 -10.938715 -10.809556 -7.303252 10.543036 -0.753748 5.516094
2.844151 -7.252806 -15.053132 -4.303417 8.054069 1.783150 5.516094
8.709162 -10.936753 -10.809710 -7.303191 10.543005 -0.753715 5.516096
2.843627 -7.252423 -15.052099 -4.303500 8.054167 1.783207 5.516094
8.709296 -10.936624 -10.809676 -7.303021 10.543024 -0.753801 5.516095
8.709171 -10.937457 -10.809608 -7.303306 10.542935 -0.753702 5.516095
8.708551 -10.944823 -10.810196 -7.302167 10.542850 -0.753874 5.516097
2.843719 -7.252581 -15.052417 -4.303651 8.054031 1.783236 5.516095
8.709094 -10.935117 -10.809752 -7.302884 10.542956 -0.753714 5.516098
8.709231 -10.937143 -10.809606 -7.303166 10.542981 -0.753758 5.516096
8.708440 -10.945148 -10.810179 -7.302300 10.542878 -0.753867 5.516098
2.843705 -7.252359 -15.051997 -4.303305 8.054105 1.783120 5.516096
8.709227 -10.936104 -10.809718 -7.303289 10.542984 -0.753706 5.516097
8.709144 -10.941114 -10.809917 -7.302358 10.542971 -0.753902 5.516097
2.843632 -7.252439 -15.052133 -4.303504 8.054145 1.783212 5.516095
8.708731 -10.942870 -10.809983 -7.302843 10.542947 -0.753785 5.516098
2.843616 -7.252123 -15.051515 -4.303050 8.054158 1.783036 5.516096
8.708948 -10.935725 -10.809679 -7.303084 10.543004 -0.753720 5.516097
2.844119 -7.252899 -15.053309 -4.303610 8.054071 1.783230 5.516095
2.844067 -7.253049 -15.053535 -4.303929 8.053967 1.783331 5.516096
2.843337 -7.251566 -15.050358 -4.302587 8.054286 1.782874 5.516096
8.708845 -10.933991 -10.809803 -7.303074 10.542917 -0.753625 5.516099
8.708150 -10.946665 -10.810399 -7.302073 10.542824 -0.754044 5.516100
8.709141 -10.939605 -10.809747 -7.303898 10.542983 -0.753703 5.516098
8.709304 -10.938801 -10.809755 -7.302227 10.542971 -0.753771 5.516098
8.709387 -10.936717 -10.809700 -7.303197 10.542971 -0.753739 5.516097
8.708993 -10.935428 -10.809824 -7.303258 10.542961 -0.753780 5.516098
8.708660 -10.944559 -10.810118 -7.301966 10.542873 -0.753888 5.516099
2.843790 -7.252306 -15.051934 -4.303096 8.054116 1.783041 5.516096
8.708862 -10.934329 -10.809769 -7.303279 10.542909 -0.753726 5.516098
8.709197 -10.941224 -10.809848 -7.302126 10.542958 -0.753866 5.516097
8.709095 -10.938773 -10.809724 -7.303299 10.542988 -0.753709 5.516096
8.708566 -10.945256 -10.810193 -7.302037 10.542878 -0.753883 5.516099
2.843774 -7.252209 -15.051779 -4.303018 8.054148 1.783008 5.516095
8.708270 -10.931191 -10.810044 -7.303632 10.542861 -0.753589 5.516100
8.708289 -10.945485 -10.810291 -7.301355 10.542853 -0.753973 5.516099
8.709289 -10.939009 -10.809679 -7.303222 10.543002 -0.753706 5.516096
8.709477 -10.938286 -10.809571 -7.303598 10.543038 -0.753610 5.516096
8.709469 -10.937867 -10.809695 -7.303093 10.542991 -0.753711 5.516097
2.843942 -7.252615 -15.052682 -4.303470 8.054124 1.783193 5.516095
8.708969 -10.943608 -10.809949 -7.302799 10.542942 -0.753935 5.516097
8.709559 -10.937891 -10.809623 -7.303310 10.542962 -0.753785 5.516096
8.709015 -10.934716 -10.809794 -7.303279 10.542996 -0.753740 5.516097
8.709578 -10.938184 -10.809602 -7.303070 10.543064 -0.753706 5.516095
8.708598 -10.944631 -10.810115 -7.302321 10.542885 -0.754057 5.516098
8.709504 -10.938107 -10.809679 -7.303437 10.543006 -0.753688 5.516096
8.709370 -10.937780 -10.809661 -7.302812 10.542967 -0.753767 5.516096
8.709648 -10.939159 -10.809648 -7.302872 10.543025 -0.753789 5.516095
2.843613 -7.252276 -15.051825 -4.303304 8.054198 1.783138 5.516094
8.708866 -10.944158 -10.809977 -7.302422 10.542880 -0.753824 5.516097
8.708855 -10.934979 -10.809810 -7.303135 10.542956 -0.753812 5.516097
8.709441 -10.938056 -10.809567 -7.303475 10.543057 -0.753755 5.516095
8.709230 -10.940926 -10.809760 -7.302815 10.542992 -0.753574 5.516096
8.708832 -10.942886 -10.809997 -7.302938 10.542925 -0.753846 5.516097
2.843542 -7.251817 -15.050978 -4.302739 8.054227 1.782912 5.516095
8.709306 -10.940706 -10.809814 -7.302488 10.542954 -0.753668 5.516097
8.708211 -10.946223 -10.810507 -7.302229 10.542811 -0.753952 5.516099
8.708944 -10.936426 -10.809766 -7.303472 10.542918 -0.753701 5.516097
8.709324 -10.937354 -10.809648 -7.302401 10.542997 -0.753738 5.516097
8.709153 -10.938503 -10.809667 -7.303043 10.542999 -0.753721 5.516096
2.844063 -7.253026 -15.053464 -4.303841 8.053998 1.783310 5.516095
8.709627 -10.938504 -10.809673 -7.302913 10.543077 -0.753648 5.516096
8.708996 -10.936309 -10.809721 -7.303123 10.542985 -0.753728 5.516097
8.709388 -10.940229 -10.809700 -7.302556 10.543013 -0.753722 5.516096
8.709399 -10.940984 -10.809695 -7.302765 10.542999 -0.753646 5.516096
2.843863 -7.252528 -15.052398 -4.303317 8.054116 1.783124 5.516095
8.709418 -10.937143 -10.809669 -7.302629 10.542984 -0.753856 5.516096
8.708687 -10.933392 -10.809835 -7.303000 10.542926 -0.753620 5.516098
8.707713 -10.949369 -10.810610 -7.301566 10.542724 -0.753997 5.516100
8.708954 -10.939502 -10.809924 -7.303473 10.542942 -0.753774 5.516097
8.707085 -10.924810 -10.810249 -7.303137 10.542749 -0.753639 5.516103
8.708215 -10.947008 -10.810336 -7.301290 10.542815 -0.753910 5.516100
8.708398 -10.944728 -10.810250 -7.303225 10.542898 -0.753989 5.516098
8.708910 -10.936779 -10.809775 -7.304209 10.542940 -0.753503 5.516098
8.708997 -10.937385 -10.809871 -7.301142 10.542962 -0.753770 5.516099
8.707588 -10.929127 -10.810283 -7.304082 10.542800 -0.753715 5.516101
8.708906 -10.943321 -10.809957 -7.302669 10.542913 -0.753828 5.516097
2.844224 -7.253125 -15.053844 -4.303895 8.054000 1.783316 5.516095
8.708920 -10.935673 -10.809786 -7.303813 10.542921 -0.753744 5.516098
8.709637 -10.939100 -10.809588 -7.303011 10.543043 -0.753883 5.516096
8.709493 -10.940710 -10.809648 -7.303139 10.542985 -0.753763 5.516096
8.709262 -10.940250 -10.809680 -7.303408 10.542982 -0.753691 5.516097
8.709098 -10.942773 -10.809973 -7.302601 10.542937 -0.753828 5.516099
2.843730 -7.252098 -15.051644 -4.302915 8.054161 1.782969 5.516096
8.707287 -10.926438 -10.810314 -7.304068 10.542712 -0.753714 5.516103
8.707162 -10.952333 -10.810926 -7.300776 10.542689 -0.754209 5.516103
8.708940 -10.937276 -10.809865 -7.303962 10.542949 -0.753718 5.516098
2.843260 -7.251775 -15.050710 -4.303063 8.054188 1.783038 5.516096
8.707894 -10.948211 -10.810552 -7.300673 10.542750 -0.754089 5.516102
8.708612 -10.936138 -10.809966 -7.304074 10.542938 -0.753803 5.516099
2.843607 -7.252191 -15.051596 -4.303175 8.054123 1.783077 5.516096
8.709181 -10.938848 -10.809882 -7.301870 10.542952 -0.753801 5.516099
8.709537 -10.938426 -10.809593 -7.303316 10.543021 -0.753754 5.516096
8.709232 -10.938288 -10.809765 -7.303622 10.542924 -0.753770 5.516097
8.709468 -10.937521 -10.809690 -7.302962 10.542925 -0.753799 5.516097
2.843477 -7.251942 -15.051026 -4.302880 8.054242 1.783001 5.516095
8.709685 -10.938876 -10.809580 -7.302893 10.543032 -0.753749 5.516095
8.709308 -10.939299 -10.809706 -7.303246 10.542998 -0.753867 5.516096
8.708803 -10.934921 -10.809776 -7.303299 10.542953 -0.753676 5.516097
8.709610 -10.937895 -10.809659 -7.303267 10.543025 -0.753704 5.516095
2.843942 -7.252589 -15.052565 -4.303292 8.054133 1.783132 5.516094
8.709317 -10.938770 -10.809720 -7.303416 10.542989 -0.753723 5.516095
2.843775 -7.251987 -15.051303 -4.302601 8.054183 1.782869 5.516094
8.709466 -10.937456 -10.809675 -7.302577 10.543066 -0.753790 5.516094
2.843508 -7.252021 -15.051263 -4.303046 8.054198 1.783036 5.516092
8.709063 -10.942312 -10.809869 -7.302741 10.542982 -0.753765 5.516094
2.843851 -7.252622 -15.052577 -4.303491 8.054108 1.783201 5.516093
8.707964 -10.929113 -10.810002 -7.302531 10.542837 -0.753670 5.516098
2.843492 -7.251859 -15.050918 -4.302821 8.054227 1.782950 5.516092
8.709052 -10.942183 -10.809920 -7.302349 10.542996 -0.753809 5.516094
8.708746 -10.944297 -10.810039 -7.302244 10.542897 -0.753881 5.516095
2.843327 -7.251430 -15.050091 -4.302387 8.054341 1.782807 5.516091
8.708990 -10.935578 -10.809696 -7.302400 10.542882 -0.753737 5.516094
8.709175 -10.942169 -10.809788 -7.302494 10.542963 -0.753777 5.516093
8.709190 -10.940215 -10.809701 -7.303293 10.543030 -0.753705 5.516092
2.843698 -7.252052 -15.051332 -4.302799 8.054217 1.782940 5.516091
8.709124 -10.935599 -10.809663 -7.302664 10.542925 -0.753813 5.516093
8.709338 -10.937961 -10.809600 -7.303614 10.542997 -0.753707 5.516092
8.708349 -10.946437 -10.810220 -7.302099 10.542853 -0.753988 5.516095
8.708476 -10.932853 -10.809891 -7.303571 10.542895 -0.753713 5.516095
8.708397 -10.930712 -10.809884 -7.303192 10.542875 -0.753672 5.516096
2.844199 -7.253165 -15.053637 -4.304294 8.054392 1.781741 5.516090
8.709086 -10.940021 -10.809793 -7.303687 10.542975 -0.753741 5.516092
8.709429 -10.937782 -10.809596 -7.303117 10.542966 -0.753704 5.516092
8.708716 -10.933194 -10.809785 -7.302333 10.543007 -0.753714 5.516094
8.709096 -10.942286 -10.809797 -7.302222 10.542970 -0.753831 5.516092
2.844746 -7.253557 -15.054853 -4.303801 8.053929 1.783266 5.516089
8.708644 -10.932587 -10.809934 -7.302336 10.542854 -0.753542 5.516095
8.708811 -10.933915 -10.809906 -7.302333 10.542896 -0.753620 5.516093
8.708831 -10.939724 -10.810039 -7.303956 10.542807 -0.753702 5.516090
2.843643 -7.253395 -15.053884 -4.305056 8.053902 1.783747 5.516087
8.707205 -10.947744 -10.810662 -7.301725 10.542838 -0.754540 5.516098
8.709284 -10.938031 -10.809713 -7.303019 10.543101 -0.754269 5.516093
8.708826 -10.933778 -10.809972 -7.302117 10.542887 -0.753386 5.516096
8.708094 -10.939905 -10.810345 -7.298526 10.542768 -0.753380 5.516097
8.705515 -10.956687 -10.811991 -7.295546 10.542374 -0.753957 5.516103
2.843647 -7.251509 -15.050594 -4.302255 8.054272 1.782677 5.516088
8.707596 -10.930811 -10.810335 -7.304077 10.542580 -0.753715 5.516093
8.704555 -10.946932 -10.811970 -7.303183 10.542154 -0.754560 5.516097
8.695667 -10.934037 -10.816306 -7.308017 10.541039 -0.754922 5.516120
8.690512 -10.936813 -10.817317 -7.309821 10.540793 -0.755217 5.516134
8.690014 -10.930645 -10.816851 -7.309453 10.540948 -0.754902 5.516142
2.840467 -7.252414 -15.049745 -4.307148 8.054567 1.784997 5.516103
8.696552 -10.931062 -10.814021 -7.307605 10.541718 -0.753483 5.516142
8.699615 -10.941794 -10.812050 -7.295251 10.542511 -0.751244 5.516135
8.702677 -10.945477 -10.810915 -7.277062 10.542908 -0.750865 5.516138
8.693434 -10.930864 -10.815021 -7.242607 10.541354 -0.745293 5.516175
2.849404 -7.246040 -15.046369 -4.284208 8.060795 1.777179 5.516099
8.685350 -10.911404 -10.814978 -7.233328 10.539709 -0.730258 5.516176
8.678249 -10.883971 -10.814269 -7.247393 10.538317 -0.697240 5.516201
8.684068 -10.889061 -10.813665 -7.265723 10.538986 -0.710764 5.516179
8.672805 -10.824638 -10.814677 -7.277807 10.537226 -0.701539 5.516218
8.661765 -10.757362 -10.815575 -7.286191 10.535600 -0.711591 5.516244
8.643313 -10.636793 -10.819345 -7.293108 10.533150 -0.731581 5.516279
8.618018 -10.474368 -10.829001 -7.291978 10.529619 -0.750385 5.516335
8.589575 -10.306054 -10.841781 -7.279595 10.525749 -0.773835 5.516372
8.560971 -10.148871 -10.856579 -7.265377 10.521761 -0.832730 5.516331
8.534834 -10.036442 -10.870393 -7.249899 10.517783 -0.911805 5.516197
8.596113 -10.205915 -10.853957 -7.299382 10.525400 -0.899867 5.515815
8.568726 -10.077446 -10.867849 -7.274113 10.521306 -0.992454 5.515654
8.536244 -9.976565 -10.884462 -7.226253 10.516444 -1.120560 5.515393
2.894773 -7.128332 -14.836816 -4.077488 7.994827 1.673386 5.514704
8.485635 -9.912647 -10.917510 -7.066792 10.509487 -1.322995 5.514585
8.480984 -9.912125 -10.924513 -7.003965 10.508869 -1.381138 5.514006
8.494672 -9.911645 -10.924140 -6.989206 10.510248 -1.382371 5.513375
8.519297 -9.919224 -10.919750 -6.999043 10.513162 -1.354257 5.512724
8.556086 -9.980333 -10.911554 -7.020551 10.517938 -1.274095 5.512138
8.566611 -10.164164 -10.913780 -7.038951 10.522560 -1.172507 5.511777
8.525084 -10.741186 -10.937623 -7.023969 10.523005 -1.054009 5.511575
8.428890 -11.648704 -10.988113 -6.989665 10.516503 -0.930003 5.511462
8.312058 -12.320333 -11.048527 -6.947690 10.508299 -0.767244 5.511485
8.178860 -12.433506 -11.105815 -6.915905 10.491828 -0.564210 5.511700
2.804149 -7.395276 -15.342238 -4.507744 8.169795 1.866393 5.510459
2.733614 -7.382636 -15.287807 -4.565481 8.219613 1.904319 5.510988
2.647982 -7.379205 -15.238041 -4.658558 8.263562 1.956151 5.511882
7.595653 -11.538885 -11.314198 -7.181627 10.403688 0.438778 5.515680
7.453870 -11.293968 -11.377856 -7.221085 10.384825 0.684025 5.517551
7.315136 -11.039715 -11.441603 -7.164757 10.366958 0.915245 5.519757
7.178021 -10.777714 -11.502445 -7.040494 10.348118 1.132601 5.522306
7.043361 -10.509390 -11.568480 -6.876108 10.332521 1.335239 5.525210
2.440956 -7.221894 -14.929572 -4.638608 8.609343 2.106121 5.524553
6.821629 -10.032283 -11.708691 -6.485834 10.305434 1.693613 5.532048
6.709129 -9.792374 -11.787275 -6.249513 10.295511 1.819901 5.535990
2.539287 -7.062439 -14.782700 -4.254718 8.811358 2.102858 5.535637
6.471544 -9.303364 -11.956485 -5.733274 10.299423 2.043184 5.545019
2.628325 -6.951789 -14.678792 -3.923072 9.005070 2.086315 5.544862
2.666955 -6.870296 -14.634771 -3.733572 9.131736 2.104522 5.550043
6.121075 -8.614860 -12.187750 -4.859378 10.449530 2.402015 5.561364
6.024660 -8.414429 -12.269473 -4.544035 10.535995 2.497152 5.567455
5.946996 -8.230581 -12.358106 -4.204061 10.593737 2.581546 5.573766
5.882427 -8.057737 -12.441438 -3.858921 10.579592 2.647906 5.580332
3.084968 -6.625444 -14.446655 -2.600536 9.653019 1.980755 5.581290
5.840052 -7.770707 -12.605141 -3.116760 10.409197 2.732355 5.594628
3.389779 -6.552275 -14.445673 -2.053657 9.656576 1.863975 5.596909
5.918239 -7.575482 -12.834357 -2.295951 10.264214 2.850376 5.610832
6.009804 -7.495958 -12.969965 -1.838321 10.174685 2.904208 5.619543
6.126362 -7.426809 -13.110153 -1.349939 10.081090 2.933078 5.628610
6.265579 -7.366633 -13.259919 -0.820255 9.989612 2.905115 5.638001
6.434015 -7.312283 -13.417592 -0.265954 9.903850 2.841596 5.647690
4.921002 -6.448371 -14.842250 0.323946 9.619643 1.190431 5.653471
6.878285 -7.207989 -13.752153 0.938366 9.747864 2.605444 5.667821
7.175265 -7.159196 -13.923899 1.637585 9.681182 2.495702 5.678193
7.524271 -7.109907 -14.123272 2.395774 9.621145 2.341418 5.688744
7.915811 -7.054523 -14.334138 3.225887 9.568966 2.154438 5.699403
8.354326 -7.000330 -14.557252 4.114291 9.524188 1.936549 5.710167
8.816683 -6.950260 -14.780622 5.032733 9.486591 1.644991 5.721002
9.333143 -6.901185 -15.018283 6.038215 9.456834 1.257911 5.731834
9.822444 -6.864970 -15.224264 6.951428 9.433457 0.869838 5.742722
10.367250 -6.840241 -15.455433 7.956771 9.418355 0.402847 5.753476
10.954196 -6.916298 -15.691182 8.946737 9.410097 -0.257735 5.764206
11.546783 -6.948683 -15.941795 9.968582 9.407769 -0.851705 5.774403
11.477125 -6.587826 -16.769398 10.130510 9.879307 -3.405829 5.783238
12.803990 -7.024585 -16.440348 12.052292 9.422068 -1.997324 5.793362
13.441484 -7.068189 -16.676611 13.079375 9.434084 -2.504989 5.801937
14.082705 -7.120471 -16.912117 14.102925 9.446434 -2.964120 5.809756
14.710961 -7.184740 -17.135088 15.099186 9.453841 -3.397325 5.816723
15.314038 -7.251108 -17.332156 16.039900 9.479117 -3.775686 5.822800
15.893545 -7.329668 -17.509445 16.947262 9.533611 -4.124100 5.827862
16.443437 -7.403336 -17.664997 17.828047 9.597721 -4.423652 5.831751
16.948778 -7.494115 -17.797956 18.628285 9.661059 -4.675116 5.834495
17.412342 -7.589081 -17.917981 19.387890 9.726962 -4.862774 5.835942
17.820275 -7.699575 -18.024438 20.064207 9.791322 -4.995867 5.836124
18.179361 -7.820735 -18.123106 20.674070 9.863815 -5.083359 5.834999
18.490291 -7.956923 -18.221474 21.230975 9.932833 -5.159099 5.832507
17.497788 -9.513840 -17.858441 17.926621 12.497578 -10.700962 5.832550
18.953479 -8.279533 -18.386937 22.116323 10.073734 -5.317730 5.823587
19.104033 -8.441188 -18.421839 22.467103 10.134385 -5.429028 5.817192
19.201536 -8.607074 -18.433313 22.773734 10.209449 -5.582426 5.809600
19.243056 -8.784047 -18.427614 23.002060 10.295070 -5.726768 5.800937
17.935570 -11.035021 -17.084137 18.214291 13.772645 -12.052882 5.799021
19.166551 -9.162334 -18.360033 23.354345 10.555408 -6.182274 5.780335
19.047418 -9.349400 -18.268630 23.456718 10.689376 -6.480962 5.768576
18.876332 -9.525983 -18.128743 23.521049 10.814913 -6.791486 5.755958
18.654020 -9.704543 -17.957675 23.508390 10.978182 -7.076404 5.742716
18.383195 -9.890950 -17.761694 23.428336 11.170764 -7.330042 5.728927
18.071965 -10.078492 -17.544416 23.286477 11.360350 -7.522818 5.714722
17.273181 -12.284280 -14.696689 17.564900 15.272938 -12.756424 5.717375
17.360225 -10.475208 -17.077353 22.781597 11.500129 -7.794073 5.685757
16.973688 -10.670295 -16.825984 22.436594 11.395458 -7.849370 5.671340
16.565194 -10.855779 -16.562612 22.042533 11.222248 -7.844104 5.657235
16.140287 -11.014477 -16.298152 21.614692 11.072161 -7.763727 5.643604
15.711767 -11.070157 -16.030166 21.185937 10.999720 -7.623374 5.630484
15.270316 -10.840533 -15.734173 20.766635 11.047028 -7.419568 5.617874
14.837246 -10.451803 -15.433296 20.386122 11.194522 -7.169324 5.605252
14.416672 -10.262309 -15.178054 19.994133 11.354648 -6.901223 5.593734
14.002676 -10.215265 -14.965778 19.561916 11.518766 -6.645242 5.581167
13.608811 -10.213544 -14.757698 19.160199 11.667019 -6.416032 5.569336
13.235664 -10.212258 -14.558338 18.783615 11.804233 -6.203761 5.557818
12.899193 -10.192411 -14.360846 18.447265 11.929440 -6.011431 5.546671
12.600958 -10.165300 -14.163216 18.167424 12.041406 -5.851571 5.535878
12.387908 -10.151887 -13.987149 17.954685 12.146608 -5.740496 5.525575
12.247297 -10.164058 -13.833489 17.769451 12.233613 -5.668356 5.515785
12.111014 -10.214667 -13.686073 17.591342 12.310201 -5.675123 5.506238
11.949622 -10.296381 -13.533258 17.408782 12.373994 -5.755463 5.496843
11.781233 -10.365192 -13.379932 17.212926 12.408416 -5.886317 5.487719
11.612296 -10.415678 -13.224590 17.003171 12.419992 -6.075427 5.478901
11.458429 -10.438974 -13.076100 16.804309 12.397440 -6.289181 5.470359
11.654720 -12.004658 -7.196002 12.223700 16.023939 -8.752513 5.489510
11.156597 -10.370085 -12.798497 16.360518 12.305215 -6.710669 5.454259
11.420506 -11.808083 -6.658475 12.112684 15.821267 -8.835561 5.473412
10.828403 -10.195766 -12.570263 15.851244 12.302550 -6.952130 5.439045
11.031801 -11.593584 -6.160540 11.883410 15.739567 -8.636438 5.457495
10.425868 -10.041167 -12.365488 15.222581 12.388030 -6.857176 5.424618
10.171949 -9.988040 -12.259216 14.838121 12.414953 -6.683432 5.417821
10.265489 -11.365771 -5.490623 11.128601 15.642694 -7.819245 5.435852
9.569174 -9.879075 -12.025832 13.995620 12.426046 -6.171099 5.405452
9.220145 -9.817366 -11.892244 13.532614 12.404556 -5.875891 5.400100
9.257960 -11.026123 -4.867589 10.156894 15.297969 -6.581895 5.418649
8.209934 -9.703143 -11.523468 12.548890 12.326559 -5.398129 5.390627
7.849237 -9.713584 -11.409483 12.042217 12.118034 -5.078011 5.387699
7.472750 -9.761131 -11.297441 11.544678 11.870247 -4.806107 5.385520
7.977786 -10.715358 -4.176934 8.742286 14.233606 -4.856460 5.408140
6.679085 -9.909443 -11.052428 10.540153 11.384734 -4.446548 5.383727
6.282237 -10.002799 -10.931381 10.077183 11.230381 -4.370151 5.384014
5.639596 -10.216125 -10.748267 9.581841 11.442008 -4.337682 5.384226
5.288195 -10.297927 -10.656686 9.167971 11.411828 -4.357655 5.385914
4.936088 -10.373951 -10.573734 8.792883 11.545999 -4.396925 5.387993
4.584399 -10.457290 -10.497917 8.453418 11.807864 -4.448507 5.390286
4.239931 -10.540089 -10.419126 8.125515 12.078329 -4.499419 5.392752
3.894588 -10.626371 -10.317116 7.834794 12.344875 -4.628236 5.395261
3.548946 -10.722766 -10.197867 7.518509 12.575682 -4.754177 5.398017
6.299995 -10.447080 -3.341981 7.150032 13.809611 -2.516311 5.427788
2.888216 -10.948240 -9.925138 6.883467 12.855147 -4.968415 5.404286
2.564583 -11.085157 -9.791441 6.532336 12.902661 -5.011219 5.407956
2.253882 -11.235964 -9.673995 6.171349 12.917662 -4.993472 5.412040
1.959091 -11.398330 -9.574564 5.813730 12.913676 -4.931883 5.416519
1.677637 -11.588568 -9.493528 5.458634 12.926015 -4.848090 5.421347
1.413483 -11.787394 -9.432882 5.126342 13.024304 -4.739827 5.426411
1.155365 -11.996385 -9.393103 4.801435 13.234063 -4.613288 5.431556
0.916740 -12.209118 -9.380899 4.488661 13.545088 -4.468320 5.436671
0.697608 -12.426139 -9.388134 4.195779 13.926396 -4.295705 5.441606
0.516622 -12.638305 -9.400062 4.019557 14.311014 -4.164578 5.446033
0.359288 -12.846737 -9.408137 3.900236 14.665933 -4.074293 5.450094
0.199281 -13.065421 -9.404923 3.670624 14.948483 -4.005243 5.454255
0.044050 -13.317559 -9.399621 3.421675 15.111332 -3.958236 5.458265
-0.091924 -13.602697 -9.395026 3.170788 15.215906 -3.947369 5.462215
-0.215618 -13.896219 -9.387858 2.917716 15.296954 -3.981315 5.466083
-0.331959 -14.202641 -9.386297 2.648360 15.366181 -4.031565 5.469881
-0.436200 -14.513285 -9.391567 2.359859 15.449349 -4.094096 5.473635
-0.541417 -14.827456 -9.407139 2.052764 15.568414 -4.148841 5.477220
-0.648394 -15.131919 -9.431870 1.716089 15.678973 -4.179122 5.480648
-0.766165 -15.411093 -9.460234 1.350221 15.749193 -4.192240 5.483894
-0.880406 -15.665482 -9.493332 0.975604 15.786562 -4.222330 5.486996
5.101158 -14.325029 -3.816935 4.819776 14.389971 1.307043 5.509700
-1.129095 -16.092975 -9.583933 0.162047 15.761258 -4.167076 5.492944
-1.258182 -16.270742 -9.646021 -0.253815 15.722714 -4.086143 5.495815
-1.398145 -16.414706 -9.714579 -0.686773 15.673390 -3.968128 5.498662
-1.540321 -16.523060 -9.789112 -1.128851 15.636161 -3.839614 5.501540
-1.692679 -16.600450 -9.863692 -1.571425 15.610654 -3.693637 5.504366
-1.846495 -16.638890 -9.932059 -2.011314 15.579139 -3.536988 5.507218
-1.999636 -16.636414 -9.987465 -2.432620 15.519385 -3.383063 5.510091
-2.147420 -16.598010 -10.022186 -2.831124 15.389647 -3.240451 5.513076
-2.286096 -16.528659 -10.040443 -3.203837 15.197739 -3.107168 5.516288
4.018258 -15.063369 -4.453172 2.862506 12.499752 3.401038 5.529120
-2.536415 -16.339636 -10.021909 -3.874718 14.713185 -2.887055 5.523717
-2.628287 -16.232413 -10.000666 -4.155486 14.432381 -2.832785 5.528028
-2.689029 -16.106824 -9.981661 -4.391311 14.138210 -2.824337 5.532741
-2.685134 -15.625402 -9.854149 -4.781940 13.843928 -2.845209 5.538271
-2.711605 -15.834318 -9.905048 -4.715110 13.657168 -2.879610 5.543214
-2.437172 -15.470722 -10.086923 -4.778797 13.290705 -2.807959 5.549926
3.481098 -14.298975 -4.664319 1.827235 10.543440 3.299480 5.560203
-2.210149 -14.931531 -10.164728 -4.774352 13.111398 -2.932169 5.561767
-2.067964 -14.627983 -10.218600 -4.687835 13.168756 -2.956147 5.567533
-1.901583 -14.311186 -10.281057 -4.552150 13.284773 -2.950863 5.573087
3.350746 -13.501428 -4.732844 2.011931 10.955874 2.854860 5.580955
-1.257824 -13.489554 -10.502931 -4.097364 13.250617 -2.922812 5.584252
3.364097 -13.025437 -4.689356 2.174285 11.068016 2.449611 5.590883
-0.732094 -12.754581 -10.639587 -3.516861 13.313080 -2.910309 5.594094
-0.452181 -12.395105 -10.685254 -3.195369 13.184864 -2.949563 5.598837
-0.173215 -12.050586 -10.722583 -2.859395 13.027874 -3.012741 5.603614
3.490883 -12.182735 -4.530390 2.498947 11.070201 1.498191 5.609599
0.430711 -11.416070 -10.826399 -2.130239 12.706309 -3.121569 5.613512
0.742551 -11.135349 -10.888737 -1.748295 12.594322 -3.154151 5.618585
3.684755 -11.734458 -4.425954 2.812154 11.146895 0.759322 5.624628
1.379108 -10.622730 -11.050523 -0.917895 12.528253 -3.179649 5.628795
1.692206 -10.452106 -11.138131 -0.492922 12.528985 -3.185552 5.633780
1.996851 -10.425817 -11.225528 -0.074415 12.545325 -3.187541 5.638580
2.353676 -10.548626 -11.270653 0.251940 12.594841 -3.174174 5.647788
2.578179 -11.165519 -11.385262 0.706425 12.588452 -3.188872 5.647491
2.857617 -11.675778 -11.469165 1.061077 12.585481 -3.194458 5.651308
3.119526 -11.978004 -11.515646 1.397605 12.571092 -3.206926 5.654986
3.363319 -12.093439 -11.547442 1.706870 12.548673 -3.250507 5.658438
3.591219 -12.054138 -11.578191 1.981357 12.521623 -3.294226 5.661698
3.803579 -11.797432 -11.613910 2.224729 12.490668 -3.315686 5.664757
3.984762 -11.319688 -11.651785 2.437395 12.457547 -3.323278 5.667556
5.363733 -12.624174 -4.944122 4.079790 12.204405 -1.126359 5.670689
4.294636 -10.617187 -11.749762 2.734279 12.458160 -3.341209 5.672399
4.418211 -10.484560 -11.819869 2.828403 12.483881 -3.352356 5.674344
4.524201 -10.454933 -11.898395 2.912292 12.513445 -3.361044 5.675910
4.603742 -10.473021 -11.983107 2.991794 12.535431 -3.376927 5.677068
4.668436 -10.508276 -12.066216 3.043780 12.541508 -3.392214 5.677854
5.515707 -12.454881 -4.863242 4.290818 12.450563 -1.391309 5.678462
4.748296 -10.596791 -12.249116 3.079829 12.541002 -3.430910 5.678722
4.764949 -10.638008 -12.334628 3.062338 12.541217 -3.426368 5.678836
4.766367 -10.676294 -12.415260 3.029400 12.541443 -3.421232 5.678782
4.761464 -10.702805 -12.482495 2.992509 12.541596 -3.416900 5.678566
5.628293 -12.675050 -4.946073 4.256428 12.429343 -1.265123 5.678009
4.726753 -10.703738 -12.579197 2.886488 12.542174 -3.420988 5.677782
5.622597 -12.676429 -4.948314 4.236855 12.405898 -1.206733 5.676939
4.673137 -10.687474 -12.622290 2.802559 12.542284 -3.415794 5.676620
5.598829 -12.651201 -4.941790 4.217266 12.396005 -1.175780 5.675657
4.636375 -10.655308 -12.625241 2.768244 12.540590 -3.413712 5.675327
4.625912 -10.633334 -12.622109 2.754637 12.539627 -3.412712 5.674718
5.559671 -12.586345 -4.906952 4.203212 12.387669 -1.161305 5.673829
4.626216 -10.576183 -12.625215 2.732272 12.537844 -3.411561 5.673683
4.639842 -10.547633 -12.640026 2.726487 12.536822 -3.412334 5.673263
4.658206 -10.514044 -12.658988 2.724201 12.535674 -3.413702 5.672854
4.679732 -10.481247 -12.679927 2.725965 12.534405 -3.416873 5.672440
4.707901 -10.437305 -12.712836 2.726905 12.533211 -3.420472 5.672048
5.530239 -12.506644 -4.856712 4.209135 12.397773 -1.186322 5.671043
4.746669 -10.381090 -12.751561 2.736917 12.530106 -3.427070 5.671045
4.755627 -10.361692 -12.763926 2.747594 12.528269 -3.428912 5.670500
5.523903 -12.488735 -4.841166 4.215417 12.404024 -1.197171 5.669348
4.752873 -10.338377 -12.768973 2.763514 12.524899 -3.427001 5.669373
4.746017 -10.336018 -12.764709 2.768486 12.523448 -3.425223 5.668828
4.735169 -10.344832 -12.758405 2.769052 12.522293 -3.423970 5.668322
5.534542 -12.523086 -4.851636 4.208311 12.397780 -1.184777 5.667258
4.711192 -10.429733 -12.745516 2.768341 12.520589 -3.422918 5.667509
4.701200 -10.518304 -12.742204 2.764891 12.520225 -3.425056 5.667227
4.694211 -10.640626 -12.744331 2.759954 12.520146 -3.427760 5.667035
4.690453 -10.793741 -12.749415 2.756285 12.520183 -3.429611 5.666910
4.689018 -10.974092 -12.753880 2.754631 12.520323 -3.431178 5.666828
4.688588 -11.177008 -12.754934 2.754586 12.520581 -3.432200 5.666770
4.687897 -11.360655 -12.754130 2.754235 12.520941 -3.432411 5.666734
4.687033 -11.520066 -12.753017 2.755068 12.521233 -3.432804 5.666729
4.686483 -11.633794 -12.752118 2.756042 12.521546 -3.432724 5.666757
4.685402 -11.702701 -12.751877 2.756964 12.521800 -3.433233 5.666813
4.683838 -11.732246 -12.752084 2.756879 12.522081 -3.433870 5.666886
4.682670 -11.738708 -12.752155 2.755230 12.522409 -3.434076 5.666967
4.681437 -11.696311 -12.752309 2.750503 12.522778 -3.434626 5.667053
4.679595 -11.624326 -12.753401 2.747908 12.522994 -3.435195 5.667147
4.676998 -11.559520 -12.755369 2.748224 12.523027 -3.435685 5.667237
4.673899 -11.479320 -12.757949 2.749749 12.522951 -3.436551 5.667325
4.670802 -11.379396 -12.761052 2.752506 12.522769 -3.437615 5.667406
5.929708 -13.410542 -5.229589 4.154255 12.353927 -1.090315 5.666783
4.666149 -11.260376 -12.760047 2.758775 12.522400 -3.438141 5.667453
4.664032 -11.233053 -12.757465 2.760633 12.522342 -3.437631 5.667445
4.661663 -11.234756 -12.757405 2.759393 12.522471 -3.438370 5.667443
4.660602 -11.228978 -12.757508 2.757638 12.522543 -3.438945 5.667448
4.661680 -11.226346 -12.758613 2.756589 12.522585 -3.439403 5.667460
4.665424 -11.235092 -12.761993 2.754245 12.522708 -3.440295 5.667485
4.668689 -11.233135 -12.763112 2.750156 12.522882 -3.441173 5.667493
4.670277 -11.227021 -12.762080 2.749008 12.522989 -3.441372 5.667487
4.670446 -11.233281 -12.761734 2.747689 12.523053 -3.440353 5.667481
4.670270 -11.232280 -12.762392 2.749155 12.522939 -3.440191 5.667489
4.670024 -11.226251 -12.763120 2.752736 12.522696 -3.439454 5.667501
4.669227 -11.230496 -12.763500 2.754614 12.522594 -3.439507 5.667504
4.669020 -11.232695 -12.763505 2.754771 12.522592 -3.439730 5.667502
4.669242 -11.229600 -12.763293 2.754783 12.522588 -3.439618 5.667502
4.669072 -11.229527 -12.763489 2.754500 12.522601 -3.439526 5.667503
4.669150 -11.229473 -12.763905 2.753792 12.522637 -3.439639 5.667505
5.898959 -13.340942 -5.200296 4.158250 12.356435 -1.098065 5.666829
4.669309 -11.228606 -12.763874 2.752835 12.522699 -3.439652 5.667504
4.669224 -11.228092 -12.764053 2.753307 12.522636 -3.439730 5.667506
4.669212 -11.230107 -12.764136 2.753391 12.522652 -3.439750 5.667505
4.669255 -11.231683 -12.764143 2.753327 12.522613 -3.439671 5.667505
4.669348 -11.227144 -12.763796 2.753389 12.522596 -3.439622 5.667504
5.898818 -13.341474 -5.200356 4.158388 12.356449 -1.098216 5.666829
4.669368 -11.231373 -12.764008 2.753021 12.522657 -3.439816 5.667504
4.669248 -11.228907 -12.763974 2.753130 12.522629 -3.439724 5.667505
5.899414 -13.342151 -5.200707 4.158159 12.356495 -1.097976 5.666828
4.669015 -11.229349 -12.763841 2.753778 12.522587 -3.439688 5.667505
4.669095 -11.229398 -12.764026 2.753529 12.522632 -3.439590 5.667506
4.669039 -11.229012 -12.764062 2.753428 12.522644 -3.439652 5.667506
4.669312 -11.230253 -12.764083 2.753171 12.522656 -3.439830 5.667505
4.669558 -11.229215 -12.763778 2.753168 12.522653 -3.439608 5.667504
4.669392 -11.229335 -12.763942 2.752931 12.522671 -3.439758 5.667504
4.669140 -11.232629 -12.764086 2.753068 12.522654 -3.439755 5.667505
4.669305 -11.230855 -12.764114 2.753166 12.522684 -3.439793 5.667505
4.669055 -11.226452 -12.763768 2.753444 12.522618 -3.439613 5.667504
4.668860 -11.230623 -12.763933 2.753612 12.522623 -3.439741 5.667504
4.669242 -11.230501 -12.764141 2.753218 12.522665 -3.439727 5.667505
4.669204 -11.229462 -12.764048 2.753254 12.522658 -3.439648 5.667505
5.898888 -13.341058 -5.200237 4.158190 12.356519 -1.098022 5.666828
4.669309 -11.230015 -12.764123 2.753153 12.522685 -3.439656 5.667504
4.669424 -11.229145 -12.764132 2.753247 12.522680 -3.439577 5.667504
4.669199 -11.229664 -12.764177 2.753319 12.522659 -3.439707 5.667503
5.899350 -13.342089 -5.200693 4.158148 12.356485 -1.097939 5.666826
5.900055 -13.343669 -5.201365 4.158053 12.356411 -1.097780 5.666826
5.898734 -13.340619 -5.200053 4.158268 12.356520 -1.098182 5.666826
4.669067 -11.229563 -12.764069 2.753440 12.522646 -3.439695 5.667502
4.669219 -11.231058 -12.764127 2.753222 12.522657 -3.439862 5.667501
4.669283 -11.228791 -12.764007 2.753301 12.522643 -3.439724 5.667502
4.669094 -11.231284 -12.764153 2.753194 12.522667 -3.439827 5.667502
5.900072 -13.343631 -5.201323 4.158094 12.356379 -1.097887 5.666825
4.669400 -11.227369 -12.763722 2.753426 12.522643 -3.439550 5.667500
4.669111 -11.233182 -12.764068 2.753329 12.522676 -3.439848 5.667499
4.669181 -11.231991 -12.764123 2.753189 12.522674 -3.439831 5.667500
4.669279 -11.226846 -12.763507 2.753503 12.522635 -3.439482 5.667499
4.668948 -11.232669 -12.764052 2.753405 12.522650 -3.439734 5.667499
4.669126 -11.232627 -12.764115 2.753211 12.522661 -3.439870 5.667499
4.669227 -11.225337 -12.763625 2.753420 12.522627 -3.439662 5.667499
4.668861 -11.231122 -12.764011 2.753524 12.522656 -3.439686 5.667499
4.669060 -11.232965 -12.764111 2.753106 12.522660 -3.439915 5.667499
4.669299 -11.228935 -12.763848 2.753331 12.522642 -3.439713 5.667500
4.669272 -11.227235 -12.763407 2.753555 12.522652 -3.439404 5.667498
5.901368 -13.346528 -5.202498 4.157954 12.356267 -1.097647 5.666823
4.669316 -11.202897 -12.831669 2.608855 12.546899 -3.489510 5.667518
4.669138 -11.228649 -12.763865 2.753334 12.522662 -3.439595 5.667501
4.669238 -11.232843 -12.764080 2.753158 12.522667 -3.439809 5.667499
4.669363 -11.229819 -12.763898 2.753211 12.522666 -3.439755 5.667501
5.898597 -13.340411 -5.199980 4.158255 12.356510 -1.098153 5.666825
4.669057 -11.231105 -12.764139 2.753148 12.522639 -3.439820 5.667501
4.669283 -11.229036 -12.763988 2.753365 12.522599 -3.439764 5.667501
4.668971 -11.230661 -12.764140 2.753125 12.522646 -3.439875 5.667501
4.669100 -11.230333 -12.764062 2.753389 12.522636 -3.439728 5.667502
4.669223 -11.228002 -12.764012 2.753362 12.522634 -3.439806 5.667502
4.669017 -11.230633 -12.764170 2.753236 12.522642 -3.439769 5.667502
4.669135 -11.233516 -12.764091 2.753250 12.522646 -3.439783 5.667500
4.669302 -11.228288 -12.763956 2.753336 12.522623 -3.439624 5.667501
4.669148 -11.227843 -12.763770 2.753580 12.522630 -3.439494 5.667501
4.669056 -11.233698 -12.764073 2.753159 12.522658 -3.439744 5.667499
5.899873 -13.343319 -5.201182 4.158090 12.356389 -1.097870 5.666825
4.669015 -11.229584 -12.764144 2.753302 12.522657 -3.439711 5.667503
4.669039 -11.230212 -12.764146 2.753356 12.522629 -3.439622 5.667502
4.669095 -11.232432 -12.764140 2.753166 12.522646 -3.439685 5.667501
4.668994 -11.229434 -12.764178 2.753137 12.522638 -3.439839 5.667503
5.898336 -13.340000 -5.199804 4.158247 12.356585 -1.098050 5.666825
4.668977 -11.230114 -12.764125 2.753358 12.522621 -3.439674 5.667502
4.669178 -11.229610 -12.764156 2.753186 12.522638 -3.439649 5.667503
4.669122 -11.229581 -12.764161 2.753389 12.522623 -3.439601 5.667503
4.669216 -11.230278 -12.764194 2.753300 12.522658 -3.439646 5.667502
4.669045 -11.229306 -12.763941 2.753198 12.522623 -3.439529 5.667501
5.899416 -13.342278 -5.200757 4.158160 12.356496 -1.097932 5.666826
4.669027 -11.231028 -12.764149 2.753362 12.522666 -3.439660 5.667502
4.669294 -11.230226 -12.764079 2.753492 12.522591 -3.439697 5.667502
4.669077 -11.229959 -12.764085 2.753379 12.522629 -3.439685 5.667502
5.899011 -13.341385 -5.200348 4.158233 12.356476 -1.098065 5.666826
4.669101 -11.230332 -12.764172 2.753368 12.522605 -3.439730 5.667503
4.669203 -11.231711 -12.764100 2.752984 12.522642 -3.439813 5.667500
4.669087 -11.231655 -12.764129 2.753100 12.522636 -3.439810 5.667500
4.669246 -11.227117 -12.763712 2.753401 12.522640 -3.439563 5.667500
4.668888 -11.228727 -12.763943 2.753507 12.522625 -3.439727 5.667501
5.899013 -13.341448 -5.200403 4.158201 12.356489 -1.098003 5.666825
4.669199 -11.230063 -12.764164 2.753464 12.522606 -3.439760 5.667501
4.669156 -11.230405 -12.763990 2.753352 12.522659 -3.439561 5.667501
4.669023 -11.230448 -12.764055 2.753486 12.522641 -3.439703 5.667502
4.669079 -11.227793 -12.763607 2.753557 12.522618 -3.439477 5.667500
4.669066 -11.230515 -12.764173 2.753180 12.522597 -3.439762 5.667503
4.669119 -11.230253 -12.764178 2.753265 12.522616 -3.439662 5.667503
4.669133 -11.230039 -12.764128 2.753292 12.522645 -3.439837 5.667503
4.669158 -11.228823 -12.763906 2.753384 12.522608 -3.439669 5.667503
5.898698 -13.340678 -5.200062 4.158233 12.356488 -1.098088 5.666826
4.669263 -11.233449 -12.764071 2.753126 12.522662 -3.439913 5.667502
4.669139 -11.231014 -12.764170 2.753281 12.522648 -3.439816 5.667504
4.669248 -11.229292 -12.764100 2.753252 12.522627 -3.439653 5.667504
4.669319 -11.229167 -12.763950 2.753205 12.522597 -3.439792 5.667503
4.669032 -11.228209 -12.764032 2.753421 12.522645 -3.439664 5.667504
4.669202 -11.230081 -12.764176 2.753289 12.522640 -3.439764 5.667504
5.899394 -13.342146 -5.200662 4.158178 12.356416 -1.098022 5.666827
4.668973 -11.229424 -12.764122 2.753305 12.522607 -3.439808 5.667504
4.669074 -11.226538 -12.763839 2.753504 12.522582 -3.439645 5.667503
4.669191 -11.229441 -12.763845 2.753339 12.522625 -3.439702 5.667503
4.669029 -11.233592 -12.764064 2.753222 12.522642 -3.439897 5.667501
4.669347 -11.227504 -12.763835 2.753137 12.522672 -3.439722 5.667503
4.669225 -11.230722 -12.763958 2.753553 12.522618 -3.439696 5.667503
4.669077 -11.232698 -12.764103 2.753129 12.522634 -3.439915 5.667503
4.669316 -11.227283 -12.763628 2.753379 12.522649 -3.439464 5.667502
4.669104 -11.231789 -12.764109 2.753367 12.522677 -3.439710 5.667503
4.669131 -11.228468 -12.764154 2.753272 12.522655 -3.439777 5.667504
4.669121 -11.228899 -12.763958 2.753446 12.522633 -3.439649 5.667503
5.900642 -13.344984 -5.201911 4.158009 12.356397 -1.097657 5.666825
4.669274 -11.227356 -12.763898 2.753291 12.522643 -3.439572 5.667502
4.669037 -11.227291 -12.764137 2.753335 12.522628 -3.439619 5.667502
4.669053 -11.230420 -12.764129 2.753421 12.522623 -3.439693 5.667501
4.669271 -11.230310 -12.764122 2.753165 12.522651 -3.439941 5.667499
4.669339 -11.225487 -12.763600 2.753560 12.522578 -3.439424 5.667498
5.900319 -13.344312 -5.201641 4.158046 12.356425 -1.097711 5.666821
4.669377 -11.223832 -12.763741 2.753240 12.522634 -3.439584 5.667497
4.669203 -11.230372 -12.763093 2.753657 12.522629 -3.439460 5.667495
4.669038 -11.233368 -12.763968 2.753146 12.522627 -3.439846 5.667494
4.669483 -11.226126 -12.763832 2.753348 12.522627 -3.439686 5.667498
4.668993 -11.230562 -12.764135 2.753309 12.522610 -3.439794 5.667498
4.669259 -11.231448 -12.764077 2.753387 12.522636 -3.439766 5.667494
4.669378 -11.226328 -12.764044 2.753452 12.522589 -3.439576 5.667496
4.669336 -11.229725 -12.764147 2.753263 12.522592 -3.439852 5.667494
4.669191 -11.229871 -12.764139 2.753139 12.522621 -3.439640 5.667492
5.897541 -13.338319 -5.198992 4.158351 12.356604 -1.098278 5.666817
4.669179 -11.231431 -12.764102 2.753182 12.522623 -3.439614 5.667488
4.669279 -11.230304 -12.764095 2.752935 12.522624 -3.439671 5.667486
4.669354 -11.222615 -12.763740 2.753623 12.522590 -3.439467 5.667487
4.669079 -11.227698 -12.764032 2.753819 12.522572 -3.439428 5.667486
4.669227 -11.232062 -12.764038 2.753053 12.522599 -3.439697 5.667480
4.669734 -11.225482 -12.764048 2.753255 12.522566 -3.439205 5.667483
4.669072 -11.229588 -12.764085 2.753454 12.522517 -3.439518 5.667478
4.669129 -11.228725 -12.764218 2.753333 12.522583 -3.439503 5.667479
4.669263 -11.227662 -12.764267 2.753337 12.522531 -3.439410 5.667478
4.669213 -11.228553 -12.764218 2.753250 12.522539 -3.439420 5.667475
4.669181 -11.229706 -12.764166 2.753092 12.522541 -3.439503 5.667471
4.669418 -11.226688 -12.764364 2.753462 12.522556 -3.439297 5.667474
4.669224 -11.230503 -12.764195 2.753463 12.522554 -3.439487 5.667468
4.669200 -11.229551 -12.764225 2.753333 12.522496 -3.439506 5.667467
5.897078 -13.337996 -5.198795 4.158350 12.356639 -1.098158 5.666791
4.669101 -11.230207 -12.764207 2.753316 12.522551 -3.439420 5.667462
4.669251 -11.228365 -12.764295 2.753277 12.522528 -3.439364 5.667461
4.669373 -11.225674 -12.764425 2.753255 12.522498 -3.439355 5.667462
4.668941 -11.228341 -12.764223 2.753560 12.522490 -3.439401 5.667459
4.668970 -11.230425 -12.764233 2.753279 12.522562 -3.439523 5.667456
5.897560 -13.339313 -5.199343 4.158294 12.356531 -1.098098 5.666782
4.669199 -11.230601 -12.764268 2.753206 12.522514 -3.439614 5.667453
4.669050 -11.226712 -12.764328 2.753447 12.522487 -3.439516 5.667455
4.669099 -11.226069 -12.764379 2.753391 12.522510 -3.439439 5.667454
4.668995 -11.233307 -12.764290 2.753042 12.522550 -3.439547 5.667450
5.899557 -13.343985 -5.201293 4.158008 12.356329 -1.097589 5.666774
4.669276 -11.224638 -12.764126 2.753305 12.522515 -3.439311 5.667451
4.668907 -11.229154 -12.766883 2.902474 12.566838 -3.473741 5.667440
4.669108 -11.228297 -12.764438 2.753190 12.522536 -3.439499 5.667450
4.669255 -11.228054 -12.764452 2.753326 12.522529 -3.439434 5.667450
5.899660 -13.344131 -5.201312 4.158059 12.356300 -1.097715 5.666770
4.669137 -11.227067 -12.764326 2.753285 12.522485 -3.439580 5.667448
4.669058 -11.230525 -12.764376 2.753409 12.522497 -3.439484 5.667447
4.669061 -11.232803 -12.764325 2.753174 12.522536 -3.439617 5.667444
4.669162 -11.226092 -12.763878 2.753205 12.522473 -3.439496 5.667445
4.668898 -11.228797 -12.764196 2.753446 12.522491 -3.439548 5.667446
4.669078 -11.232059 -12.764390 2.753188 12.522502 -3.439642 5.667446
5.899073 -13.342811 -5.200765 4.158134 12.356283 -1.097920 5.666770
4.669145 -11.227719 -12.763734 2.753435 12.522486 -3.439370 5.667445
4.668840 -11.230342 -12.764292 2.753310 12.522518 -3.439800 5.667448
4.669277 -11.226395 -12.763249 2.753387 12.522513 -3.439291 5.667444
4.669010 -11.237671 -12.764247 2.753097 12.522527 -3.439882 5.667447
4.669201 -11.228420 -12.764339 2.753034 12.522525 -3.439759 5.667447
4.669406 -11.225626 -12.763282 2.753666 12.522495 -3.439390 5.667444
4.668916 -11.234061 -12.764284 2.753251 12.522515 -3.439820 5.667447
4.669354 -11.228619 -12.764172 2.753212 12.522489 -3.439536 5.667448
4.669064 -11.228150 -12.763962 2.753384 12.522497 -3.439585 5.667448
4.669022 -11.232004 -12.764322 2.753079 12.522524 -3.439815 5.667447
5.897956 -13.340309 -5.199694 4.158244 12.356415 -1.098076 5.666772
4.669176 -11.229038 -12.764126 2.753420 12.522489 -3.439651 5.667449
4.669130 -11.233103 -12.764302 2.753167 12.522514 -3.439787 5.667447
4.669196 -11.228192 -12.764220 2.753172 12.522489 -3.439721 5.667449
4.669242 -11.228150 -12.763866 2.753495 12.522493 -3.439631 5.667448
4.669071 -11.234225 -12.764289 2.753264 12.522498 -3.439647 5.667447
5.897904 -13.340044 -5.199580 4.158303 12.356385 -1.098245 5.666772
4.669389 -11.226193 -12.763559 2.753642 12.522476 -3.439273 5.667446
4.668881 -11.233938 -12.764208 2.753421 12.522513 -3.439756 5.667446
5.898551 -13.341562 -5.200188 4.158227 12.356401 -1.098034 5.666772
4.669170 -11.228434 -12.764253 2.753344 12.522500 -3.439509 5.667449
5.899223 -13.343021 -5.200820 4.158153 12.356384 -1.097909 5.666771
4.669139 -11.229288 -12.764366 2.753290 12.522489 -3.439692 5.667448
4.669260 -11.229639 -12.764073 2.753362 12.522485 -3.439589 5.667447
4.668943 -11.230815 -12.764320 2.753336 12.522493 -3.439761 5.667447
5.898559 -13.341539 -5.200218 4.158243 12.356357 -1.098101 5.666771
5.559879 -10.412091 -11.893577 2.654012 12.464110 -3.604891 5.667429
4.669028 -11.232434 -12.764353 2.753379 12.522505 -3.439647 5.667447
4.669289 -11.231061 -12.764361 2.753278 12.522501 -3.439866 5.667447
4.669200 -11.227972 -12.764098 2.753331 12.522486 -3.439717 5.667447
4.668976 -11.229467 -12.764313 2.753393 12.522478 -3.439691 5.667447
4.669179 -11.230095 -12.764407 2.753354 12.522511 -3.439705 5.667448
4.669308 -11.230971 -12.764327 2.753120 12.522492 -3.439718 5.667446
4.669018 -11.229566 -12.764363 2.753331 12.522484 -3.439732 5.667447
5.898596 -13.341745 -5.200283 4.158173 12.356389 -1.097935 5.666770
4.669194 -11.231463 -12.764314 2.753005 12.522518 -3.439834 5.667446
4.669125 -11.230042 -12.764053 2.753250 12.522500 -3.439540 5.667446
4.669164 -11.230003 -12.764401 2.753285 12.522505 -3.439710 5.667448
4.669134 -11.230093 -12.764384 2.753180 12.522506 -3.439743 5.667447
4.669262 -11.230048 -12.764144 2.753306 12.522493 -3.439712 5.667446
4.669135 -11.231988 -12.764361 2.753270 12.522494 -3.439773 5.667446
4.669113 -11.231371 -12.764386 2.753271 12.522496 -3.439706 5.667447
4.669158 -11.229554 -12.764270 2.753424 12.522480 -3.439685 5.667447
4.669101 -11.230468 -12.764409 2.753321 12.522489 -3.439677 5.667447
4.669100 -11.230485 -12.764410 2.753319 12.522489 -3.439672 5.667447
4.669099 -11.230502 -12.764412 2.753317 12.522489 -3.439666 5.667447
5.899056 -13.342754 -5.200687 4.158152 12.356343 -1.097900 5.666770
5.899059 -13.342769 -5.200693 4.158150 12.356342 -1.097894 5.666770
4.669097 -11.230547 -12.764416 2.753304 12.522490 -3.439651 5.667447
4.669096 -11.230560 -12.764418 2.753298 12.522490 -3.439646 5.667447
4.669096 -11.230573 -12.764420 2.753290 12.522491 -3.439640 5.667447
4.669095 -11.230585 -12.764421 2.753282 12.522492 -3.439635 5.667447
4.669095 -11.230597 -12.764423 2.753273 12.522493 -3.439630 5.667447
4.669095 -11.230608 -12.764423 2.753263 12.522494 -3.439625 5.667447
4.669095 -11.230618 -12.764424 2.753252 12.522496 -3.439620 5.667447
4.669096 -11.230628 -12.764423 2.753239 12.522498 -3.439615 5.667447
4.669096 -11.230637 -12.764422 2.753226 12.522499 -3.439610 5.667447
4.669097 -11.230647 -12.764420 2.753212 12.522502 -3.439604 5.667447
4.669099 -11.230655 -12.764416 2.753197 12.522504 -3.439598 5.667447
4.669101 -11.230664 -12.764412 2.753180 12.522506 -3.439592 5.667447
4.669103 -11.230672 -12.764406 2.753163 12.522509 -3.439586 5.667447
5.906786 -13.342407 -5.196150 4.161020 12.340675 -1.118779 5.666770
4.669109 -11.230686 -12.764391 2.753123 12.522516 -3.439574 5.667447
5.899071 -13.342914 -5.200805 4.158099 12.356319 -1.097789 5.666770
4.669116 -11.230700 -12.764370 2.753082 12.522522 -3.439560 5.667447
4.669120 -11.230706 -12.764358 2.753059 12.522526 -3.439552 5.667447
4.669124 -11.230712 -12.764345 2.753035 12.522531 -3.439545 5.667447
4.669129 -11.230718 -12.764331 2.753010 12.522535 -3.439538 5.667447
4.669083 -11.230066 -12.764453 2.753262 12.522500 -3.439684 5.667448
