12.718199 -8.287113 -10.592329 2.390117 11.474584 -0.712968 4.421096
12.718227 -8.286427 -10.592334 2.390095 11.474588 -0.712986 4.421096
12.718253 -8.285772 -10.592339 2.390074 11.474591 -0.713003 4.421096
12.718278 -8.285147 -10.592343 2.390055 11.474595 -0.713019 4.421097
12.718302 -8.284552 -10.592347 2.390036 11.474598 -0.713035 4.421097
12.718325 -8.283987 -10.592350 2.390018 11.474601 -0.713050 4.421097
12.718347 -8.283452 -10.592353 2.390000 11.474603 -0.713064 4.421097
12.718367 -8.282947 -10.592356 2.389984 11.474606 -0.713078 4.421097
7.373972 -12.044666 -3.691165 4.969120 10.424252 -0.986896 4.420450
12.718405 -8.282028 -10.592360 2.389954 11.474610 -0.713102 4.421097
12.718421 -8.281615 -10.592361 2.389941 11.474612 -0.713113 4.421097
12.718437 -8.281231 -10.592362 2.389928 11.474614 -0.713123 4.421097
12.718450 -8.280878 -10.592362 2.389917 11.474616 -0.713133 4.421097
12.718461 -8.280556 -10.592361 2.389908 11.474617 -0.713142 4.421097
12.718466 -8.280265 -10.592358 2.389902 11.474617 -0.713149 4.421097
12.718462 -8.268322 -10.633056 2.342521 11.497309 -0.747477 4.419532
12.718454 -8.279780 -10.592341 2.389903 11.474615 -0.713162 4.421097
12.718445 -8.279584 -10.592332 2.389906 11.474613 -0.713167 4.421097
12.718436 -8.279417 -10.592322 2.389908 11.474612 -0.713171 4.421097
12.718429 -8.279281 -10.592314 2.389911 11.474611 -0.713175 4.421097
12.718422 -8.279175 -10.592307 2.389914 11.474609 -0.713177 4.421097
12.718417 -8.279098 -10.592300 2.389916 11.474608 -0.713179 4.421097
12.718412 -8.279052 -10.592295 2.389918 11.474607 -0.713180 4.421097
12.718409 -8.279035 -10.592290 2.389919 11.474606 -0.713180 4.421097
7.372308 -12.040444 -3.689286 4.969357 10.424267 -0.987439 4.420450
12.718016 -8.275132 -10.591811 2.390287 11.474515 -0.712978 4.421099
12.718287 -8.281730 -10.592210 2.389806 11.474592 -0.713086 4.421097
12.717703 -8.289788 -10.592410 2.390187 11.474550 -0.713285 4.421100
7.370451 -12.035872 -3.687296 4.969604 10.424349 -0.987900 4.420450
12.718211 -8.277792 -10.592109 2.389833 11.474584 -0.713061 4.421098
12.717985 -8.287152 -10.592374 2.390151 11.474561 -0.713327 4.421099
12.717804 -8.289707 -10.592373 2.390374 11.474549 -0.713341 4.421100
12.717550 -8.270309 -10.591280 2.390512 11.474415 -0.713031 4.421103
12.718278 -8.280441 -10.592191 2.389941 11.474585 -0.713169 4.421098
12.717805 -8.288761 -10.592390 2.390394 11.474553 -0.713343 4.421100
12.717618 -8.270245 -10.591374 2.390710 11.474418 -0.712909 4.421102
7.373159 -12.042702 -3.690323 4.969188 10.424265 -0.987062 4.420450
7.376680 -12.051290 -3.694072 4.968803 10.424216 -0.986239 4.420450
12.718134 -8.277876 -10.591938 2.390285 11.474536 -0.713082 4.421099
7.371176 -12.037855 -3.688130 4.969426 10.424321 -0.987523 4.420450
12.717672 -8.293509 -10.592376 2.390329 11.474558 -0.713247 4.421101
12.718192 -8.278149 -10.592017 2.390370 11.474531 -0.712977 4.421099
12.717685 -8.274704 -10.591371 2.390379 11.474461 -0.712941 4.421102
12.717840 -8.290834 -10.592366 2.390113 11.474582 -0.713230 4.421101
12.718204 -8.279615 -10.592019 2.390386 11.474536 -0.712977 4.421100
7.370529 -12.036076 -3.687376 4.969543 10.424303 -0.987810 4.420451
12.718126 -8.286311 -10.592322 2.389945 11.474606 -0.713236 4.421100
12.718194 -8.280830 -10.592250 2.390451 11.474547 -0.713054 4.421100
7.371716 -12.039010 -3.688736 4.969385 10.424281 -0.987478 4.420451
12.718357 -8.282175 -10.592333 2.390029 11.474601 -0.713025 4.421099
7.375018 -12.047134 -3.692188 4.968983 10.424228 -0.986671 4.420451
12.718021 -8.274960 -10.591812 2.390066 11.474518 -0.712970 4.421101
12.718195 -8.283467 -10.592365 2.390097 11.474588 -0.713117 4.421100
12.718207 -8.283498 -10.592353 2.390165 11.474581 -0.713096 4.421100
7.371226 -12.037791 -3.688156 4.969482 10.424294 -0.987646 4.420451
12.718408 -8.279847 -10.592280 2.389823 11.474605 -0.713124 4.421098
12.718105 -8.284365 -10.592346 2.390244 11.474578 -0.713216 4.421100
12.718342 -8.280013 -10.592161 2.389977 11.474590 -0.713245 4.421099
7.371529 -12.038493 -3.688455 4.969442 10.424293 -0.987587 4.420451
12.718235 -8.283872 -10.592368 2.390026 11.474608 -0.713069 4.421099
12.718316 -8.278232 -10.592194 2.390009 11.474593 -0.713094 4.421099
12.718251 -8.277940 -10.592101 2.390028 11.474575 -0.713050 4.421099
12.718022 -8.285571 -10.592390 2.390034 11.474585 -0.713147 4.421100
7.371163 -12.037508 -3.687997 4.969530 10.424300 -0.987790 4.420451
12.718375 -8.278655 -10.592221 2.389890 11.474591 -0.713079 4.421098
12.718112 -8.285104 -10.592373 2.390104 11.474603 -0.713202 4.421099
7.371191 -12.037658 -3.688068 4.969497 10.424322 -0.987698 4.420450
12.718232 -8.277700 -10.592073 2.389973 11.474579 -0.713081 4.421098
12.717879 -8.288726 -10.592384 2.390052 11.474587 -0.713326 4.421100
12.718392 -8.278183 -10.592266 2.389858 11.474590 -0.713121 4.421098
12.718043 -8.275347 -10.591834 2.390134 11.474531 -0.712941 4.421100
12.717787 -8.289835 -10.592390 2.390184 11.474575 -0.713344 4.421100
12.718329 -8.279836 -10.592339 2.390092 11.474588 -0.713168 4.421098
7.368576 -12.031321 -3.685357 4.969786 10.424365 -0.988282 4.420450
12.718071 -8.285489 -10.592360 2.389779 11.474610 -0.713042 4.421099
12.718119 -8.283485 -10.592275 2.390364 11.474551 -0.713217 4.421099
7.374686 -12.046346 -3.691842 4.969050 10.424208 -0.986818 4.420450
12.718283 -8.281913 -10.592350 2.389854 11.474611 -0.713243 4.421098
12.718231 -8.276329 -10.592091 2.390063 11.474565 -0.713120 4.421099
12.718370 -8.281165 -10.592372 2.389837 11.474612 -0.713243 4.421098
7.374101 -12.044931 -3.691267 4.969123 10.424222 -0.986951 4.420450
12.718265 -8.278204 -10.592111 2.390125 11.474582 -0.713079 4.421099
12.717626 -8.270322 -10.591379 2.390541 11.474443 -0.712924 4.421102
12.717802 -8.290424 -10.592378 2.390085 11.474587 -0.713274 4.421100
12.718372 -8.269347 -10.633007 2.342751 11.497300 -0.747485 4.419532
12.717564 -8.270745 -10.591241 2.390598 11.474415 -0.713019 4.421103
12.717697 -8.293085 -10.592366 2.389949 11.474594 -0.713358 4.421101
12.718136 -8.283922 -10.592320 2.390312 11.474574 -0.713327 4.421100
12.717593 -8.271425 -10.591326 2.390413 11.474444 -0.712881 4.421103
12.718124 -8.285177 -10.592335 2.389782 11.474616 -0.713152 4.421099
7.375929 -12.049372 -3.693144 4.968912 10.424215 -0.986511 4.420451
12.717812 -8.274850 -10.591560 2.390262 11.474488 -0.712956 4.421102
12.718301 -8.281563 -10.592232 2.389791 11.474623 -0.713236 4.421099
7.375421 -12.048197 -3.692754 4.968927 10.424260 -0.986522 4.420451
7.372122 -12.040037 -3.689172 4.969362 10.424275 -0.987428 4.420451
12.718263 -8.278475 -10.592176 2.389780 11.474596 -0.713055 4.421100
7.374029 -12.044771 -3.691212 4.969112 10.424309 -0.986878 4.420451
7.374741 -12.046561 -3.692013 4.968998 10.424206 -0.986690 4.420451
12.718184 -8.277887 -10.591989 2.390039 11.474554 -0.713002 4.421100
12.718400 -8.280615 -10.592263 2.390082 11.474601 -0.713109 4.421099
7.375021 -12.047305 -3.692317 4.968924 10.424202 -0.986575 4.420451
12.718095 -8.275355 -10.591935 2.390318 11.474534 -0.712967 4.421101
12.718303 -8.279357 -10.592174 2.390259 11.474578 -0.713076 4.421100
12.718163 -8.283943 -10.592383 2.389914 11.474604 -0.713193 4.421100
7.370491 -12.035899 -3.687332 4.969618 10.424327 -0.987928 4.420452
12.718271 -8.283556 -10.592326 2.389886 11.474616 -0.713138 4.421099
12.718308 -8.282970 -10.592366 2.389940 11.474624 -0.713162 4.421099
12.718147 -8.278044 -10.591961 2.390107 11.474553 -0.713065 4.421101
7.374093 -12.045047 -3.691374 4.969035 10.424252 -0.986767 4.420452
12.718315 -8.280002 -10.592265 2.390183 11.474583 -0.712949 4.421100
12.718368 -8.279734 -10.592318 2.390002 11.474600 -0.713175 4.421099
12.718290 -8.281397 -10.592385 2.389968 11.474600 -0.713130 4.421099
12.718166 -8.276886 -10.592013 2.390371 11.474541 -0.713029 4.421100
7.374357 -12.045519 -3.691492 4.969089 10.424207 -0.986895 4.420451
12.718399 -8.280973 -10.592333 2.390051 11.474611 -0.713092 4.421099
12.718308 -8.282205 -10.592371 2.390095 11.474607 -0.713084 4.421099
12.718454 -8.280826 -10.592326 2.389854 11.474616 -0.713117 4.421098
12.718387 -8.282065 -10.592356 2.390021 11.474613 -0.713178 4.421099
12.718180 -8.285096 -10.592387 2.389986 11.474606 -0.713128 4.421099
7.371276 -12.037969 -3.688254 4.969470 10.424361 -0.987603 4.420451
12.718253 -8.283595 -10.592369 2.390083 11.474604 -0.713175 4.421099
12.718320 -8.278563 -10.592216 2.390280 11.474566 -0.712995 4.421099
12.718209 -8.283765 -10.592369 2.389997 11.474612 -0.713063 4.421099
12.718262 -8.278424 -10.592108 2.390213 11.474567 -0.713013 4.421099
12.718233 -8.278944 -10.592077 2.390330 11.474564 -0.712977 4.421099
12.718264 -8.283550 -10.592349 2.389888 11.474614 -0.713154 4.421098
7.371962 -12.039554 -3.688915 4.969422 10.424317 -0.987535 4.420451
12.718344 -8.279632 -10.592194 2.390133 11.474583 -0.713047 4.421098
12.718402 -8.279928 -10.592370 2.389873 11.474615 -0.713111 4.421098
12.718111 -8.278861 -10.591901 2.390456 11.474526 -0.713004 4.421099
12.717973 -8.287319 -10.592389 2.390110 11.474596 -0.713191 4.421100
12.718217 -8.279199 -10.592022 2.390218 11.474563 -0.713134 4.421099
12.718426 -8.280053 -10.592291 2.389993 11.474606 -0.713206 4.421098
12.718357 -8.283413 -10.592348 2.389815 11.474621 -0.713254 4.421098
7.372225 -12.040192 -3.689158 4.969392 10.424285 -0.987469 4.420451
12.718435 -8.279995 -10.592303 2.389868 11.474630 -0.713182 4.421098
12.718243 -8.285435 -10.592358 2.390035 11.474604 -0.713064 4.421099
12.718340 -8.277617 -10.592207 2.390015 11.474582 -0.713197 4.421099
12.718176 -8.279048 -10.592066 2.389812 11.474602 -0.713006 4.421100
12.717561 -8.290809 -10.592288 2.389680 11.474610 -0.713215 4.421102
7.374018 -12.044879 -3.691262 4.969024 10.424125 -0.986833 4.420451
12.717798 -8.277089 -10.591777 2.389564 11.474541 -0.712956 4.421102
12.718297 -8.279100 -10.592273 2.389610 11.474607 -0.713219 4.421099
12.718406 -8.281911 -10.592327 2.389746 11.474615 -0.713034 4.421098
12.718350 -8.278040 -10.592208 2.389939 11.474549 -0.713083 4.421099
12.717681 -8.270865 -10.591425 2.390824 11.474385 -0.712751 4.421103
7.371753 -12.039126 -3.688765 4.969406 10.424318 -0.987484 4.420451
12.718252 -8.280141 -10.592245 2.390168 11.474553 -0.713308 4.421100
12.717917 -8.275373 -10.591670 2.390551 11.474465 -0.712924 4.421102
12.718432 -8.279034 -10.592339 2.389820 11.474599 -0.713232 4.421099
12.717921 -8.277412 -10.591912 2.390841 11.474454 -0.713002 4.421103
12.717822 -8.276029 -10.591744 2.391137 11.474422 -0.713037 4.421103
7.374928 -12.046667 -3.692011 4.969040 10.424248 -0.986851 4.420452
12.717895 -8.277289 -10.591816 2.391112 11.474414 -0.713030 4.421103
12.716490 -8.273104 -10.590205 2.393805 11.474034 -0.712433 4.421112
12.715551 -8.277307 -10.589917 2.396482 11.473798 -0.712395 4.421119
12.716390 -8.278447 -10.590107 2.394554 11.474025 -0.712394 4.421113
12.717931 -8.276736 -10.591808 2.390791 11.474345 -0.713850 4.421105
12.716436 -8.277002 -10.590990 2.393729 11.474028 -0.715787 4.421115
12.713288 -8.276710 -10.588703 2.398866 11.473307 -0.741410 4.421136
12.709789 -8.284592 -10.586211 2.398072 11.472796 -0.789992 4.421153
12.705527 -8.290909 -10.582571 2.396766 11.472257 -0.842852 4.421166
7.425106 -12.025269 -3.660971 5.006809 10.394097 -1.109338 4.420440
12.698082 -8.295031 -10.573073 2.386874 11.471744 -0.944007 4.421131
12.692721 -8.298004 -10.562737 2.382807 11.471357 -1.009865 4.421073
7.522951 -11.995470 -3.611086 5.133306 10.472865 -1.309882 4.420419
12.675162 -8.259508 -10.527720 2.382954 11.469125 -1.067493 4.421064
12.661441 -8.210787 -10.505183 2.391709 11.466805 -1.019764 4.421264
12.642907 -8.161426 -10.477781 2.401479 11.463209 -0.952993 4.421543
12.618358 -8.179126 -10.441312 2.411414 11.458734 -0.867841 4.421886
12.597560 -8.224286 -10.411379 2.416044 11.455171 -0.769211 4.422238
12.580508 -8.260147 -10.391239 2.413173 11.452455 -0.649731 4.422607
12.623742 -8.298269 -10.467127 2.414822 11.458816 -0.482336 4.422667
12.606690 -8.338911 -10.452626 2.407564 11.456302 -0.372224 4.422949
12.596721 -8.381203 -10.450119 2.394583 11.455294 -0.262113 4.423194
12.590959 -8.427990 -10.455967 2.377107 11.455164 -0.148572 4.423402
7.227844 -12.214488 -3.856985 4.788929 10.517500 -0.502349 4.421796
12.593558 -8.506045 -10.490479 2.335748 11.458432 -0.004730 4.423585
12.597674 -8.545428 -10.515479 2.322316 11.460799 0.042095 4.423552
12.613692 -8.567386 -10.637587 2.414198 11.463945 0.240317 4.422790
12.596837 -8.605625 -10.665306 2.416545 11.462567 0.308086 4.422676
12.578386 -8.638312 -10.703060 2.432752 11.460298 0.416760 4.422510
7.181545 -12.610679 -4.121706 4.655096 10.629569 -0.018687 4.421084
12.529062 -8.706222 -10.816277 2.491931 11.453757 0.590889 4.422201
12.495282 -8.758696 -10.888371 2.540709 11.448974 0.653059 4.421950
12.449391 -8.786130 -10.981026 2.609130 11.443735 0.709906 4.421805
12.394602 -8.824018 -11.082598 2.694435 11.435549 0.718155 4.421658
12.331490 -8.871317 -11.197144 2.810168 11.423541 0.741736 4.421433
12.257767 -8.917951 -11.328777 2.958178 11.409401 0.763457 4.421148
12.178173 -8.957454 -11.473274 3.140205 11.393437 0.812811 4.420726
12.093819 -9.014273 -11.633302 3.350657 11.376365 0.903142 4.420130
12.002252 -9.070133 -11.817443 3.596071 11.357413 1.037024 4.419347
11.908625 -9.115817 -12.017924 3.863107 11.339434 1.219247 4.418320
11.815044 -9.189734 -12.234213 4.155780 11.324708 1.459093 4.417013
11.721821 -9.252823 -12.465029 4.473403 11.316285 1.764172 4.415394
11.627603 -9.291494 -12.711963 4.803454 11.313944 2.170500 4.413393
11.534326 -9.356663 -12.967779 5.136775 11.308101 2.640927 4.410992
6.743347 -13.837048 -4.872357 4.790127 11.955464 1.760364 4.402662
11.360174 -9.532449 -13.479991 5.832337 11.277449 3.720992 4.405079
11.280364 -9.609183 -13.719354 6.200269 11.257899 4.224782 4.401682
11.206571 -9.685476 -13.938851 6.578971 11.233893 4.673491 4.398015
6.295424 -14.372486 -5.210387 4.893657 12.752242 2.916670 4.388335
11.085821 -9.914336 -14.305487 7.330773 11.195388 5.414997 4.389981
11.033767 -10.003913 -14.446310 7.702951 11.182497 5.721522 4.385693
10.988737 -10.105667 -14.561267 8.071140 11.175248 5.979973 4.381261
10.943307 -10.133186 -14.642023 8.437270 11.164819 6.201129 4.376690
10.890412 -10.021322 -14.681835 8.792008 11.143878 6.380597 4.372006
5.796186 -14.403133 -5.024197 5.533519 13.804954 3.509450 4.361802
10.741711 -9.505847 -14.641842 9.462446 11.038640 6.604843 4.362516
10.639259 -9.144606 -14.566487 9.760004 10.896032 6.649343 4.357824
10.526113 -8.828862 -14.469937 10.029846 10.711090 6.675699 4.353250
10.401248 -8.557609 -14.350547 10.286740 10.526564 6.693948 4.348846
10.270484 -8.335949 -14.211143 10.528143 10.351718 6.695194 4.344649
10.139584 -8.164497 -14.050716 10.751152 10.193518 6.669886 4.340693
9.999107 -8.018567 -13.875912 10.954240 10.062291 6.649991 4.336990
9.678300 -7.915852 -13.625285 11.306544 9.928734 6.646876 4.333286
9.550825 -7.833041 -13.447643 11.434164 9.837052 6.637476 4.330284
9.419288 -7.779857 -13.259736 11.548403 9.769449 6.585895 4.327545
9.275533 -7.737001 -13.057688 11.644460 9.720510 6.478932 4.325073
9.130616 -7.701986 -12.847637 11.735552 9.695408 6.340083 4.322861
8.982499 -7.666588 -12.639735 11.806562 9.678035 6.167359 4.320910
8.824557 -7.629820 -12.421603 11.866036 9.644769 5.962170 4.319187
8.434521 -7.600160 -12.125554 11.997886 9.487642 5.719514 4.317448
8.304115 -7.558921 -11.805767 11.921901 9.439730 5.388100 4.316665
8.155539 -7.527769 -11.560048 11.879359 9.362382 5.076781 4.316191
8.025103 -7.499603 -11.311583 11.821298 9.267024 4.733207 4.316055
7.878669 -7.474808 -11.054469 11.755910 9.135584 4.363718 4.316230
7.731156 -7.452571 -10.800983 11.688225 8.987678 4.002019 4.316767
7.573408 -7.431779 -10.548585 11.621169 8.856677 3.659434 4.317680
7.414153 -7.411594 -10.311152 11.543967 8.744745 3.331876 4.318982
6.920564 -7.390939 -9.876900 11.312239 8.643413 2.842058 4.320622
5.119064 -8.799214 -1.395936 7.545566 11.995723 0.614408 4.327600
6.656221 -7.351760 -9.461587 11.001769 8.494346 2.031117 4.326023
6.508840 -7.335946 -9.334048 10.823766 8.441151 1.617656 4.329226
5.278700 -8.505000 -1.066140 7.586781 11.357503 0.040698 4.337794
6.159925 -7.314816 -9.195535 10.437153 8.377697 0.942480 4.336536
5.253570 -8.359405 -0.881148 7.542385 11.008509 -0.132019 4.345919
5.730802 -7.310373 -9.053368 10.029542 8.369531 0.527506 4.344901
5.514055 -7.321665 -9.013562 9.819303 8.400057 0.416917 4.349464
5.046946 -8.214450 -0.754703 7.311124 10.740867 0.116462 4.360405
4.984820 -7.367375 -8.987889 9.378160 8.515009 0.399131 4.359152
4.692393 -7.402595 -9.003483 9.155191 8.596288 0.441933 4.364259
4.388726 -7.452677 -9.025587 8.928501 8.693061 0.511928 4.369521
4.470807 -8.180051 -0.737677 6.890681 10.641835 1.064314 4.382347
3.724679 -7.575895 -9.078662 8.477736 8.897557 0.739993 4.380472
3.376935 -7.652491 -9.101405 8.247720 8.982644 0.884996 4.386176
3.019877 -7.738412 -9.111788 8.021741 9.054855 1.004256 4.392047
2.663873 -7.805639 -9.113444 7.804916 9.132166 1.091110 4.398125
2.302588 -7.864822 -9.105652 7.590228 9.213893 1.116977 4.404403
1.931287 -7.967949 -9.095192 7.373328 9.306388 1.125958 4.410863
1.563058 -8.140026 -9.084996 7.151313 9.395973 1.123364 4.417517
1.184904 -8.320594 -9.073442 6.916718 9.491511 1.134095 4.424407
0.448631 -7.650833 -8.947153 6.586959 9.566778 1.087597 4.431824
0.123915 -7.665460 -8.939703 6.361632 9.641956 1.099236 4.439560
-0.191365 -7.645277 -8.932014 6.138847 9.697405 1.091922 4.447520
-0.514686 -7.536430 -8.917781 5.910361 9.714302 1.066296 4.455719
-0.838698 -7.396778 -8.900866 5.677757 9.711697 1.016632 4.464158
-1.150357 -7.323792 -8.884816 5.461846 9.720754 0.936717 4.472794
-1.450031 -7.317797 -8.873583 5.248189 9.754165 0.842595 4.481626
1.638159 -7.050930 -0.766121 5.124229 9.596094 4.411573 4.506964
-2.018145 -7.507929 -8.872988 4.844837 9.937212 0.666122 4.499768
1.301397 -7.226002 -0.808056 5.027271 9.544226 4.522575 4.525292
-2.559642 -7.931403 -8.904535 4.498261 10.228954 0.515648 4.517894
1.209527 -7.710637 -0.901424 5.102904 9.816465 4.664321 4.544153
-2.895817 -8.482875 -8.991569 4.471618 10.567475 0.445798 4.535510
1.152208 -8.303884 -1.032246 5.043443 10.011165 4.995176 4.563441
-3.120356 -9.264581 -9.139926 4.064208 10.821941 0.538506 4.553561
-3.266510 -9.676305 -9.186676 3.880997 10.910539 0.569947 4.562436
-3.418331 -10.079723 -9.221789 3.708966 10.988095 0.584894 4.571135
1.179864 -9.811706 -1.310663 4.739234 10.070654 5.510158 4.598422
-3.678716 -10.786571 -9.263592 3.364172 11.078760 0.483040 4.588282
-3.811629 -11.098281 -9.272902 3.194949 11.089636 0.394210 4.596765
1.134018 -10.685113 -1.448031 4.501597 9.910994 5.600399 4.624358
-3.828479 -11.608418 -9.362639 2.741902 11.162045 0.201381 4.614096
-3.900769 -11.817840 -9.382359 2.533211 11.172083 0.093384 4.622462
-3.958153 -11.987651 -9.396831 2.330827 11.179468 -0.019957 4.630795
-4.039857 -12.121474 -9.402734 2.130445 11.185270 -0.121920 4.639070
-4.141500 -11.961435 -9.428020 1.555834 11.193960 -0.365251 4.647277
1.204096 -11.619502 -1.617325 4.012786 9.514282 5.484559 4.674068
-4.337120 -12.301491 -9.423645 1.425847 11.339107 -0.509679 4.663756
-4.480108 -12.286017 -9.422767 1.144765 11.462547 -0.654356 4.671862
1.021568 -11.622948 -1.677378 3.732452 9.326482 5.475402 4.692742
-4.602188 -12.145025 -9.448485 0.284261 11.820136 -0.929461 4.688920
-4.647629 -12.027963 -9.466177 0.019498 12.005857 -1.020892 4.697073
-4.713690 -11.882761 -9.481449 -0.259659 12.180876 -1.082927 4.705087
0.633631 -11.223842 -1.761197 3.543717 9.457786 5.442666 4.720261
-4.864415 -11.505196 -9.489113 -0.854215 12.497663 -1.181176 4.720882
-4.961949 -11.281553 -9.470652 -1.180440 12.632692 -1.244261 4.728705
-5.243481 -11.037808 -9.390826 -1.773525 12.767482 -1.381958 4.736640
0.092731 -10.390166 -1.831500 3.137522 9.263416 5.530128 4.747683
-5.375128 -10.477333 -9.331934 -2.352774 12.965341 -1.572115 4.752776
-5.439630 -10.156377 -9.290887 -2.654845 13.040277 -1.697814 4.760889
-5.502366 -9.812921 -9.251947 -2.966896 13.120418 -1.811181 4.769085
-5.567844 -9.455065 -9.223917 -3.275509 13.205808 -1.887230 4.777328
-5.633917 -9.078927 -9.207175 -3.595635 13.281666 -1.924614 4.785634
-5.687671 -8.685784 -9.203981 -3.906956 13.356663 -1.927087 4.793995
-5.746908 -8.285372 -9.210239 -4.225669 13.418250 -1.895394 4.802377
-5.790849 -7.864912 -9.222074 -4.529789 13.466855 -1.877524 4.810784
-5.827564 -7.430788 -9.229943 -4.814143 13.503213 -1.887968 4.819180
-5.850149 -7.016281 -9.233998 -5.080015 13.534668 -1.930039 4.827584
-1.546727 -6.672639 -1.695369 2.024937 8.675073 5.308031 4.830638
-1.642966 -6.420646 -1.673903 1.925436 8.658291 5.221492 4.838653
-5.792017 -6.182684 -9.266893 -5.693113 13.648376 -2.198770 4.852603
-5.330490 -6.595829 -9.450514 -5.702842 13.714037 -2.237412 4.861298
-1.036403 -7.995804 -2.207075 1.860269 8.746378 5.037140 4.863687
-0.567085 -9.508674 -2.684998 1.799996 8.816447 5.076286 4.872003
-4.635732 -10.486483 -9.941741 -5.858909 13.935578 -2.346357 4.884584
0.086548 -11.484463 -3.413829 1.766775 8.981243 5.142368 4.887394
-4.114522 -11.616875 -10.177065 -5.754914 14.024712 -2.138483 4.898747
0.277319 -12.002001 -3.754923 1.777862 9.176938 5.144793 4.901062
-3.548472 -11.379531 -10.300079 -5.489799 14.033801 -1.845850 4.911576
-3.243131 -10.786321 -10.326514 -5.303205 14.011752 -1.709665 4.917479
-2.947701 -9.858214 -10.324424 -5.092960 13.984012 -1.600709 4.923008
-2.640493 -8.750389 -10.311115 -4.854780 13.943925 -1.524484 4.928189
-2.323114 -7.514906 -10.287535 -4.590104 13.891238 -1.486825 4.933024
-1.994502 -6.769506 -10.288099 -4.303102 13.825647 -1.511911 4.937528
-0.484635 -7.371653 -2.443402 2.423353 9.733171 3.837233 4.937293
-1.271291 -6.372966 -10.326165 -3.667132 13.669795 -1.732478 4.945747
-0.920511 -6.321676 -10.350885 -3.322672 13.600308 -1.860823 4.949522
-0.561003 -6.293282 -10.379693 -2.965749 13.529759 -1.995407 4.953118
-0.210644 -6.269883 -10.418514 -2.598656 13.463884 -2.101033 4.956537
0.121780 -6.252304 -10.465565 -2.231886 13.413479 -2.182967 4.959775
0.450696 -6.237304 -10.518639 -1.870739 13.372419 -2.241291 4.962838
0.764615 -6.223666 -10.573036 -1.513260 13.341801 -2.307951 4.965710
1.060490 -6.211656 -10.625581 -1.170856 13.310991 -2.374810 4.968392
1.338515 -6.201921 -10.675636 -0.836378 13.300198 -2.430354 4.970895
1.576023 -6.193680 -10.728895 -0.511124 13.330513 -2.473971 4.973195
1.797111 -6.186267 -10.778277 -0.218183 13.399387 -2.519285 4.975279
1.980746 -6.181664 -10.816626 0.048158 13.458141 -2.562511 4.977121
2.147519 -6.176665 -10.849993 0.287410 13.505921 -2.575855 4.978772
2.295621 -6.173204 -10.877880 0.498533 13.518835 -2.552105 4.980261
2.420181 -6.168750 -10.896749 0.675883 13.496901 -2.505340 4.981638
2.896951 -6.161972 -11.041849 1.214213 13.437000 -2.422666 4.983106
3.039035 -6.156075 -11.073026 1.409495 13.378537 -2.350463 4.984170
3.152214 -6.153726 -11.097046 1.569426 13.307491 -2.283911 4.985176
3.251049 -6.153281 -11.109297 1.702108 13.230741 -2.227379 4.986163
3.329057 -6.155294 -11.113514 1.802932 13.149291 -2.185312 4.987152
3.435037 -6.139431 -11.126635 1.839004 13.087808 -2.138771 4.988199
3.431322 -6.161321 -11.141554 1.917096 13.001441 -2.081059 4.989242
3.735385 -6.169987 -11.259591 2.259390 12.922791 -1.939938 4.990496
1.850631 -7.694061 -2.153315 4.633086 11.478139 0.424743 4.989717
3.858014 -6.204579 -11.391341 2.324133 12.855957 -1.801077 4.992496
3.914502 -6.233525 -11.489924 2.333672 12.846500 -1.706102 4.993494
3.963633 -6.268552 -11.604091 2.340178 12.841447 -1.598374 4.994461
4.000361 -6.319406 -11.721215 2.334908 12.839401 -1.494207 4.995383
4.038740 -6.385692 -11.841719 2.338200 12.838766 -1.399820 4.996273
4.062386 -6.468832 -11.959437 2.334522 12.836563 -1.328056 4.997113
4.087277 -6.570174 -12.074282 2.341516 12.833596 -1.292466 4.997912
4.104489 -6.659442 -12.182494 2.348019 12.832168 -1.267501 4.998657
4.117560 -6.736014 -12.285278 2.356098 12.835012 -1.224987 4.999339
4.142753 -6.821423 -12.383276 2.364920 12.845163 -1.159048 4.998982
4.141220 -6.943151 -12.456506 2.393105 12.849401 -1.061707 5.000470
4.149624 -7.063634 -12.517190 2.414321 12.856283 -0.941378 5.000850
2.117054 -9.275240 -2.999347 4.335309 11.707768 1.381721 5.000252
4.154421 -7.316647 -12.576817 2.453852 12.866147 -0.650613 5.001325
4.151539 -7.397726 -12.582925 2.473002 12.868134 -0.487339 5.001416
4.146346 -7.408880 -12.580481 2.492033 12.868232 -0.336789 5.001436
2.076471 -9.641663 -3.252063 4.221793 11.827460 1.797133 5.000521
4.151037 -7.455454 -12.577449 2.516233 12.867281 -0.177640 5.001353
4.156634 -7.442563 -12.582080 2.513878 12.867487 -0.206491 5.001283
4.160940 -7.387211 -12.589712 2.501482 12.868159 -0.260396 5.001200
4.160846 -7.307301 -12.598360 2.479070 12.869270 -0.340815 5.001103
4.159561 -7.280259 -12.604596 2.451434 12.870576 -0.439025 5.000995
4.160327 -7.309176 -12.606181 2.428497 12.871448 -0.524545 5.000885
4.162149 -7.301210 -12.606837 2.413903 12.871847 -0.585690 5.000793
2.123251 -9.431845 -3.120928 4.309663 11.725677 1.556116 4.999906
4.165415 -7.243450 -12.608833 2.402333 12.871776 -0.609412 5.000669
4.163028 -7.225145 -12.610656 2.400531 12.871820 -0.611546 5.000631
4.158905 -7.206813 -12.612525 2.397554 12.872118 -0.613903 5.000603
4.156191 -7.194036 -12.613868 2.394638 12.872243 -0.616538 5.000578
4.155330 -7.186640 -12.614792 2.393463 12.872304 -0.619203 5.000552
4.154818 -7.197267 -12.615557 2.392545 12.872402 -0.622567 5.000522
4.154303 -7.194164 -12.616018 2.391461 12.872418 -0.625774 5.000489
4.154070 -7.193242 -12.617741 2.389385 12.872625 -0.630016 5.000467
4.151672 -7.191306 -12.618062 2.388722 12.872520 -0.634247 5.000419
4.148719 -7.183258 -12.620274 2.387142 12.872659 -0.639243 5.000392
2.086872 -9.300581 -3.065621 4.319632 11.713257 1.537364 4.999600
4.139589 -7.172859 -12.625635 2.383296 12.873089 -0.650660 5.000363
4.135543 -7.159208 -12.626999 2.381810 12.873208 -0.656574 5.000359
4.131886 -7.151538 -12.627799 2.380044 12.873359 -0.663024 5.000359
2.081185 -9.271726 -3.051724 4.322298 11.708125 1.526197 4.999608
4.124143 -7.158331 -12.629776 2.375910 12.873811 -0.677545 5.000362
4.118762 -7.158926 -12.628718 2.374904 12.873805 -0.684725 5.000363
4.113229 -7.159193 -12.626244 2.375005 12.873663 -0.691339 5.000361
4.109802 -7.164658 -12.625192 2.373635 12.873679 -0.696171 5.000361
4.111755 -7.168552 -12.626266 2.373685 12.873731 -0.692777 5.000366
2.086678 -9.280114 -3.053670 4.322789 11.704925 1.520174 4.999618
4.118610 -7.161487 -12.629073 2.375266 12.873850 -0.683147 5.000380
4.122968 -7.168951 -12.631073 2.376070 12.873976 -0.677681 5.000387
2.085318 -9.288247 -3.057798 4.320806 11.708553 1.526422 4.999647
4.128074 -7.163019 -12.632612 2.376684 12.874034 -0.672928 5.000392
4.127933 -7.164657 -12.632869 2.376622 12.874071 -0.673125 5.000392
2.082352 -9.280940 -3.054904 4.320988 11.708628 1.525266 4.999647
4.128013 -7.163286 -12.632650 2.376563 12.874061 -0.673087 5.000392
4.127716 -7.166213 -12.633005 2.376525 12.874092 -0.672939 5.000392
4.868441 -6.819477 -11.913405 2.299654 12.815903 -0.800133 5.000370
4.127469 -7.163680 -12.632649 2.377186 12.874028 -0.672993 5.000393
4.127619 -7.163502 -12.632868 2.377015 12.874051 -0.673233 5.000393
4.127630 -7.167250 -12.632949 2.376751 12.874082 -0.673205 5.000392
4.128000 -7.163669 -12.632821 2.376633 12.874072 -0.673187 5.000393
2.082793 -9.281019 -3.054964 4.321079 11.708620 1.525738 4.999647
4.127696 -7.169396 -12.632867 2.376764 12.874077 -0.673311 5.000392
4.127935 -7.164171 -12.632969 2.376761 12.874076 -0.673083 5.000392
4.127555 -7.164913 -12.632766 2.377069 12.874057 -0.673123 5.000392
4.127378 -7.167878 -12.632830 2.376830 12.874066 -0.673441 5.000392
4.127840 -7.160316 -12.632710 2.376759 12.874037 -0.673208 5.000392
4.127560 -7.164803 -12.632942 2.376843 12.874067 -0.673165 5.000392
2.083647 -9.283507 -3.056004 4.321002 11.708591 1.525884 4.999647
4.127964 -7.160955 -12.632890 2.376865 12.874057 -0.673136 5.000393
4.127882 -7.166504 -12.632987 2.376772 12.874082 -0.673193 5.000392
4.127735 -7.166745 -12.633006 2.376704 12.874083 -0.673281 5.000392
2.083082 -9.281836 -3.055320 4.321076 11.708554 1.525705 4.999647
4.127665 -7.167318 -12.633003 2.376667 12.874086 -0.673363 5.000392
4.127613 -7.165116 -12.632985 2.376653 12.874085 -0.673215 5.000392
2.083490 -9.282895 -3.055728 4.321074 11.708538 1.525698 4.999648
2.084681 -9.286354 -3.057182 4.320986 11.708575 1.525921 4.999647
4.127770 -7.161949 -12.632933 2.376826 12.874065 -0.673240 5.000392
4.127840 -7.167390 -12.633047 2.376768 12.874073 -0.673182 5.000392
4.127817 -7.165397 -12.632954 2.376787 12.874075 -0.673243 5.000392
4.128030 -7.163730 -12.632890 2.376833 12.874051 -0.673180 5.000392
2.083197 -9.282001 -3.055342 4.321118 11.708565 1.525614 4.999647
4.127727 -7.168563 -12.632871 2.376919 12.874059 -0.673324 5.000392
4.127774 -7.164476 -12.632820 2.376760 12.874054 -0.673152 5.000392
2.084753 -9.286592 -3.057291 4.320956 11.708569 1.525974 4.999648
4.127639 -7.165224 -12.632960 2.376917 12.874064 -0.673182 5.000393
4.127802 -7.165786 -12.633042 2.376849 12.874087 -0.673249 5.000393
2.084265 -9.285201 -3.056705 4.320984 11.708570 1.525912 4.999648
4.127776 -7.162870 -12.632763 2.376930 12.874037 -0.673048 5.000393
2.081495 -9.277178 -3.053340 4.321267 11.708663 1.525428 4.999647
2.086947 -9.292824 -3.059891 4.320771 11.708489 1.526265 4.999647
4.128087 -7.163956 -12.632807 2.376612 12.874067 -0.673261 5.000393
4.127733 -7.162851 -12.632972 2.376846 12.874067 -0.673072 5.000393
2.085520 -9.288707 -3.058145 4.320919 11.708542 1.526028 4.999647
4.127991 -7.160268 -12.632548 2.376937 12.874014 -0.672803 5.000392
4.127683 -7.169767 -12.632865 2.376869 12.874065 -0.673159 5.000392
4.127808 -7.167567 -12.632999 2.376760 12.874077 -0.673264 5.000392
4.127919 -7.160395 -12.632674 2.376939 12.874027 -0.672933 5.000392
4.127849 -7.160570 -12.664186 2.338412 12.891263 -0.704333 4.998701
4.127814 -7.167034 -12.633015 2.376912 12.874076 -0.673282 5.000392
4.127913 -7.164107 -12.632977 2.376663 12.874061 -0.673161 5.000392
4.127895 -7.165595 -12.632961 2.376819 12.874061 -0.673124 5.000392
4.127883 -7.167554 -12.633036 2.376851 12.874077 -0.673222 5.000393
4.127945 -7.165024 -12.633020 2.376812 12.874073 -0.673325 5.000393
2.085160 -9.287810 -3.057840 4.320917 11.708568 1.526066 4.999648
4.127789 -7.167729 -12.633008 2.376812 12.874068 -0.673086 5.000393
4.127924 -7.163948 -12.632993 2.376892 12.874045 -0.673230 5.000393
4.127791 -7.163288 -12.632783 2.376882 12.874052 -0.673061 5.000393
4.127580 -7.171244 -12.632828 2.376913 12.874063 -0.673244 5.000392
4.127714 -7.167576 -12.633035 2.376808 12.874072 -0.673123 5.000393
2.081655 -9.277532 -3.053482 4.321298 11.708646 1.525363 4.999647
4.127664 -7.168949 -12.632985 2.376907 12.874065 -0.673233 5.000393
2.084672 -9.286174 -3.057089 4.321015 11.708531 1.525821 4.999649
4.127880 -7.165926 -12.633006 2.376736 12.874077 -0.673277 5.000394
2.084318 -9.285368 -3.056748 4.321002 11.708584 1.525906 4.999649
4.127720 -7.163836 -12.633006 2.376748 12.874059 -0.673159 5.000394
4.127801 -7.161665 -12.632500 2.376947 12.874025 -0.672896 5.000394
2.083585 -9.283236 -3.055895 4.321069 11.708615 1.525806 4.999649
4.127852 -7.162983 -12.632781 2.376847 12.874051 -0.673058 5.000395
4.127841 -7.170800 -12.632841 2.376865 12.874075 -0.673343 5.000394
4.127888 -7.162933 -12.632761 2.376828 12.874047 -0.673051 5.000395
4.127762 -7.166506 -12.633020 2.376718 12.874079 -0.673176 5.000395
4.127923 -7.165877 -12.633018 2.376759 12.874076 -0.673239 5.000395
4.127554 -7.162424 -12.632615 2.376887 12.874014 -0.673049 5.000395
2.084727 -9.286527 -3.057267 4.320943 11.708574 1.526019 4.999651
4.127933 -7.166201 -12.632964 2.376909 12.874060 -0.673161 5.000396
4.127963 -7.162677 -12.635777 2.489160 12.899836 -0.696943 5.000392
4.127828 -7.160322 -12.632613 2.376924 12.874013 -0.672978 5.000396
2.082899 -9.281229 -3.055084 4.321089 11.708578 1.525715 4.999651
4.127892 -7.164761 -12.633001 2.376764 12.874069 -0.673207 5.000396
4.128008 -7.166804 -12.632956 2.376824 12.874044 -0.673184 5.000396
2.084282 -9.285261 -3.056762 4.320964 11.708569 1.525973 4.999652
4.127741 -7.162872 -12.632752 2.376852 12.874049 -0.673097 5.000397
4.127820 -7.164335 -12.632825 2.376823 12.874055 -0.673047 5.000397
4.127684 -7.165950 -12.632960 2.376896 12.874066 -0.673207 5.000397
4.127655 -7.162806 -12.632750 2.376965 12.874033 -0.673130 5.000397
4.127996 -7.162832 -12.632832 2.376817 12.874049 -0.673132 5.000398
4.127901 -7.160964 -12.632800 2.376889 12.874034 -0.673237 5.000398
4.127902 -7.164030 -12.632918 2.377024 12.874048 -0.673203 5.000398
4.127877 -7.169830 -12.632835 2.376784 12.874068 -0.673290 5.000397
4.127829 -7.170601 -12.632794 2.376781 12.874068 -0.673330 5.000397
4.127894 -7.158681 -12.632644 2.376846 12.874025 -0.672997 5.000397
2.082736 -9.280671 -3.054816 4.321159 11.708664 1.525672 4.999651
4.127704 -7.169697 -12.632786 2.376907 12.874049 -0.673403 5.000396
4.127936 -7.163130 -12.632551 2.376743 12.874025 -0.672944 5.000397
4.127681 -7.168020 -12.632934 2.376862 12.874067 -0.673475 5.000397
4.127763 -7.163034 -12.632791 2.376881 12.874045 -0.673122 5.000398
4.127773 -7.162131 -12.632844 2.376825 12.874050 -0.673114 5.000398
2.085982 -9.290039 -3.058718 4.320830 11.708488 1.526162 4.999652
4.127748 -7.166876 -12.632972 2.376870 12.874052 -0.673164 5.000398
4.127773 -7.160122 -12.632681 2.376866 12.874019 -0.673145 5.000398
4.127721 -7.165312 -12.632917 2.377052 12.874055 -0.673203 5.000398
2.085238 -9.287891 -3.057813 4.320929 11.708568 1.526054 4.999652
4.127875 -7.162389 -12.632934 2.376840 12.874043 -0.673184 5.000398
4.127681 -7.166039 -12.632979 2.376856 12.874059 -0.673113 5.000398
4.127736 -7.164399 -12.632927 2.377047 12.874051 -0.673214 5.000398
2.083688 -9.283396 -3.055958 4.321052 11.708586 1.525775 4.999653
4.868629 -6.821044 -11.913301 2.299536 12.815898 -0.800184 5.000375
4.127629 -7.171723 -12.632853 2.376933 12.874073 -0.673377 5.000397
2.081358 -9.276615 -3.053100 4.321295 11.708631 1.525339 4.999652
4.127732 -7.161973 -12.632766 2.376908 12.874041 -0.673235 5.000398
4.127714 -7.170921 -12.632879 2.376794 12.874064 -0.673346 5.000397
4.127787 -7.165876 -12.632921 2.376738 12.874080 -0.673267 5.000398
2.082467 -9.279989 -3.054523 4.321136 11.708617 1.525646 4.999651
4.127689 -7.163928 -12.632799 2.376935 12.874047 -0.672990 5.000398
4.127906 -7.147831 -12.727513 2.182562 12.923447 -0.753984 5.000418
2.082013 -9.278444 -3.053878 4.321263 11.708658 1.525433 4.999652
4.127671 -7.168271 -12.632893 2.376869 12.874074 -0.673223 5.000398
4.127878 -7.165411 -12.633004 2.376832 12.874064 -0.673270 5.000398
4.127815 -7.166079 -12.632993 2.376777 12.874080 -0.673174 5.000398
2.082986 -9.281522 -3.055155 4.321075 11.708614 1.525768 4.999652
4.127769 -7.166215 -12.633034 2.376705 12.874087 -0.673172 5.000398
4.127908 -7.157918 -12.665388 2.452396 12.916640 -0.727628 4.998679
2.084119 -9.284669 -3.056490 4.320989 11.708559 1.525894 4.999652
4.127762 -7.172973 -12.632701 2.376979 12.874073 -0.673270 5.000397
4.128059 -7.161184 -12.632621 2.376852 12.874036 -0.673118 5.000398
4.127836 -7.160991 -12.632903 2.376728 12.874064 -0.673158 5.000398
4.127799 -7.169932 -12.632940 2.376707 12.874087 -0.673276 5.000397
4.127994 -7.165492 -12.632932 2.376742 12.874076 -0.673255 5.000397
4.128020 -7.165670 -12.632809 2.376781 12.874059 -0.673075 5.000397
4.127551 -7.170711 -12.632820 2.376817 12.874072 -0.673239 5.000397
4.127872 -7.162938 -12.632827 2.376816 12.874066 -0.673111 5.000398
4.127911 -7.161863 -12.632717 2.376979 12.874044 -0.673097 5.000398
4.127561 -7.172017 -12.632771 2.376835 12.874070 -0.673256 5.000397
4.127970 -7.164449 -12.633019 2.376836 12.874074 -0.673308 5.000397
2.081986 -9.278343 -3.053804 4.321249 11.708607 1.525409 4.999651
4.127743 -7.168930 -12.632898 2.376685 12.874084 -0.673309 5.000397
4.127841 -7.168054 -12.632957 2.376774 12.874076 -0.673223 5.000397
4.127950 -7.161231 -12.632515 2.376988 12.874009 -0.672905 5.000397
4.127932 -7.161808 -12.632675 2.376892 12.874032 -0.673026 5.000398
4.127574 -7.168246 -12.632850 2.376956 12.874060 -0.673222 5.000398
4.127760 -7.165339 -12.632990 2.376772 12.874071 -0.673278 5.000398
4.127908 -7.162100 -12.632603 2.376826 12.874016 -0.673008 5.000398
4.127513 -7.170413 -12.632750 2.376777 12.874059 -0.673345 5.000397
4.127853 -7.163368 -12.632603 2.376703 12.874031 -0.672969 5.000398
4.127770 -7.165456 -12.633008 2.376793 12.874070 -0.673175 5.000398
4.127771 -7.167457 -12.632965 2.376857 12.874062 -0.673034 5.000398
4.127748 -7.165353 -12.632985 2.376860 12.874054 -0.673181 5.000398
4.127989 -7.165727 -12.633014 2.376886 12.874060 -0.673162 5.000398
4.127619 -7.163931 -12.632884 2.377025 12.874035 -0.673108 5.000398
4.127811 -7.162638 -12.632886 2.376942 12.874047 -0.673197 5.000398
4.127713 -7.169144 -12.632871 2.376958 12.874051 -0.673132 5.000398
2.083718 -9.283440 -3.055982 4.321092 11.708597 1.525749 4.999653
4.127835 -7.163107 -12.632832 2.377052 12.874023 -0.673173 5.000398
4.127792 -7.167284 -12.632923 2.376982 12.874054 -0.673235 5.000398
4.127945 -7.164640 -12.633036 2.376934 12.874053 -0.673193 5.000398
4.127928 -7.164065 -12.633023 2.376825 12.874043 -0.673111 5.000398
4.127780 -7.165652 -12.632966 2.376988 12.874054 -0.673245 5.000398
4.127808 -7.165081 -12.633029 2.376653 12.874069 -0.673321 5.000398
2.081825 -9.278039 -3.053704 4.321240 11.708636 1.525477 4.999652
2.084835 -9.286754 -3.057360 4.320974 11.708612 1.526004 4.999653
2.084296 -9.285188 -3.056698 4.321009 11.708584 1.525898 4.999653
4.127879 -7.164958 -12.632988 2.376813 12.874058 -0.673067 5.000398
4.127750 -7.161071 -12.632565 2.376975 12.874015 -0.673105 5.000398
4.127954 -7.168403 -12.632971 2.377055 12.874060 -0.673154 5.000398
4.127877 -7.162578 -12.632893 2.376822 12.874051 -0.673146 5.000398
4.127840 -7.165119 -12.633035 2.376802 12.874073 -0.673357 5.000398
2.083757 -9.283606 -3.056033 4.321036 11.708544 1.525801 4.999653
4.127876 -7.160551 -12.632692 2.376971 12.874022 -0.673130 5.000398
4.127718 -7.170014 -12.632875 2.376947 12.874077 -0.673313 5.000398
4.127941 -7.164916 -12.632835 2.376886 12.874038 -0.673136 5.000398
4.127877 -7.162286 -12.632733 2.376974 12.874038 -0.673064 5.000399
2.086286 -9.290827 -3.059027 4.320841 11.708510 1.526173 4.999653
4.127923 -7.165928 -12.633001 2.376779 12.874067 -0.673208 5.000399
4.127843 -7.165408 -12.633018 2.376896 12.874067 -0.673194 5.000399
4.127824 -7.161143 -12.632647 2.376768 12.874036 -0.673100 5.000399
4.127753 -7.165196 -12.632994 2.376649 12.874086 -0.673246 5.000399
4.127677 -7.170934 -12.632851 2.376912 12.874068 -0.673298 5.000398
2.082511 -9.279871 -3.054443 4.321204 11.708618 1.525517 4.999653
4.127570 -7.164785 -12.632726 2.376877 12.874046 -0.673050 5.000399
2.085185 -9.287684 -3.057758 4.320933 11.708588 1.526050 4.999654
2.081712 -9.277407 -3.053373 4.321320 11.708642 1.525295 4.999653
4.127849 -7.166083 -12.633036 2.376793 12.874078 -0.673195 5.000399
4.127659 -7.168881 -12.632857 2.376737 12.874073 -0.673423 5.000399
2.079563 -9.271362 -3.050867 4.321425 11.708584 1.525018 4.999652
4.127669 -7.168680 -12.632965 2.376806 12.874075 -0.673224 5.000399
4.127799 -7.169026 -12.632930 2.376793 12.874074 -0.673262 5.000400
4.127944 -7.159100 -12.632433 2.376984 12.874007 -0.672889 5.000400
2.083877 -9.283882 -3.056169 4.321045 11.708607 1.525842 4.999655
4.127771 -7.168073 -12.632914 2.376728 12.874076 -0.673162 5.000400
4.127581 -7.167905 -12.632848 2.376778 12.874070 -0.673243 5.000400
4.127792 -7.163789 -12.632855 2.376661 12.874063 -0.673100 5.000400
2.083226 -9.282015 -3.055318 4.321086 11.708584 1.525725 4.999655
4.127695 -7.160411 -12.664090 2.338391 12.891270 -0.704179 4.998709
2.085697 -9.289288 -3.058435 4.320827 11.708554 1.526241 4.999655
4.127973 -7.165799 -12.632945 2.376755 12.874072 -0.673169 5.000400
4.127954 -7.165623 -12.632978 2.376799 12.874069 -0.673120 5.000400
4.127910 -7.163751 -12.632872 2.376698 12.874067 -0.673141 5.000400
4.127829 -7.166079 -12.632949 2.376928 12.874066 -0.673164 5.000400
4.127645 -7.164783 -12.632917 2.376916 12.874056 -0.673187 5.000400
2.084075 -9.284310 -3.056317 4.321094 11.708621 1.525756 4.999655
4.127763 -7.165251 -12.632957 2.376817 12.874059 -0.673196 5.000400
4.127884 -7.164419 -12.632979 2.376905 12.874051 -0.673148 5.000400
4.127895 -7.164623 -12.633019 2.376793 12.874062 -0.673145 5.000400
4.127756 -7.164561 -12.632994 2.376784 12.874069 -0.673183 5.000400
4.127641 -7.164565 -12.632927 2.376890 12.874061 -0.673215 5.000400
4.127818 -7.165284 -12.632984 2.376923 12.874061 -0.673256 5.000400
2.083738 -9.283511 -3.055995 4.321064 11.708618 1.525828 4.999655
4.127755 -7.164564 -12.632951 2.376903 12.874060 -0.673237 5.000400
4.128000 -7.164529 -12.633008 2.376964 12.874060 -0.673136 5.000399
4.127876 -7.163774 -12.632990 2.376814 12.874071 -0.673230 5.000399
4.127869 -7.163186 -12.632987 2.376765 12.874061 -0.673240 5.000399
4.127751 -7.168193 -12.632961 2.376907 12.874062 -0.673246 5.000398
4.127835 -7.164007 -12.632995 2.376876 12.874061 -0.673245 5.000399
4.127791 -7.165774 -12.632925 2.377075 12.874043 -0.673221 5.000399
4.127815 -7.162437 -12.633022 2.376750 12.874063 -0.673368 5.000399
2.084584 -9.285866 -3.056954 4.321007 11.708543 1.525851 4.999653
4.127849 -7.162821 -12.634542 2.491830 12.899714 -0.696461 5.000394
4.127769 -7.167368 -12.632952 2.377003 12.874069 -0.673245 5.000398
4.127845 -7.169592 -12.632906 2.376694 12.874079 -0.673376 5.000398
2.083295 -9.282281 -3.055488 4.321086 11.708592 1.525747 4.999653
4.127832 -7.163141 -12.632924 2.376718 12.874077 -0.673246 5.000399
4.127897 -7.164689 -12.632998 2.376809 12.874069 -0.673282 5.000398
4.127898 -7.164701 -12.632997 2.376808 12.874069 -0.673280 5.000398
4.127898 -7.164721 -12.632998 2.376806 12.874069 -0.673277 5.000398
4.127898 -7.164748 -12.633001 2.376804 12.874070 -0.673274 5.000398
2.083996 -9.284167 -3.056256 4.321052 11.708584 1.525788 4.999654
4.127897 -7.164823 -12.633010 2.376800 12.874071 -0.673265 5.000399
4.127896 -7.164871 -12.633016 2.376798 12.874071 -0.673260 5.000399
4.127894 -7.164927 -12.633024 2.376796 12.874072 -0.673253 5.000399
4.127891 -7.164990 -12.633031 2.376795 12.874072 -0.673246 5.000399
4.127887 -7.165060 -12.633037 2.376793 12.874073 -0.673237 5.000399
4.127879 -7.165140 -12.633039 2.376793 12.874073 -0.673227 5.000398
4.127869 -7.165228 -12.633036 2.376794 12.874072 -0.673214 5.000398
4.127858 -7.165323 -12.633031 2.376796 12.874072 -0.673200 5.000398
4.127844 -7.165427 -12.633025 2.376798 12.874071 -0.673185 5.000398
2.084273 -9.285137 -3.056685 4.320980 11.708592 1.525949 4.999653
4.127813 -7.165658 -12.633011 2.376803 12.874069 -0.673152 5.000398
4.127796 -7.165785 -12.633003 2.376806 12.874068 -0.673133 5.000398
4.127777 -7.165919 -12.632994 2.376809 12.874066 -0.673113 5.000398
4.127757 -7.166062 -12.632986 2.376813 12.874065 -0.673092 5.000398
4.127736 -7.166212 -12.632977 2.376817 12.874063 -0.673070 5.000398
4.127713 -7.166370 -12.632967 2.376821 12.874061 -0.673046 5.000397
2.084621 -9.286392 -3.057252 4.320889 11.708598 1.526162 4.999652
4.127664 -7.166709 -12.632948 2.376830 12.874057 -0.672996 5.000397
2.084743 -9.286840 -3.057453 4.320857 11.708600 1.526238 4.999652
4.127610 -7.167080 -12.632927 2.376841 12.874053 -0.672940 5.000397
2.084076 -9.284593 -3.056468 4.321030 11.708582 1.525869 4.999652
