-34.587729 69.178102 -81.130945 83.489262 130.388449 17.242642 6.279458
-42.994901 87.199586 -93.673593 104.245742 152.247564 17.175498 8.844414
-34.588763 69.186797 -81.129183 83.490678 130.385331 17.241908 6.279339
-34.589253 69.190893 -81.128351 83.491298 130.383823 17.241573 6.279280
-31.358487 65.418563 24.525449 67.700854 170.386096 41.452919 3.372624
-31.359412 65.421434 24.526701 67.700643 170.384869 41.451928 3.372646
-31.360325 65.424224 24.527912 67.700404 170.383625 41.450982 3.372666
-31.361174 65.426845 24.529052 67.700172 170.382423 41.450073 3.372686
-31.361973 65.429323 24.530130 67.699938 170.381249 41.449199 3.372705
-31.362728 65.431661 24.531149 67.699700 170.380099 41.448366 3.372723
-31.363436 65.433862 24.532110 67.699464 170.378985 41.447571 3.372740
-31.364097 65.435921 24.533006 67.699226 170.377904 41.446820 3.372756
-31.364714 65.437848 24.533849 67.698991 170.376856 41.446103 3.372772
-31.365282 65.439632 24.534628 67.698758 170.375849 41.445431 3.372786
-31.365806 65.441280 24.535350 67.698527 170.374878 41.444797 3.372800
-31.366284 65.442790 24.536013 67.698304 170.373957 41.444204 3.372813
-31.366717 65.444163 24.536616 67.698084 170.373078 41.443655 3.372824
-31.367105 65.445401 24.537162 67.697872 170.372247 41.443148 3.372835
-31.367444 65.446501 24.537648 67.697671 170.371471 41.442680 3.372844
-30.375906 60.419129 22.140878 67.734839 172.815489 44.454949 3.363109
-31.367997 65.448303 24.538448 67.697291 170.370072 41.441879 3.372861
-31.368206 65.449003 24.538762 67.697119 170.369460 41.441542 3.372867
-31.368374 65.449570 24.539018 67.696956 170.368907 41.441254 3.372873
-31.368497 65.450013 24.539219 67.696811 170.368419 41.441006 3.372877
-31.368578 65.450318 24.539361 67.696679 170.367997 41.440806 3.372881
-31.358447 65.420080 24.526519 67.698622 170.379020 41.449856 3.372735
-31.384676 65.498509 24.559875 67.691671 170.345645 41.425182 3.373264
-31.364347 65.438171 24.534240 67.698868 170.375611 41.444879 3.372781
-31.351155 65.400114 24.518247 67.698616 170.382160 41.453849 3.372591
-31.382758 65.493813 24.558040 67.688691 170.338771 41.424036 3.373698
-31.363776 65.435149 24.532797 67.698457 170.376096 41.446542 3.372432
-31.353257 65.406857 24.521189 67.698170 170.379310 41.451366 3.372618
-31.365826 65.442431 24.536055 67.699277 170.375588 41.443834 3.372498
-31.372445 65.463853 24.545384 67.694707 170.358989 41.434423 3.373079
-31.365381 65.440248 24.535013 67.698921 170.375795 41.445012 3.372447
-31.371902 65.458346 24.542507 67.700112 170.375716 41.441875 3.372302
-31.369830 65.454877 24.541383 67.696685 170.366473 41.438870 3.372934
-31.365818 65.443152 24.536430 67.698010 170.372035 41.442522 3.372825
-31.368997 65.450722 24.539415 67.697576 170.370602 41.441814 3.372825
-31.367554 65.446958 24.537885 67.697178 170.370121 41.442217 3.372663
-31.379402 65.481836 24.552668 67.693991 170.355348 41.431583 3.373120
-31.377312 65.476735 24.550634 67.694639 170.357367 41.432495 3.373093
-31.353724 65.405799 24.520395 67.703198 170.393311 41.456341 3.372204
-31.365685 65.440997 24.535305 67.698857 170.375652 41.444972 3.372695
-31.387243 65.504938 24.562436 67.692443 170.346995 41.424927 3.373343
-31.375819 65.470795 24.547811 67.699372 170.371158 41.437941 3.372618
-31.347565 65.389039 24.513418 67.700611 170.389724 41.458380 3.372382
-31.377444 65.477631 24.551072 67.690443 170.346701 41.429646 3.373747
-31.370118 65.453650 24.540575 67.697856 170.371105 41.441741 3.372838
-31.343738 65.377673 24.508621 67.702564 170.396713 41.462279 3.372266
-31.377772 65.478224 24.551284 67.691099 170.348364 41.430107 3.373403
-31.375500 65.468297 24.546617 67.699278 170.372250 41.439607 3.372508
-31.350487 65.396095 24.516311 67.697791 170.382300 41.456167 3.372732
-31.370123 65.455550 24.541726 67.691503 170.353917 41.436157 3.373572
-31.367756 65.446313 24.537465 67.699837 170.377456 41.444802 3.372496
-31.356189 65.414069 24.524050 67.699748 170.382611 41.451594 3.372547
-31.362583 65.432704 24.531945 67.695561 170.368772 41.444703 3.373131
-31.362151 65.430686 24.530909 67.702405 170.386226 41.449416 3.372179
-31.362953 65.432825 24.531811 67.697042 170.372948 41.446235 3.372869
-31.368447 65.451384 24.540039 67.695926 170.364996 41.438988 3.372972
-31.366006 65.443060 24.536365 67.697329 170.370805 41.442786 3.372880
-31.367341 65.446710 24.537835 67.696275 170.367693 41.441533 3.372833
-31.359913 65.426057 24.529252 67.697812 170.374769 41.446595 3.372913
-31.361244 65.428798 24.530250 67.698576 170.376837 41.447281 3.372550
-31.376583 65.474741 24.549821 67.693027 170.353639 41.431966 3.373313
-31.354652 65.410007 24.522372 67.700744 170.385541 41.452810 3.372427
-31.354740 65.410190 24.522472 67.697149 170.376794 41.450844 3.372754
-31.357368 65.420466 24.527213 67.692263 170.361153 41.443450 3.373344
-31.380732 65.489613 24.556528 67.690910 170.343691 41.424718 3.373309
-31.360371 65.425284 24.528674 67.702283 170.387076 41.450812 3.371992
-31.352601 65.405456 24.520748 67.695491 170.372628 41.449803 3.373101
-31.372749 65.464048 24.545444 67.694527 170.358934 41.434868 3.373047
-31.362503 65.431656 24.531375 67.701789 170.384566 41.448900 3.372126
-31.358128 65.421889 24.527672 67.695452 170.369183 41.445552 3.373125
-31.359254 65.422679 24.527642 67.701444 170.385097 41.450493 3.372413
-31.358008 65.417689 24.525314 67.704081 170.393361 41.454271 3.372245
-31.363190 65.435422 24.533140 67.695828 170.368298 41.443505 3.373133
-31.356090 65.415898 24.525038 67.698139 170.376960 41.448613 3.372636
-31.360404 65.426518 24.529293 67.698041 170.375795 41.447380 3.372628
-31.383318 65.493658 24.557651 67.694967 170.355057 41.428877 3.373082
-31.346646 65.385066 24.511557 67.704656 170.400904 41.462433 3.371955
-31.361044 65.429654 24.530750 67.698351 170.375105 41.445773 3.372746
-31.387317 65.505235 24.562485 67.696876 170.357444 41.427118 3.372969
-31.380153 65.488333 24.555877 67.688321 170.337844 41.424007 3.373962
-31.341659 65.397112 24.520353 67.668629 170.294640 41.419313 3.377008
-31.342729 65.408586 24.526652 67.650314 170.242746 41.400070 3.378411
-31.341806 65.399838 24.522306 67.662964 170.279028 41.413844 3.375916
-31.324777 65.340397 24.495993 67.675767 170.327997 41.443374 3.373630
-31.337079 65.376275 24.511223 67.665960 170.297227 41.429298 3.374241
-31.346674 65.388634 24.514167 67.694305 170.373366 41.453744 3.370070
-31.331357 65.322632 24.483128 67.731580 170.490025 41.506913 3.365765
-31.283858 65.177540 24.420649 67.756238 170.581704 41.560632 3.364193
-31.325333 65.293620 24.468695 67.756214 170.561403 41.534972 3.365250
-31.377178 65.441267 24.530194 67.752601 170.525766 41.498997 3.366236
-31.372028 65.431219 24.526368 67.748852 170.515268 41.495323 3.367951
-31.372782 65.435530 24.528290 67.752989 170.522722 41.494365 3.368415
-31.367702 65.416797 24.519667 67.768009 170.564795 41.509667 3.366763
-31.359723 65.364309 24.493361 67.814798 170.705915 41.570048 3.360178
-31.271265 65.080045 24.369504 67.887106 170.951354 41.697792 3.352610
-31.146184 64.679355 24.195252 67.973217 171.257766 41.867744 3.344598
-30.880912 63.833180 23.827762 68.156150 171.907403 42.226421 3.330234
-30.369841 62.221931 23.129848 68.508345 173.144737 42.900311 3.305702
-29.697679 60.134602 22.228316 68.994041 174.801012 43.765996 3.276126
-29.111676 58.291209 21.426607 69.506355 176.479723 44.592367 3.245838
-28.720336 57.026795 20.868110 69.980686 177.948695 45.249145 3.215599
-28.461620 56.187612 20.491313 70.433780 179.260588 45.760577 3.185251
-28.304556 55.708872 20.272162 70.863986 180.407421 46.120676 3.156913
-28.213251 55.480717 20.164408 71.215149 181.277784 46.331288 3.140328
-28.145011 55.375018 20.114412 71.465825 181.846815 46.415837 3.136649
-28.068645 55.277225 20.071847 71.629816 182.184485 46.428415 3.140689
-28.027865 55.265164 20.063574 71.676901 182.235612 46.375548 3.156975
-27.968477 55.230862 20.052019 71.627188 182.038812 46.253954 3.183552
-27.901306 55.185829 20.039843 71.441754 181.509202 46.056021 3.222257
-27.878315 55.276315 20.088130 71.117946 180.615867 45.748676 3.275988
-27.975411 55.722495 20.291052 70.590353 179.159029 45.244757 3.343696
-28.675270 57.994979 21.277788 69.656957 176.322858 44.024900 3.429016
-31.653213 67.138512 25.192034 67.774496 169.713207 40.434730 3.538210
-35.646522 79.317591 30.405815 65.393244 161.263459 35.783072 3.661659
-36.371847 81.570860 31.415306 64.027967 157.443021 34.426807 3.752995
-36.149412 80.992108 31.242358 62.772522 154.480701 33.880897 3.831706
-16.371101 63.849597 29.338047 75.880557 163.332159 11.688699 0.266856
-35.207285 78.482457 30.396628 59.864683 147.798431 32.837609 3.980090
-34.426513 76.520030 29.731379 57.916219 143.276565 32.075133 4.013101
-33.598585 74.428665 29.012642 55.992238 138.840413 31.351802 4.052018
-32.719480 72.191587 28.256924 54.110036 134.514661 30.660829 4.082830
-31.734529 69.734605 27.424499 52.167452 130.044471 29.943116 4.109428
-30.769709 67.313418 26.617127 50.296372 125.752730 29.272603 4.131510
-29.821983 64.934656 25.834274 48.452430 121.522965 28.611301 4.149607
-28.855706 62.541887 25.051102 46.588363 117.224555 27.909269 4.165375
-27.696532 59.953068 24.201502 44.620963 112.534732 26.945034 4.181188
-26.670854 57.582377 23.409823 43.081184 108.895029 26.235190 4.193650
-25.711268 55.411871 22.694449 41.930812 106.158007 25.671303 4.205156
-24.843219 53.248874 21.937633 40.688107 103.361590 25.263499 4.243086
-24.170630 52.058608 21.585324 39.587599 100.565388 24.452796 4.223762
-23.663911 50.930771 21.242535 38.449255 97.834462 23.849107 4.232974
-23.342216 50.192415 21.034751 37.519295 95.630254 23.376689 4.241714
-23.157176 49.740815 20.922036 36.750954 93.834647 23.004902 4.251031
-23.075295 49.492391 20.871263 36.090626 92.323666 22.714469 4.262038
-21.914443 47.595467 20.226996 34.970909 89.024798 21.330111 4.269890
-20.342605 45.021132 19.311096 33.606591 84.907192 19.538905 4.274955
-18.662544 42.245251 18.256654 32.102072 80.475718 17.686345 4.278080
-16.942412 39.310075 17.141663 30.516452 75.816730 15.791481 4.279146
-14.398208 34.804555 15.401207 27.761947 68.048870 12.966121 4.270248
-12.692342 34.448838 15.743523 23.710093 55.220833 7.091694 -0.304180
-10.594331 28.091269 12.642510 24.100679 57.567804 9.034171 4.217114
-8.733561 24.697025 11.249089 22.192162 52.213848 7.120962 4.178336
-6.805700 21.118564 9.773370 20.140500 46.530157 5.172942 4.096403
-4.915266 17.546975 8.293423 18.050468 40.812898 3.295778 3.971842
-2.452411 12.689323 6.328654 14.854971 32.374362 0.849977 3.787968
-0.873342 9.616588 5.047674 12.995138 27.376130 -0.671894 3.559898
0.422469 7.070081 3.978328 11.441957 23.225065 -1.903234 3.287195
1.527300 4.858614 3.054488 10.011940 19.448355 -2.962259 2.989015
2.446924 3.139675 2.253265 8.850344 16.270171 -3.800110 2.682523
3.127449 1.777563 1.686245 7.876049 13.685437 -4.501870 2.394939
3.618928 0.809375 1.280264 7.135515 11.694434 -5.047775 2.134394
3.995783 0.170668 0.946579 6.620113 10.166998 -5.456387 1.898463
4.246275 -0.258782 0.756086 6.240663 9.056445 -5.810688 1.688595
3.519621 0.626873 1.078049 5.749905 8.507043 -5.264761 1.534827
4.497877 -0.487877 0.616364 5.913180 7.830735 -6.369505 1.321341
4.670739 -0.576564 0.457550 5.852767 7.230809 -6.642909 1.163638
4.709872 -0.446818 0.478213 5.857339 6.989933 -6.885269 0.997096
4.615809 0.065894 0.704733 5.755821 6.393219 -7.259823 0.798918
4.625791 0.279670 0.736337 5.874293 6.416022 -7.463934 0.613986
4.588544 0.590610 0.800768 6.007167 6.501857 -7.637278 0.416445
4.517966 0.945014 0.875248 6.139992 6.627131 -7.771469 0.202122
4.141952 1.889340 1.230897 6.125815 6.498772 -7.838542 -0.010825
4.279278 1.789241 1.063810 6.376552 6.916006 -7.942704 -0.269319
4.183328 2.188915 1.137634 6.512066 7.086512 -8.043080 -0.554175
4.106720 2.532878 1.178224 6.585149 7.078348 -8.145292 -0.814730
4.072142 2.857475 1.225997 6.691713 7.109884 -8.316411 -0.917881
4.031038 3.220780 1.282587 6.811634 7.160012 -8.496341 -1.047415
4.019314 3.562461 1.331377 6.926282 7.149157 -8.718797 -1.134498
4.072725 4.138397 1.519111 7.067515 6.788923 -9.303003 -1.181901
4.209930 4.062749 1.359899 7.186648 6.856677 -9.454856 -1.095111
4.345382 4.202791 1.258871 7.280990 6.647633 -9.746409 -1.001902
4.505571 4.320829 1.215459 7.373597 6.385022 -10.123628 -0.866282
4.711120 4.432525 1.178629 7.462618 5.996089 -10.590738 -0.703424
4.951772 4.524381 1.146493 7.530108 5.464706 -11.119151 -0.527792
5.289391 4.640304 1.031547 7.539251 4.600527 -11.665309 -0.132213
5.560796 4.578092 0.940099 7.554563 3.969251 -12.125815 0.184035
8.375315 -1.621532 -2.133159 8.140909 4.926745 -12.479678 0.512765
5.620231 5.417868 0.658836 8.186040 5.100064 -12.272867 1.337685
6.588989 3.464772 0.162416 7.459952 2.193313 -12.918141 1.366754
6.865257 3.158237 -0.034293 7.419047 1.608982 -13.154982 1.705363
7.132786 2.965847 -0.171033 7.395871 0.931219 -13.464861 2.065481
7.366353 2.665410 -0.399416 7.395590 0.563588 -13.586392 2.324728
7.617141 2.386579 -0.709197 7.423480 0.295500 -13.628147 2.558902
7.832408 2.127550 -0.951554 7.456400 0.069477 -13.703697 2.793437
8.055584 1.902714 -1.187227 7.510147 -0.153324 -13.810186 3.021851
8.285754 1.733450 -1.405960 7.583689 -0.396814 -13.960924 3.243880
8.514666 1.606491 -1.612891 7.667075 -0.650815 -14.130308 3.462749
8.746229 1.553828 -1.801416 7.771323 -0.920736 -14.340482 3.667222
8.954846 1.641933 -1.944133 7.893685 -1.215147 -14.588222 3.819877
9.171929 1.222587 -2.343515 7.948451 -1.085874 -14.461553 4.015591
9.413919 1.165842 -2.595224 8.080814 -1.179841 -14.617153 4.165761
9.578710 1.242285 -2.774327 8.172860 -1.318616 -14.726784 4.290744
9.808344 1.186002 -3.011565 8.265629 -1.495610 -14.855266 4.397045
10.048758 1.184763 -3.330938 8.366320 -1.581614 -14.908772 4.488041
10.299753 1.194179 -3.668303 8.477855 -1.605825 -14.932392 4.563357
10.466811 0.748396 -4.116155 8.512960 -1.166492 -14.677975 4.624996
10.630871 0.616743 -4.445401 8.589420 -0.913880 -14.592390 4.668843
10.834195 0.577149 -4.824919 8.737069 -0.550965 -14.568646 4.683552
10.941518 0.494326 -5.137291 8.800191 -0.172674 -14.424972 4.703567
11.030250 0.384455 -5.468224 8.847160 0.290068 -14.232665 4.719301
11.100751 0.234577 -5.807832 8.885263 0.847879 -14.000442 4.732745
11.164473 0.041176 -6.158108 8.915098 1.461135 -13.746501 4.747570
11.226899 -0.169016 -6.504586 8.943046 2.090031 -13.496795 4.761389
11.272900 -0.362043 -6.825816 8.955554 2.696370 -13.246060 4.767810
11.287923 -0.522131 -7.104957 8.944722 3.265700 -12.982922 4.766175
11.287366 -0.612667 -7.357945 8.925964 3.759629 -12.749816 4.751940
11.278366 -0.606472 -7.551996 8.910455 4.211392 -12.539302 4.722423
11.260899 -0.520823 -7.708685 8.892531 4.602490 -12.351173 4.681981
11.224900 -0.930300 -8.039640 8.846536 5.460643 -11.954653 4.637026
11.194652 -0.841939 -8.175388 8.818467 5.832882 -11.771988 4.584730
11.132831 -0.591754 -8.231581 8.780056 6.101487 -11.602029 4.525894
11.204825 -0.572620 -8.410520 8.803889 6.375428 -11.530956 4.478732
11.264188 -0.378957 -8.538922 8.831770 6.575844 -11.490261 4.425431
11.341878 -0.183685 -8.674492 8.866077 6.749616 -11.467605 4.375597
11.477451 0.082631 -8.820537 8.925960 6.781777 -11.532491 4.334310
11.667122 0.352115 -8.987234 9.015411 6.787916 -11.653576 4.297717
11.906344 0.624867 -9.177245 9.124355 6.734509 -11.825452 4.266217
12.206765 0.891421 -9.402869 9.260556 6.630759 -12.057537 4.241178
12.548653 1.159001 -9.662338 9.418164 6.526333 -12.323903 4.218828
12.726267 1.121188 -9.973148 9.508415 6.937026 -12.314681 4.174956
13.121850 1.302526 -10.314501 9.704336 6.863105 -12.593805 4.148715
13.566646 1.498728 -10.682915 9.922675 6.835093 -12.934281 4.124785
14.053651 1.729076 -11.079976 10.161927 6.795866 -13.312753 4.099110
14.587722 1.971775 -11.521113 10.427032 6.778643 -13.726542 4.070496
14.942703 3.969803 -11.677406 10.596835 6.683054 -14.013732 4.045908
15.674411 2.847704 -12.662354 11.083120 7.721468 -14.458755 3.997866
16.329514 2.392615 -13.109137 11.306086 7.139401 -14.987324 3.952932
16.997254 2.601412 -13.725549 11.659713 7.162979 -15.445999 3.901440
17.706090 2.942285 -14.338235 12.003661 7.243216 -15.968883 3.851011
18.482893 3.390418 -15.005683 12.368391 7.322284 -16.528302 3.795753
19.318114 3.943046 -15.717516 12.734241 7.369038 -17.101995 3.737500
20.040493 4.110544 -16.382201 13.028774 7.450982 -17.555671 3.682593
20.952501 4.772144 -17.163597 13.365875 7.437753 -18.107633 3.629878
21.944250 5.621826 -17.993470 13.679887 7.314070 -18.655920 3.585188
22.978764 6.519371 -18.878518 13.950725 7.155220 -19.146348 3.553426
24.060372 7.471305 -19.821844 14.165406 6.937959 -19.563358 3.543943
25.144961 8.362838 -20.845152 14.336217 6.610810 -19.828832 3.554554
26.251538 9.264735 -21.870965 14.409756 6.320398 -20.038059 3.623464
27.208897 9.794591 -22.318192 14.180226 4.287884 -20.218144 3.850216
28.669106 11.670386 -24.697013 14.436033 7.277185 -19.860951 4.108700
29.442268 11.131717 -24.963395 14.265487 5.161680 -20.140890 4.279548
30.324567 11.365264 -25.759706 14.059243 4.350835 -20.015831 4.712757
30.979181 11.285588 -26.198078 13.734123 2.982859 -19.822567 5.263803
31.358290 10.919574 -26.151581 13.266340 0.816413 -19.568659 5.825172
31.648279 10.479641 -25.973627 12.768428 -1.777984 -19.168576 6.160314
32.070404 10.335348 -26.001834 12.267907 -3.828680 -18.773243 6.201870
32.642254 10.380583 -26.401006 11.834489 -5.113396 -18.291308 6.036604
33.308002 10.505496 -27.067936 11.454092 -5.798372 -17.750286 5.755770
33.863411 10.552847 -27.814949 11.096075 -5.868688 -17.114191 5.362760
34.538033 10.595314 -28.844970 10.850163 -5.318191 -16.534097 4.926841
35.169020 10.464780 -30.019930 10.671690 -4.512078 -15.696316 4.562839
35.589875 10.383970 -30.820102 10.352773 -3.908749 -15.007700 4.364011
35.833671 10.082194 -31.444818 10.007569 -3.685092 -14.159963 4.265850
35.949833 9.861272 -31.780140 9.596420 -3.588373 -13.427694 4.207046
35.959027 9.594576 -31.964102 9.168892 -3.610792 -12.690253 4.162494
35.843416 9.139898 -31.975927 8.848889 -3.664421 -12.125449 4.124142
35.702656 8.849266 -32.098067 8.302671 -3.905272 -11.183982 4.089131
35.507199 8.503808 -31.998292 7.889903 -4.082809 -10.493283 4.056635
35.306735 8.167574 -31.878581 7.487763 -4.278008 -9.818493 4.026051
35.139106 7.852142 -31.790401 7.103545 -4.446002 -9.164085 3.997058
34.869923 7.509103 -31.616686 6.724627 -4.543448 -8.507029 3.969285
34.492796 7.129783 -31.372068 6.348938 -4.580085 -7.852251 3.942680
34.015918 6.741706 -31.009611 5.981153 -4.576833 -7.203639 3.917362
33.440935 6.344589 -30.545956 5.613251 -4.565992 -6.557648 3.893341
32.783137 5.936179 -30.006716 5.261246 -4.508034 -5.935239 3.870625
31.969291 5.470394 -29.429432 4.922332 -4.427309 -5.364842 3.848910
31.131743 5.021566 -28.723548 4.632586 -4.269471 -4.843019 3.828661
30.228697 4.566287 -27.971905 4.375453 -4.026323 -4.370735 3.809592
29.144814 4.017620 -27.225211 4.209951 -3.745993 -4.078952 3.791130
28.132623 3.609776 -26.394045 3.961699 -3.395612 -3.634179 3.774184
27.094453 3.129914 -25.521162 3.837821 -3.038902 -3.387243 3.758082
26.019055 2.665700 -24.611697 3.732436 -2.674376 -3.175512 3.742541
24.832752 2.231105 -23.776334 3.636431 -2.365475 -3.008978 3.726604
24.034027 1.871370 -23.108763 3.569017 -2.086372 -2.880972 3.711171
26.351636 2.010867 -25.098452 3.694242 -3.048928 -3.100137 3.697718
25.685176 1.745644 -24.528801 3.579276 -2.883668 -2.907777 3.679717
24.872812 1.464898 -23.821778 3.481502 -2.691166 -2.744438 3.658598
24.011990 1.221178 -23.123859 3.378906 -2.567571 -2.585854 3.633640
23.200746 0.980920 -22.377615 3.292446 -2.495487 -2.452104 3.606861
22.421609 0.743771 -21.653735 3.237590 -2.447467 -2.369992 3.581893
21.636634 0.511830 -20.910285 3.201403 -2.440701 -2.320293 3.561210
20.857428 0.280905 -20.165813 3.190662 -2.453196 -2.313298 3.545850
19.986688 0.095852 -19.506320 3.196521 -2.513676 -2.357489 3.536083
19.227332 -0.118286 -18.769501 3.216828 -2.564341 -2.414250 3.531021
18.475960 -0.321334 -18.037331 3.245358 -2.626234 -2.487597 3.528972
17.747518 -0.522937 -17.314562 3.295790 -2.727601 -2.597514 3.529515
17.017223 -0.731381 -16.587511 3.373323 -2.835730 -2.751502 3.531475
16.319935 -0.928599 -15.891400 3.458845 -2.950426 -2.920125 3.534025
15.545444 -1.071117 -15.290391 3.552049 -3.099939 -3.102191 3.529609
14.906256 -1.238316 -14.657057 3.638408 -3.201009 -3.282721 3.515553
14.288106 -1.391705 -14.068327 3.721522 -3.230213 -3.461284 3.505482
13.698026 -1.533622 -13.500909 3.805130 -3.278263 -3.642035 3.497520
13.095362 -1.663946 -12.923365 3.881591 -3.317801 -3.813607 3.489875
12.481269 -1.781739 -12.335029 3.948536 -3.353010 -3.971132 3.482784
11.868358 -1.893384 -11.740886 4.015445 -3.405814 -4.127804 3.471684
11.135700 -1.958571 -11.219307 4.107586 -3.361081 -4.342160 3.433517
10.832798 -2.036219 -10.958060 4.182112 -3.330756 -4.517371 3.365330
11.088799 -2.067787 -11.281077 4.268412 -3.215854 -4.711955 3.282547
11.340941 -2.105772 -11.594232 4.363944 -3.115892 -4.919595 3.199751
11.356111 -2.062112 -11.770641 4.445311 -3.082436 -5.131832 3.121728
11.403855 -2.113851 -11.812577 4.538730 -3.186090 -5.330961 3.041757
11.477704 -2.176383 -11.853039 4.651915 -3.378208 -5.556038 2.955232
11.593722 -2.242653 -11.907894 4.776536 -3.663580 -5.794373 2.855070
11.759310 -2.313604 -11.974355 4.914941 -4.082311 -6.048965 2.746757
11.938237 -2.249805 -12.096468 5.021926 -4.523594 -6.330823 2.634979
12.167115 -2.309082 -12.184092 5.150124 -5.107487 -6.566711 2.521558
12.383283 -2.371859 -12.249154 5.279997 -5.742224 -6.804827 2.406472
12.477487 -2.439634 -12.180931 5.401438 -6.433416 -7.029328 2.292783
12.256403 -2.528225 -11.785973 5.517561 -7.178794 -7.245390 2.185828
11.905755 -2.625186 -11.267538 5.632316 -7.920542 -7.461823 2.080411
11.892439 -2.607922 -11.130453 5.724184 -8.545368 -7.722851 1.954201
11.957482 -2.685596 -11.040489 5.853428 -9.296983 -7.968192 1.810190
12.059140 -2.756657 -10.987296 5.976272 -10.073518 -8.205068 1.642591
12.138858 -2.685332 -10.946542 6.048114 -10.745256 -8.470226 1.446660
12.231693 -2.596198 -10.935091 6.121059 -11.386826 -8.724451 1.215955
12.354466 -2.664759 -10.912607 6.242370 -12.203996 -8.968016 0.946915
12.476210 -2.727600 -10.901344 6.354836 -12.998746 -9.200449 0.644631
12.583269 -2.732682 -10.903086 6.432121 -13.703545 -9.400836 0.315464
12.688577 -2.769862 -10.908892 6.501828 -14.405067 -9.571220 -0.032441
12.784685 -2.788156 -10.922208 6.539737 -15.052645 -9.692487 -0.387087
12.865446 -2.787665 -10.953511 6.543903 -15.564878 -9.762697 -0.726667
12.931480 -2.770804 -11.006530 6.517267 -15.916609 -9.786104 -1.023688
12.984627 -2.712439 -11.087819 6.445550 -16.074997 -9.749679 -1.250345
13.023823 -2.654252 -11.193727 6.339819 -16.034539 -9.648339 -1.382209
13.034954 -2.578036 -11.327877 6.196387 -15.700266 -9.487666 -1.389171
13.010867 -2.484756 -11.475155 6.016705 -15.096990 -9.269021 -1.282660
12.958454 -2.382864 -11.634097 5.815737 -14.254388 -9.016535 -1.084868
12.884050 -2.267331 -11.798344 5.585530 -13.226365 -8.715355 -0.816938
12.785792 -2.141778 -11.980319 5.331455 -11.929849 -8.375957 -0.437146
12.681638 -2.005434 -12.191245 5.052957 -10.389806 -7.996392 0.063647
12.597534 -1.785669 -12.426630 4.733906 -8.772757 -7.595744 0.617719
12.542935 -1.646253 -12.656552 4.442818 -7.270146 -7.185249 1.167779
12.612551 -1.786715 -12.834205 4.667238 -6.750521 -7.631370 1.428734
12.508785 -1.400914 -13.074927 3.911190 -4.747960 -6.426522 2.238632
12.557690 -1.281108 -13.258208 3.646122 -3.941534 -6.032598 2.435075
12.609890 -1.173003 -13.427158 3.397186 -3.204812 -5.660587 2.719025
12.687604 -1.066697 -13.587838 3.146223 -2.636722 -5.277686 2.936097
12.775208 -0.891773 -13.738443 2.874939 -2.230652 -4.903650 3.084447
12.889346 -0.797685 -13.879809 2.634449 -1.954074 -4.526312 3.187831
13.017377 -0.711128 -14.022679 2.401317 -1.738427 -4.157039 3.267846
13.157673 -0.631896 -14.166553 2.175436 -1.580260 -3.796065 3.325666
13.302461 -0.568457 -14.306166 1.973738 -1.469169 -3.472647 3.365529
13.445659 -0.512308 -14.440387 1.780092 -1.373210 -3.159800 3.399977
13.580074 -0.365272 -14.582644 1.563457 -1.281396 -2.929884 3.431127
13.732993 -0.345004 -14.724997 1.428372 -1.186343 -2.715668 3.463346
13.870557 -0.345049 -14.854289 1.330251 -1.076194 -2.564781 3.499669
13.998706 -0.358322 -14.976212 1.255634 -0.950414 -2.454426 3.539904
14.134435 -0.394478 -15.106585 1.223501 -0.819137 -2.417620 3.578794
14.265234 -0.446720 -15.232244 1.221758 -0.685540 -2.433423 3.614853
14.382478 -0.386340 -15.341028 0.988778 -0.519612 -2.046227 3.639543
14.499507 -0.580211 -15.460216 1.275013 -0.386516 -2.565524 3.691039
14.593021 -0.569508 -15.546446 1.294303 -0.205666 -2.759087 3.722081
14.682556 -0.663490 -15.633260 1.379015 -0.054465 -2.929574 3.747695
14.775009 -0.773735 -15.722513 1.498117 0.091618 -3.161672 3.767564
14.846102 -0.890350 -15.789734 1.635049 0.230335 -3.426379 3.782879
14.913549 -1.017721 -15.852945 1.797568 0.364488 -3.737933 3.794264
14.957408 -1.153144 -15.891715 1.984289 0.485874 -4.094101 3.801954
14.991232 -1.289955 -15.918793 2.180407 0.594457 -4.469262 3.806925
15.030480 -1.332939 -15.936694 2.348426 0.705549 -4.892096 3.809103
15.035963 -1.470569 -15.931810 2.564455 0.777935 -5.309869 3.810139
14.043503 11.356088 -15.911042 -6.707635 2.087339 -2.627084 3.814849
13.013977 21.144636 -15.418528 -3.423691 3.615271 -10.070897 3.806003
15.015897 -1.848882 -15.868377 3.192597 0.899496 -6.547448 3.812103
15.000086 -1.960633 -15.834086 3.389705 0.905027 -6.946138 3.812595
14.961398 -2.057555 -15.774976 3.566761 0.889804 -7.313296 3.812838
14.917792 -2.141649 -15.709067 3.724330 0.858167 -7.650001 3.812910
14.874845 -2.074055 -15.632556 3.821020 0.832809 -8.013004 3.812725
14.831499 -2.137966 -15.565786 3.947958 0.787407 -8.305312 3.812271
14.814985 -2.190127 -15.523714 4.048405 0.736361 -8.553688 3.811795
14.821704 -2.228090 -15.503113 4.116181 0.682748 -8.745923 3.811288
14.826339 -2.255406 -15.480285 4.164540 0.623635 -8.905159 3.810821
14.798311 -2.260265 -15.427188 4.170881 0.576907 -8.988749 3.810604
14.756097 -2.255432 -15.359722 4.160305 0.513980 -9.041392 3.809454
14.709624 -2.150329 -15.300555 4.088094 0.461625 -9.062632 3.808886
14.664617 -2.122237 -15.232004 4.022216 0.408527 -9.011517 3.808275
14.623246 -2.085483 -15.167874 3.932043 0.362404 -8.912473 3.807546
14.611902 -2.046325 -15.133112 3.824322 0.323626 -8.777210 3.806769
14.649829 -2.007224 -15.145765 3.698428 0.293787 -8.603638 3.805917
14.754948 -1.971610 -15.222477 3.556608 0.272601 -8.395187 3.805035
14.909077 -1.937530 -15.345761 3.398511 0.257299 -8.150396 3.804107
15.041122 -1.896098 -15.448258 3.222832 0.241982 -7.866235 3.803117
15.114517 -1.843093 -15.495424 3.030072 0.221185 -7.543238 3.802218
15.177640 -1.783733 -15.532943 2.817523 0.200941 -7.175824 3.801317
15.213747 -1.679011 -15.566177 2.572216 0.176520 -6.780230 3.800639
15.273618 -1.611639 -15.600723 2.325891 0.158049 -6.335301 3.799848
15.327011 -1.545812 -15.629991 2.080382 0.142171 -5.886015 3.799056
15.357471 -1.472729 -15.654387 1.839736 0.126737 -5.470430 3.798279
15.393086 -1.420040 -15.670276 1.630330 0.117347 -5.081764 3.797328
15.457403 -1.399258 -15.688853 1.434180 0.113046 -4.732857 3.796421
15.500046 -1.375916 -15.710708 1.288799 0.109714 -4.450713 3.795427
15.525245 -1.368583 -15.725757 1.213130 0.110229 -4.313531 3.794241
15.546068 -1.364425 -15.738056 1.149122 0.112824 -4.196988 3.793004
15.566666 -1.367894 -15.745629 1.090786 0.119386 -4.075570 3.791755
15.571828 -1.367902 -15.746005 1.047637 0.128999 -3.996784 3.790209
15.708653 -1.476050 -15.853427 1.262163 -0.295135 -4.408129 3.793316
15.496311 -1.343780 -15.675792 0.920008 0.354724 -3.750535 3.783819
15.531807 -1.395386 -15.701975 1.021557 0.180533 -3.949149 3.783823
15.510875 -1.422439 -15.673335 1.040679 0.209969 -3.970277 3.781100
15.471507 -1.434065 -15.638355 1.058334 0.238860 -4.006189 3.777761
15.427154 -1.448040 -15.599225 1.086604 0.264116 -4.062261 3.774616
15.372848 -1.461809 -15.551516 1.119934 0.293759 -4.127914 3.771242
15.331040 -1.478160 -15.516097 1.157049 0.328983 -4.200829 3.767357
15.294562 -1.495154 -15.482820 1.189506 0.362473 -4.262757 3.763335
15.278357 -1.513602 -15.471381 1.225499 0.397253 -4.333403 3.759190
15.283502 -1.532444 -15.479238 1.255776 0.426746 -4.393057 3.755802
15.291705 -1.549819 -15.489458 1.282506 0.452766 -4.446021 3.752728
15.274434 -1.558873 -15.474971 1.297633 0.475159 -4.476659 3.748608
15.249046 -1.565802 -15.452241 1.311544 0.490595 -4.504816 3.744749
15.219350 -1.571336 -15.424934 1.324608 0.499654 -4.531154 3.741740
15.208909 -1.584595 -15.405896 1.337229 0.509664 -4.552198 3.740599
15.208872 -1.593999 -15.405509 1.350861 0.513559 -4.579592 3.739969
15.205792 -1.601843 -15.401721 1.362053 0.514866 -4.602373 3.739802
15.189491 -1.607418 -15.385559 1.372916 0.519298 -4.624660 3.738623
15.163291 -1.611248 -15.360138 1.383704 0.525915 -4.646852 3.736375
28.181740 -11.509064 -28.700341 24.852533 1.118874 -49.994004 11.130452
15.105898 -1.615227 -15.294248 1.396174 0.538961 -4.673852 3.720810
15.070573 -1.616184 -15.260346 1.405080 0.552214 -4.692262 3.727777
15.032056 -1.615182 -15.222812 1.410591 0.557261 -4.703876 3.724565
14.990672 -1.612663 -15.182285 1.413729 0.557868 -4.710683 3.722426
14.951668 -1.609489 -15.143785 1.414453 0.555028 -4.712609 3.721583
14.914052 -1.606081 -15.106608 1.414112 0.550481 -4.712285 3.721335
14.873727 -1.602017 -15.067152 1.413098 0.547005 -4.710496 3.720479
14.839907 -1.605509 -15.031184 1.419719 0.549726 -4.694623 3.720294
14.803584 -1.602379 -14.995991 1.419941 0.546862 -4.694857 3.719538
14.771479 -1.628872 -14.979450 1.505181 0.711544 -4.860440 3.711836
14.752224 -1.601386 -14.946778 1.427559 0.546139 -4.708631 3.716708
14.729136 -1.608357 -14.926329 1.443988 0.553422 -4.712412 3.714894
14.713814 -1.610211 -14.912067 1.452064 0.554996 -4.727165 3.713723
14.702971 -1.612318 -14.901945 1.459753 0.555148 -4.741082 3.713428
14.693021 -1.613700 -14.892398 1.465607 0.551845 -4.751404 3.714456
14.682213 -1.613783 -14.881861 1.468385 0.547270 -4.755807 3.715589
14.671741 -1.619233 -14.867368 1.471455 0.546386 -4.750378 3.716881
14.650381 -1.617076 -14.847057 1.472437 0.542140 -4.751335 3.717088
14.703147 -1.604808 -14.892183 1.411654 0.528260 -4.633051 3.717927
14.606512 -1.614345 -14.806103 1.479612 0.537733 -4.763227 3.716414
14.588552 -1.612921 -14.789388 1.481604 0.536260 -4.766049 3.715749
14.573266 -1.612217 -14.775259 1.484757 0.534888 -4.771090 3.715586
14.567177 -1.612678 -14.769680 1.487540 0.533099 -4.775418 3.716228
14.561640 -1.617676 -14.762516 1.490428 0.532678 -4.774286 3.716862
14.552636 -1.616813 -14.754103 1.490919 0.530560 -4.774281 3.717218
14.545612 -1.616049 -14.747459 1.490772 0.528418 -4.773113 3.717670
14.540920 -1.616017 -14.743046 1.491621 0.527615 -4.773961 3.717791
14.534221 -1.619900 -14.737446 1.495094 0.527595 -4.773730 3.717444
14.530079 -1.620230 -14.733419 1.496681 0.527806 -4.776199 3.717401
14.529148 -1.621163 -14.732336 1.498666 0.528333 -4.779524 3.717463
14.529467 -1.622388 -14.732367 1.501048 0.528920 -4.783705 3.717630
14.535709 -1.624634 -14.737892 1.503980 0.529495 -4.789026 3.718319
14.542456 -1.628773 -14.743589 1.506892 0.529640 -4.792319 3.719207
14.550055 -1.630870 -14.750300 1.509209 0.529254 -4.796594 3.720266
14.562306 -1.633684 -14.761382 1.511774 0.528643 -4.801406 3.721710
14.575847 -1.636529 -14.773729 1.514087 0.528123 -4.805795 3.723163
14.596285 -1.638237 -14.793052 1.516671 0.527308 -4.811541 3.725102
14.617379 -1.642115 -14.812532 1.519164 0.525899 -4.816409 3.727171
14.640331 -1.646337 -14.834010 1.522067 0.526560 -4.822137 3.728658
14.654579 -1.648813 -14.847224 1.523892 0.524735 -4.825851 3.730212
14.650382 -1.648077 -14.843253 1.524377 0.522092 -4.827012 3.730762
14.636074 -1.644686 -14.829806 1.521334 0.519692 -4.821349 3.730230
14.633049 -1.643972 -14.827075 1.520880 0.518363 -4.820588 3.730221
14.639305 -1.643886 -14.833810 1.521413 0.517369 -4.821103 3.730618
14.644391 -1.644261 -14.838722 1.520544 0.518320 -4.819563 3.730490
14.640588 -1.642842 -14.835333 1.518306 0.520773 -4.815407 3.729465
13.986889 -2.897321 -15.597214 2.195059 -1.057265 -3.597967 3.699273
14.616760 -1.637652 -14.813008 1.513967 0.524609 -4.808619 3.726750
14.613526 -1.637316 -14.810298 1.514117 0.524897 -4.807478 3.726471
14.612882 -1.637264 -14.809681 1.514168 0.524576 -4.807550 3.726554
14.608054 -1.636440 -14.805188 1.513786 0.524694 -4.806789 3.726221
14.606609 -1.636269 -14.803842 1.513793 0.524582 -4.806762 3.726171
14.606812 -1.636430 -14.804019 1.514042 0.524246 -4.807207 3.726313
14.610413 -1.637181 -14.807381 1.514563 0.523882 -4.808176 3.726617
14.621518 -1.639164 -14.817743 1.515472 0.523629 -4.809914 3.727342
14.624877 -1.639661 -14.820887 1.515546 0.523850 -4.810075 3.727463
14.623457 -1.639358 -14.819974 1.515158 0.523538 -4.810542 3.727313
14.620356 -1.638810 -14.817074 1.514985 0.523500 -4.810227 3.727142
14.616663 -1.638113 -14.813627 1.514588 0.523641 -4.809471 3.726880
14.614738 -1.637775 -14.811833 1.514423 0.523686 -4.809149 3.726752
14.613798 -1.637645 -14.810965 1.514418 0.523770 -4.809131 3.726687
14.615227 -1.637929 -14.812283 1.514586 0.523484 -4.809444 3.726852
14.616610 -1.638173 -14.813586 1.514683 0.523570 -4.809624 3.726901
14.618571 -1.638530 -14.815408 1.514871 0.523447 -4.809987 3.727062
14.619533 -1.638675 -14.816306 1.514897 0.523467 -4.810043 3.727092
14.618992 -1.638802 -14.817113 1.513378 0.521517 -4.813291 3.726963
14.617288 -1.638498 -14.815527 1.513250 0.521597 -4.813051 3.726848
14.616797 -1.638378 -14.815077 1.513112 0.521802 -4.812785 3.726761
14.615689 -1.638212 -14.814034 1.513094 0.521740 -4.812750 3.726725
14.615405 -1.638201 -14.813762 1.513168 0.521505 -4.812886 3.726794
14.615402 -1.638155 -14.813787 1.513024 0.521827 -4.812600 3.726656
14.617700 -1.638598 -14.815912 1.513298 0.521565 -4.813123 3.726891
14.617711 -1.638566 -14.815377 1.513802 0.522130 -4.812160 3.726956
14.618283 -1.638623 -14.815921 1.513731 0.522308 -4.812026 3.726926
14.619014 -1.638732 -14.816600 1.513743 0.522374 -4.812054 3.726956
14.618867 -1.638723 -14.816447 1.513797 0.522165 -4.812165 3.727008
14.617667 -1.638461 -14.815347 1.513571 0.522513 -4.811733 3.726835
14.617872 -1.638484 -14.815531 1.513549 0.522511 -4.811694 3.726842
14.617578 -1.638487 -14.815245 1.513683 0.522316 -4.811953 3.726909
14.616536 -1.638258 -14.814285 1.513474 0.522475 -4.811546 3.726771
14.617445 -1.638439 -14.815045 1.513581 0.522420 -4.811761 3.726853
14.618194 -1.638601 -14.815734 1.513725 0.522256 -4.812038 3.726953
14.617159 -1.638380 -14.814782 1.513539 0.522496 -4.811682 3.726821
14.618747 -1.638645 -14.816260 1.513620 0.522474 -4.811836 3.726916
14.619160 -1.638747 -14.816634 1.513745 0.522332 -4.812082 3.726994
14.617522 -1.638448 -14.815101 1.513599 0.522290 -4.811804 3.726909
14.617836 -1.638475 -14.815395 1.513520 0.522569 -4.811661 3.726830
14.618262 -1.638575 -14.815771 1.513615 0.522369 -4.811848 3.726933
14.616099 -1.638187 -14.813766 1.513429 0.522557 -4.811488 3.726752
14.616612 -1.638289 -14.814238 1.513484 0.522461 -4.811590 3.726798
14.625259 -1.659133 -14.806383 1.571081 0.221242 -4.919963 3.738787
14.616423 -1.638248 -14.814067 1.513442 0.522507 -4.811504 3.726770
14.618062 -1.638545 -14.815590 1.513583 0.522429 -4.811771 3.726893
14.618343 -1.638618 -14.815849 1.513678 0.522350 -4.811956 3.726941
14.618187 -1.638530 -14.815663 1.513576 0.522487 -4.811722 3.726899
14.618498 -1.638596 -14.815959 1.513638 0.522569 -4.811844 3.726905
14.618614 -1.638619 -14.816058 1.513665 0.522452 -4.811898 3.726939
14.617124 -1.638326 -14.814674 1.513469 0.522608 -4.811521 3.726813
14.616950 -1.638298 -14.814512 1.513454 0.522633 -4.811489 3.726773
14.617056 -1.638368 -14.814591 1.513600 0.522321 -4.811768 3.726890
14.615703 -1.638095 -14.813348 1.513387 0.522608 -4.811355 3.726712
14.617306 -1.638406 -14.814875 1.513672 0.522413 -4.811840 3.726872
14.617545 -1.638441 -14.815094 1.513673 0.522372 -4.811841 3.726902
14.617053 -1.638327 -14.814642 1.513561 0.522475 -4.811625 3.726836
14.717895 -1.642842 -14.905572 1.483097 0.499573 -4.752726 3.728852
14.617201 -1.638380 -14.814778 1.513649 0.522402 -4.811795 3.726877
14.616619 -1.638276 -14.814234 1.513592 0.522435 -4.811686 3.726825
14.617375 -1.638403 -14.814938 1.513628 0.522431 -4.811754 3.726871
14.617028 -1.638350 -14.814611 1.513624 0.522408 -4.811747 3.726861
14.616178 -1.638212 -14.813821 1.513587 0.522450 -4.811674 3.726807
14.616651 -1.638306 -14.814260 1.513644 0.522388 -4.811781 3.726854
14.617087 -1.638360 -14.814665 1.513609 0.522348 -4.811712 3.726877
14.616802 -1.638315 -14.814404 1.513604 0.522416 -4.811700 3.726842
14.616944 -1.638386 -14.814525 1.513631 0.522307 -4.811814 3.726889
14.616737 -1.638346 -14.814338 1.513607 0.522338 -4.811766 3.726857
14.616983 -1.638399 -14.814567 1.513648 0.522342 -4.811845 3.726883
14.617313 -1.638448 -14.814877 1.513648 0.522370 -4.811844 3.726880
14.617164 -1.638433 -14.814731 1.513671 0.522287 -4.811890 3.726907
14.616705 -1.638351 -14.814308 1.513636 0.522307 -4.811823 3.726870
14.616979 -1.638397 -14.814567 1.513621 0.522435 -4.811774 3.726858
14.617287 -1.638443 -14.814856 1.513620 0.522498 -4.811774 3.726838
14.616718 -1.638389 -14.814311 1.513713 0.522293 -4.811954 3.726896
14.616864 -1.638371 -14.814459 1.513599 0.522464 -4.811733 3.726827
14.617919 -1.638564 -14.815436 1.513699 0.522412 -4.811928 3.726925
14.616898 -1.638385 -14.814484 1.513632 0.522406 -4.811801 3.726862
14.617239 -1.638442 -14.814796 1.513622 0.522422 -4.811823 3.726868
14.617304 -1.638459 -14.814849 1.513644 0.522350 -4.811866 3.726897
14.617193 -1.638414 -14.814752 1.513564 0.522461 -4.811712 3.726852
14.617536 -1.638509 -14.815072 1.513689 0.522432 -4.811954 3.726907
14.617125 -1.638415 -14.814682 1.513601 0.522338 -4.811784 3.726877
14.617012 -1.638395 -14.814587 1.513590 0.522490 -4.811763 3.726824
14.617783 -1.638541 -14.815293 1.513680 0.522339 -4.811937 3.726923
14.616820 -1.638352 -14.814397 1.513555 0.522400 -4.811697 3.726851
14.733124 -0.059210 -19.110626 -3.275813 71.576984 3.801794 -6.684147
14.617514 -1.638505 -14.815030 1.513689 0.522166 -4.811956 3.726837
14.617061 -1.638407 -14.814618 1.513604 0.522327 -4.811792 3.726885
14.617004 -1.638363 -14.814580 1.513497 0.522601 -4.811586 3.726784
14.617870 -1.638537 -14.815370 1.513686 0.522379 -4.811931 3.726927
14.616972 -1.638379 -14.814537 1.513627 0.522396 -4.811816 3.726865
14.617047 -1.638381 -14.814606 1.513596 0.522384 -4.811756 3.726857
14.617683 -1.638491 -14.815198 1.513639 0.522386 -4.811839 3.726899
14.617016 -1.638391 -14.814577 1.513640 0.522407 -4.811844 3.726872
14.617042 -1.638383 -14.814603 1.513604 0.522439 -4.811773 3.726855
14.617266 -1.638422 -14.814809 1.513621 0.522383 -4.811805 3.726874
14.617510 -1.638471 -14.815032 1.513658 0.522308 -4.811876 3.726907
14.617059 -1.638373 -14.814627 1.513591 0.522445 -4.811734 3.726850
14.617348 -1.638427 -14.814887 1.513620 0.522307 -4.811789 3.726891
14.617279 -1.638411 -14.814833 1.513606 0.522447 -4.811763 3.726874
14.613762 -1.644387 -14.812593 1.532499 0.524126 -4.848188 3.726837
14.617223 -1.638431 -14.814769 1.513624 0.522402 -4.811803 3.726881
14.616907 -1.638366 -14.814477 1.513612 0.522425 -4.811769 3.726856
14.617370 -1.638441 -14.814908 1.513626 0.522412 -4.811797 3.726887
14.617413 -1.638462 -14.814947 1.513672 0.522342 -4.811884 3.726915
14.616983 -1.638352 -14.814552 1.513542 0.522475 -4.811633 3.726841
14.617396 -1.638458 -14.814930 1.513638 0.522373 -4.811843 3.726892
14.617338 -1.638461 -14.814874 1.513669 0.522357 -4.811904 3.726901
14.616918 -1.638356 -14.814485 1.513550 0.522425 -4.811674 3.726836
14.617685 -1.638515 -14.815198 1.513677 0.522363 -4.811918 3.726926
14.616858 -1.638368 -14.814430 1.513605 0.522346 -4.811771 3.726872
14.616836 -1.638347 -14.814417 1.513550 0.522473 -4.811663 3.726831
14.617639 -1.638513 -14.815156 1.513678 0.522285 -4.811909 3.726935
14.617212 -1.638411 -14.814774 1.513615 0.522356 -4.811777 3.726887
14.616909 -1.638355 -14.814499 1.513583 0.522467 -4.811716 3.726829
14.617416 -1.638461 -14.814962 1.513665 0.522353 -4.811875 3.726907
14.617076 -1.638401 -14.814648 1.513644 0.522372 -4.811834 3.726880
14.617129 -1.638395 -14.814703 1.513601 0.522461 -4.811752 3.726848
14.617306 -1.638449 -14.814847 1.513617 0.522422 -4.811796 3.726880
14.617330 -1.638452 -14.814869 1.513616 0.522425 -4.811796 3.726880
14.617356 -1.638455 -14.814894 1.513616 0.522428 -4.811796 3.726880
14.617379 -1.638458 -14.814915 1.513616 0.522430 -4.811796 3.726881
14.617399 -1.638464 -14.814948 1.513615 0.522419 -4.811813 3.726880
14.617422 -1.638467 -14.814969 1.513614 0.522420 -4.811813 3.726881
14.617442 -1.638469 -14.814988 1.513614 0.522421 -4.811814 3.726881
14.617464 -1.638472 -14.815008 1.513614 0.522422 -4.811814 3.726882
14.617482 -1.638474 -14.815025 1.513614 0.522422 -4.811815 3.726882
14.617498 -1.638476 -14.815039 1.513615 0.522421 -4.811816 3.726882
14.617512 -1.638478 -14.815051 1.513615 0.522420 -4.811817 3.726883
14.617524 -1.638464 -14.815056 1.513620 0.522430 -4.811803 3.726884
14.617534 -1.638465 -14.815064 1.513621 0.522428 -4.811804 3.726884
14.617542 -1.638466 -14.815071 1.513621 0.522425 -4.811806 3.726884
14.617546 -1.638467 -14.815074 1.513622 0.522421 -4.811809 3.726885
14.617547 -1.638467 -14.815075 1.513624 0.522416 -4.811812 3.726885
14.617545 -1.638467 -14.815074 1.513626 0.522411 -4.811815 3.726885
14.617539 -1.638466 -14.815068 1.513628 0.522405 -4.811819 3.726886
14.617531 -1.638466 -14.815060 1.513631 0.522398 -4.811822 3.726886
14.617518 -1.638465 -14.815047 1.513633 0.522390 -4.811826 3.726886
14.617501 -1.638463 -14.815030 1.513635 0.522382 -4.811832 3.726887
14.617480 -1.638461 -14.815009 1.513638 0.522372 -4.811836 3.726887
14.617454 -1.638458 -14.814984 1.513640 0.522361 -4.811842 3.726887
14.617424 -1.638455 -14.814954 1.513643 0.522350 -4.811848 3.726887
14.617389 -1.638451 -14.814921 1.513646 0.522337 -4.811855 3.726888
14.617412 -1.638442 -14.814945 1.513608 0.522425 -4.811782 3.726878
