5.315506 -13.611333 -8.176993 -4.919297 7.408577 -5.711366 6.979913
5.172598 -13.489664 -8.406497 -4.901655 7.457619 -5.723404 6.980971
5.172608 -13.489734 -8.406489 -4.901643 7.457619 -5.723416 6.980970
5.172621 -13.489804 -8.406480 -4.901633 7.457617 -5.723427 6.980970
5.172634 -13.489872 -8.406471 -4.901623 7.457616 -5.723438 6.980969
5.172646 -13.489936 -8.406462 -4.901613 7.457615 -5.723449 6.980969
5.172658 -13.489998 -8.406453 -4.901604 7.457614 -5.723459 6.980968
3.327408 -5.068171 -8.259787 -5.224874 6.959324 2.438326 6.982551
3.327401 -5.068169 -8.259775 -5.224874 6.959323 2.438325 6.982551
3.327394 -5.068167 -8.259765 -5.224875 6.959322 2.438325 6.982550
3.327388 -5.068165 -8.259755 -5.224875 6.959321 2.438324 6.982550
3.327382 -5.068162 -8.259745 -5.224873 6.959320 2.438322 6.982550
3.327376 -5.068159 -8.259737 -5.224874 6.959318 2.438322 6.982550
3.327372 -5.068157 -8.259729 -5.224873 6.959317 2.438320 6.982550
3.327368 -5.068155 -8.259721 -5.224872 6.959315 2.438319 6.982550
3.327365 -5.068153 -8.259715 -5.224871 6.959314 2.438317 6.982550
3.327362 -5.068151 -8.259709 -5.224871 6.959312 2.438317 6.982550
3.327360 -5.068149 -8.259704 -5.224869 6.959311 2.438315 6.982550
3.327358 -5.068148 -8.259700 -5.224868 6.959309 2.438313 6.982550
3.327357 -5.068146 -8.259696 -5.224867 6.959308 2.438311 6.982550
3.327356 -5.068143 -8.259694 -5.224865 6.959306 2.438309 6.982550
3.327356 -5.068142 -8.259692 -5.224864 6.959304 2.438308 6.982550
3.327356 -5.068141 -8.259690 -5.224862 6.959302 2.438305 6.982551
3.327357 -5.068140 -8.259691 -5.224860 6.959300 2.438303 6.982551
3.327359 -5.068138 -8.259691 -5.224858 6.959298 2.438301 6.982551
3.327467 -5.068126 -8.259805 -5.224780 6.959238 2.438225 6.982552
3.327426 -5.068158 -8.259798 -5.224856 6.959294 2.438296 6.982550
3.730678 -5.046895 -8.688616 -4.973412 6.678030 2.178461 6.982307
3.327773 -5.068215 -8.260259 -5.224766 6.959139 2.438194 6.982552
3.326793 -5.068030 -8.258957 -5.224965 6.959638 2.438449 6.982548
3.326815 -5.068061 -8.258984 -5.225022 6.959537 2.438479 6.982546
3.328177 -5.068214 -8.260679 -5.224562 6.958789 2.437962 6.982551
3.327114 -5.068077 -8.259369 -5.224879 6.959476 2.438346 6.982549
3.327605 -5.068152 -8.259972 -5.224762 6.959093 2.438180 6.982551
3.327466 -5.068153 -8.259801 -5.224846 6.959116 2.438251 6.982550
3.326720 -5.068051 -8.258895 -5.225048 6.959705 2.438522 6.982544
3.327771 -5.068160 -8.260183 -5.224683 6.959078 2.438109 6.982550
3.327433 -5.068129 -8.259781 -5.224803 6.959305 2.438247 6.982549
3.327123 -5.068105 -8.259395 -5.224933 6.959433 2.438378 6.982548
3.326889 -5.068079 -8.259074 -5.225027 6.959449 2.438460 6.982546
3.327787 -5.068201 -8.260211 -5.224764 6.958953 2.438152 6.982551
3.327884 -5.068203 -8.260398 -5.224682 6.959195 2.438124 6.982548
3.326483 -5.068033 -8.258581 -5.225167 6.959715 2.438612 6.982544
3.327598 -5.068160 -8.259940 -5.224809 6.958993 2.438186 6.982550
3.327327 -5.068184 -8.259722 -5.224967 6.959442 2.438394 6.982546
3.327622 -5.068195 -8.260104 -5.224810 6.959418 2.438261 6.982546
3.327371 -5.068141 -8.259712 -5.224873 6.959302 2.438295 6.982550
3.326842 -5.068081 -8.259045 -5.225053 6.959576 2.438493 6.982546
3.327429 -5.068148 -8.259800 -5.224846 6.959356 2.438282 6.982548
3.327681 -5.068185 -8.260123 -5.224779 6.959199 2.438198 6.982549
3.327870 -5.068212 -8.260363 -5.224727 6.959080 2.438133 6.982550
3.326745 -5.068046 -8.258900 -5.225044 6.959600 2.438489 6.982546
3.327315 -5.068159 -8.259627 -5.224936 6.959245 2.438348 6.982548
3.328016 -5.068264 -8.260565 -5.224728 6.959033 2.438137 6.982548
3.327359 -5.068158 -8.259735 -5.224883 6.959455 2.438341 6.982548
3.327076 -5.068088 -8.259314 -5.224922 6.959476 2.438380 6.982548
3.327198 -5.068151 -8.259518 -5.224969 6.959446 2.438413 6.982549
3.327352 -5.068183 -8.259742 -5.224934 6.959442 2.438384 6.982548
3.327615 -5.068194 -8.260064 -5.224806 6.959337 2.438261 6.982549
3.327268 -5.068146 -8.259613 -5.224911 6.959479 2.438375 6.982551
3.326758 -5.068065 -8.258930 -5.225051 6.959662 2.438525 6.982547
3.326842 -5.068116 -8.259080 -5.225094 6.959668 2.438564 6.982546
3.328617 -5.068314 -8.261287 -5.224496 6.958666 2.437889 6.982553
3.327354 -5.068159 -8.259720 -5.224891 6.959414 2.438348 6.982552
3.326875 -5.068086 -8.259021 -5.225056 6.959336 2.438473 6.982548
3.330190 -5.068508 -8.263012 -5.224120 6.956731 2.437228 6.982563
3.332983 -5.068891 -8.266403 -5.223379 6.954522 2.436203 6.982571
3.332232 -5.068837 -8.265544 -5.223522 6.955348 2.436468 6.982559
3.330767 -5.068633 -8.263768 -5.223899 6.956532 2.436975 6.982547
3.328006 -5.068251 -8.260451 -5.224606 6.958883 2.437969 6.982529
3.323428 -5.067580 -8.254910 -5.225710 6.962767 2.439581 6.982496
3.320549 -5.067210 -8.251525 -5.226478 6.965417 2.440713 6.982479
3.320372 -5.067201 -8.251329 -5.226552 6.965566 2.440834 6.982490
3.320850 -5.067307 -8.251948 -5.226503 6.965166 2.440755 6.982506
3.322162 -5.067504 -8.253462 -5.226232 6.963716 2.440302 6.982531
3.324466 -5.067821 -8.256287 -5.225615 6.961994 2.439502 6.982553
3.326243 -5.068113 -8.258438 -5.225258 6.960338 2.438923 6.982573
3.327694 -5.068284 -8.260112 -5.224853 6.958923 2.438339 6.982587
3.327585 -5.068246 -8.259987 -5.224925 6.958995 2.438395 6.982586
3.326308 -5.068057 -8.258444 -5.225230 6.960093 2.438841 6.982577
3.326108 -5.068088 -8.258342 -5.225349 6.960623 2.439036 6.982571
3.325543 -5.067894 -8.257697 -5.225215 6.961665 2.439118 6.982566
3.321823 -5.067528 -8.253287 -5.226470 6.964468 2.440674 6.982542
3.327610 -5.068260 -8.260036 -5.224915 6.958979 2.438427 6.982592
3.333422 -5.069083 -8.267056 -5.223451 6.954109 2.436331 6.982614
3.332388 -5.068851 -8.265637 -5.223598 6.954590 2.436510 6.982604
3.331772 -5.068740 -8.264841 -5.223752 6.955448 2.436750 6.982594
3.328261 -5.068266 -8.260382 -5.224801 6.957365 2.437941 6.982577
3.326830 -5.068118 -8.258808 -5.225223 6.959063 2.438582 6.982568
3.326396 -5.068043 -8.258366 -5.225273 6.959850 2.438763 6.982565
3.322594 -5.067541 -8.254000 -5.226214 6.963844 2.440264 6.982536
3.314239 -5.066401 -8.244063 -5.228352 6.971277 2.443398 6.982485
3.307297 -5.065581 -8.235988 -5.230322 6.977734 2.446259 6.982452
3.308814 -5.065855 -8.238086 -5.229954 6.976805 2.445853 6.982491
3.313151 -5.066488 -8.243235 -5.228941 6.972649 2.444363 6.982560
3.316082 -5.065394 -8.246408 -5.224952 6.974373 2.441414 6.980555
3.327491 -5.068579 -8.260459 -5.225506 6.959900 2.439345 6.982710
3.333605 -5.069372 -8.267702 -5.223862 6.954445 2.437007 6.982741
3.333734 -5.069191 -8.267364 -5.223740 6.953515 2.436688 6.982740
3.332237 -5.068995 -8.265557 -5.224163 6.954720 2.437223 6.982727
3.329895 -5.068672 -8.262863 -5.224713 6.957254 2.438109 6.982709
3.328099 -5.068550 -8.261825 -5.225020 6.958317 2.438533 6.982701
3.328673 -5.068640 -8.262625 -5.224842 6.958261 2.438375 6.982701
3.328501 -5.068482 -8.261236 -5.224992 6.959080 2.438539 6.982700
3.327288 -5.068326 -8.259750 -5.225342 6.959925 2.438983 6.982698
3.327067 -5.068312 -8.259526 -5.225414 6.960240 2.439104 6.982697
3.327209 -5.068333 -8.259766 -5.225342 6.960419 2.439084 6.982696
3.327528 -5.068396 -8.260333 -5.225149 6.960232 2.438949 6.982699
3.326151 -5.068190 -8.258708 -5.225446 6.961574 2.439445 6.982689
3.321706 -5.067569 -8.253371 -5.226561 6.965371 2.441067 6.982660
3.319970 -5.067258 -8.251428 -5.226936 6.966994 2.441705 6.982656
3.321657 -5.067571 -8.253534 -5.226638 6.965542 2.441238 6.982680
3.323944 -5.067880 -8.256275 -5.226030 6.963562 2.440413 6.982707
3.326123 -5.068152 -8.258833 -5.225425 6.961523 2.439567 6.982730
3.329219 -5.068656 -8.262683 -5.224661 6.958963 2.438488 6.982748
3.332203 -5.069026 -8.266360 -5.223743 6.956945 2.437363 6.982755
3.328841 -5.068573 -8.262338 -5.224612 6.959761 2.438578 6.982734
3.323903 -5.067939 -8.256547 -5.225907 6.964317 2.440473 6.982695
3.323039 -5.067847 -8.255821 -5.226015 6.965153 2.440740 6.982693
3.322229 -5.067704 -8.254760 -5.226181 6.965515 2.440979 6.982702
3.325709 -5.068191 -8.258989 -5.225264 6.962674 2.439743 6.982735
3.329472 -5.068779 -8.263595 -5.224399 6.959483 2.438470 6.982763
3.339414 -5.069809 -8.275060 -5.221217 6.951110 2.434259 6.982812
3.342176 -5.070249 -8.278410 -5.220621 6.948450 2.433224 6.982805
3.340393 -5.070232 -8.276381 -5.221528 6.949429 2.434080 6.982766
3.338345 -5.069996 -8.274017 -5.222090 6.951420 2.434850 6.982727
3.335083 -5.069549 -8.270078 -5.222914 6.954155 2.435989 6.982690
3.331946 -5.069058 -8.266327 -5.223549 6.957206 2.437044 6.982658
3.327787 -5.068436 -8.261661 -5.224582 6.960990 2.438546 6.982623
3.324811 -5.068056 -8.258003 -5.225431 6.963071 2.439646 6.982602
3.324686 -5.068288 -8.258052 -5.225904 6.963139 2.440087 6.982597
3.324622 -5.068150 -8.257760 -5.225694 6.962958 2.439928 6.982602
3.327210 -5.068548 -8.260752 -5.225148 6.960265 2.439033 6.982627
3.331603 -5.068904 -8.265264 -5.223874 6.957189 2.437269 6.982653
3.331832 -5.068971 -8.265800 -5.223759 6.958023 2.437326 6.982646
3.329984 -5.068499 -8.263276 -5.223869 6.959183 2.437637 6.982644
3.333267 -5.069033 -8.267315 -5.223152 6.956468 2.436561 6.982656
3.331828 -5.068669 -8.265201 -5.223312 6.956765 2.436746 6.982652
3.329786 -5.068426 -8.263053 -5.223781 6.959664 2.437648 6.982633
3.327390 -5.068088 -8.260220 -5.224352 6.961901 2.438537 6.982620
3.321247 -5.067294 -8.252948 -5.225993 6.967335 2.440897 6.982582
3.317909 -5.066801 -8.248806 -5.226829 6.969739 2.442078 6.982578
3.318700 -5.067000 -8.249711 -5.226838 6.968578 2.441943 6.982605
3.325507 -5.068096 -8.258056 -5.224987 6.962523 2.439661 6.982674
3.329574 -5.068885 -8.263233 -5.224313 6.959470 2.438585 6.982700
3.328494 -5.068923 -8.261905 -5.225007 6.959710 2.439235 6.982690
3.316054 -5.066462 -8.245143 -5.227361 6.965916 2.442384 6.982653
3.297144 -5.063250 -8.220877 -5.231631 6.978227 2.448178 6.982581
3.287672 -5.061828 -8.208917 -5.234190 6.984678 2.451545 6.982588
3.297078 -5.063532 -8.221468 -5.232258 6.979493 2.449092 6.982705
3.296114 -5.063203 -8.219674 -5.232043 6.980110 2.449286 6.982769
3.294326 -5.062838 -8.217073 -5.232567 6.980306 2.449822 6.982830
3.291373 -5.062678 -8.213962 -5.233541 6.981230 2.450768 6.982887
3.291215 -5.062443 -8.213333 -5.233470 6.980413 2.450615 6.982972
3.295448 -5.063247 -8.218770 -5.232897 6.977406 2.449626 6.983059
3.298722 -5.064018 -8.223470 -5.232579 6.976519 2.449213 6.983117
3.303568 -5.064385 -8.229222 -5.231025 6.972232 2.447081 6.983189
3.304139 -5.063757 -8.229215 -5.229693 6.971434 2.445780 6.983201
3.306323 -5.062796 -8.231026 -5.226717 6.970689 2.443021 6.983214
3.308509 -5.063330 -8.234454 -5.226389 6.970431 2.442344 6.983191
3.308565 -5.072594 -8.239765 -5.245233 6.954451 2.454234 6.983041
3.305758 -5.097286 -8.253610 -5.294974 6.928774 2.489762 6.982687
3.297430 -5.135655 -8.272297 -5.373574 6.898128 2.547703 6.982082
3.284908 -5.185160 -8.296805 -5.474846 6.868965 2.623944 6.981226
3.276755 -5.236889 -8.327849 -5.578286 6.832295 2.699675 6.980101
3.263364 -5.289607 -8.354058 -5.685936 6.798963 2.778208 6.978693
3.255809 -5.338411 -8.385309 -5.783090 6.764950 2.847171 6.977032
3.263587 -5.372397 -8.424956 -5.842867 6.737835 2.885332 6.975152
3.275383 -5.391481 -8.458982 -5.871625 6.720514 2.898803 6.973083
3.296387 -5.393574 -8.491398 -5.862677 6.710890 2.881997 6.970908
3.335837 -5.370808 -8.529175 -5.794858 6.719492 2.819634 6.968717
3.384391 -5.324882 -8.564851 -5.675417 6.759753 2.720669 6.966569
3.459922 -5.261456 -8.618792 -5.502443 6.821606 2.578343 6.964572
3.549509 -5.199911 -8.702391 -5.324255 6.906815 2.441486 6.962805
3.653358 -5.182956 -8.837580 -5.222202 6.964185 2.364721 6.961410
3.764720 -5.145786 -8.953723 -5.082566 6.987369 2.253428 6.960507
3.908895 -5.001948 -9.014088 -4.726477 7.023295 1.968582 6.960247
4.072389 -4.834939 -9.075241 -4.316241 7.060374 1.642143 6.960783
4.259685 -4.647765 -9.141430 -3.856519 7.082499 1.274914 6.962177
4.471220 -4.449607 -9.213159 -3.367546 7.056763 0.877477 6.964572
4.706424 -4.243474 -9.291288 -2.855444 6.979987 0.453658 6.968074
4.958396 -4.026158 -9.369485 -2.315574 6.876422 0.003066 6.972736
5.224198 -3.801116 -9.447340 -1.755433 6.749101 -0.468374 6.978744
5.488722 -3.576164 -9.504055 -1.193558 6.606055 -0.957936 6.986183
5.744918 -3.343784 -9.549095 -0.625388 6.468551 -1.440331 6.995248
5.995524 -3.107119 -9.583747 -0.048624 6.358480 -1.927956 7.005964
6.240205 -2.870453 -9.612218 0.529205 6.279340 -2.414959 7.018401
6.471153 -2.636744 -9.626037 1.097248 6.225136 -2.894463 7.032496
6.697565 -2.410438 -9.637285 1.651164 6.180517 -3.366644 7.048254
6.916711 -2.192586 -9.641319 2.186191 6.135424 -3.830194 7.065609
7.123185 -1.978779 -9.626725 2.706287 6.084626 -4.290298 7.084454
7.326697 -1.707493 -9.545542 3.313246 5.999931 -4.845608 7.104371
7.515905 -1.530140 -9.529435 3.755950 5.937682 -5.256753 7.126937
7.692384 -1.367305 -9.505249 4.164106 5.867670 -5.651725 7.150737
7.853580 -1.216366 -9.470556 4.541413 5.799123 -6.028524 7.175756
8.000291 -1.081190 -9.432495 4.882071 5.741342 -6.379538 7.201920
8.132515 -0.961829 -9.392963 5.186288 5.699112 -6.703277 7.229146
8.260198 -0.859287 -9.366543 5.458817 5.678882 -7.001923 7.257292
8.379942 -0.774803 -9.345963 5.692605 5.659752 -7.271454 7.286184
8.483414 -0.708348 -9.321989 5.882162 5.641251 -7.505308 7.315652
8.575081 -0.578828 -9.294008 6.089141 5.586429 -7.623959 7.345798
8.663577 -0.490969 -9.234106 6.302853 5.547415 -7.897185 7.375686
12.792647 -1.955171 -15.529655 6.616072 8.656352 -7.667301 7.402621
8.733510 -0.367717 -9.146759 6.502448 5.570309 -8.002061 7.438412
8.860563 -0.429133 -9.216824 6.448324 5.376367 -8.046611 7.469059
8.897596 -0.468975 -9.214389 6.395657 5.364077 -8.056587 7.499657
8.921287 -0.529215 -9.219103 6.298326 5.367703 -8.014773 7.529838
8.950173 -0.526761 -9.249882 6.253797 5.340268 -7.793880 7.560158
8.943141 -0.614273 -9.253505 6.089513 5.371399 -7.669691 7.588963
8.922558 -0.711798 -9.254324 5.898643 5.407975 -7.510213 7.616846
8.959889 -0.824384 -9.323790 5.714773 5.421067 -7.357210 7.643637
8.826528 -0.899527 -9.221777 5.490637 5.501638 -7.092431 7.669929
8.822786 -1.012134 -9.264154 5.285907 5.561008 -6.894703 7.694717
8.771490 -1.113072 -9.259696 5.076027 5.655702 -6.678008 7.718498
8.724143 -1.208061 -9.260517 4.881017 5.763549 -6.469615 7.741263
8.683096 -1.295996 -9.270864 4.705738 5.897801 -6.273306 7.763031
8.653105 -1.377211 -9.294668 4.552175 6.054922 -6.092887 7.783800
8.632439 -1.446031 -9.326784 4.429773 6.238686 -5.939322 7.803533
8.622039 -1.505335 -9.367643 4.332702 6.439264 -5.808652 7.822257
8.631448 -1.543219 -9.428088 4.287484 6.635905 -5.674142 7.840354
8.639447 -1.574984 -9.477827 4.255072 6.870823 -5.608130 7.857082
-3044.593407 514.410844 2245.060896 -479.158616 5156.766423 1548.960462 20.979212
1872.001883 -1198.900443 -1633.243629 -1436.541500 -4609.761342 825.975450 -5.611451
8.704084 -1.609514 -9.617797 4.298876 7.519336 -5.577848 7.901792
8.752728 -1.602690 -9.669430 4.353543 7.693635 -5.623361 7.914850
8.809874 -1.588643 -9.719654 4.424083 7.846526 -5.691996 7.927048
8.873612 -1.591201 -9.774471 4.501645 7.986408 -5.794077 7.938581
8.962221 -1.563131 -9.842447 4.615711 8.128399 -5.918257 7.949364
9.065930 -1.524437 -9.911994 4.755583 8.245792 -6.079258 7.959267
9.175008 -1.478613 -9.975040 4.908666 8.336168 -6.262887 7.968576
9.290148 -1.423224 -10.038123 5.083104 8.434215 -6.473075 7.977344
9.416484 -1.356142 -10.110918 5.288494 8.568662 -6.716327 7.985638
9.560023 -1.292995 -10.205679 5.511322 8.747590 -6.968634 7.993714
9.703401 -1.222161 -10.304580 5.740268 8.958593 -7.232366 8.001403
9.849073 -1.146275 -10.408408 5.982031 9.207430 -7.508097 8.008603
10.045785 -1.013625 -10.516800 6.350589 9.421761 -7.950906 8.013536
10.187001 -0.944586 -10.616639 6.574735 9.677990 -8.209634 8.019973
10.321146 -0.877635 -10.690817 6.811546 9.896412 -8.452680 8.025704
10.485807 -0.753641 -10.752736 7.130585 10.039387 -8.862072 8.028501
10.608441 -0.670373 -10.795450 7.371162 10.190423 -9.056301 8.033614
10.703612 -0.589957 -10.817552 7.567067 10.340611 -9.318639 8.037149
10.813392 -0.480283 -10.832922 7.805168 10.449959 -9.499088 8.040864
10.894559 -0.467098 -10.883907 7.872453 10.613324 -9.601114 8.044977
10.958354 -0.404808 -10.886336 8.010812 10.751887 -9.802829 8.046900
11.005627 -0.346702 -10.873513 8.128757 10.876046 -9.981385 8.048180
11.050159 -0.282790 -10.855660 8.245068 10.963936 -10.129628 8.049201
11.077850 -0.231900 -10.824111 8.332012 11.049131 -10.278877 8.049299
11.110242 -0.170391 -10.792529 8.430668 11.112463 -10.390173 8.049085
11.116724 -0.121726 -10.738864 8.495554 11.156313 -10.520578 8.047798
11.100729 -0.072808 -10.665915 8.546252 11.191519 -10.634100 8.045974
11.078267 -0.023569 -10.591325 8.594173 11.232676 -10.742609 8.043618
11.053051 0.017910 -10.526188 8.629714 11.295400 -10.829486 8.041069
11.024470 -0.001834 -10.492050 8.559845 11.348860 -10.774609 8.040767
10.998288 0.053933 -10.438877 8.604917 11.405172 -10.754705 8.039207
10.955671 0.076573 -10.390641 8.607884 11.528106 -10.780237 8.035937
10.908317 0.106557 -10.346472 8.620221 11.670884 -10.791320 8.032301
10.852811 0.134849 -10.298596 8.632122 11.836675 -10.816101 8.027651
10.799315 0.196011 -10.273546 8.673971 11.959135 -10.791585 8.024935
10.737448 0.234717 -10.228743 8.705726 12.165221 -10.832064 8.018924
10.681586 0.274018 -10.194760 8.744576 12.387450 -10.877341 8.012109
10.635672 0.316692 -10.172652 8.796927 12.621890 -10.937588 8.004513
10.597868 0.364937 -10.170870 8.864446 12.889252 -11.003968 7.995985
10.560864 0.420871 -10.166252 8.950592 13.180244 -11.097996 7.985753
10.531729 0.485793 -10.169969 9.058264 13.490459 -11.218047 7.974060
10.519738 0.556612 -10.205134 9.182005 13.817946 -11.345772 7.961603
10.501581 0.627876 -10.234078 9.313693 14.200598 -11.485306 7.946653
10.474340 0.701312 -10.259514 9.445272 14.600852 -11.621421 7.930175
10.446539 0.780325 -10.283814 9.585437 15.003531 -11.769728 7.911812
10.421793 0.857145 -10.310379 9.722048 15.393166 -11.915947 7.891502
10.385358 0.933364 -10.323552 9.848012 15.758481 -12.052207 7.869639
10.355551 1.014054 -10.364130 9.963267 16.063638 -12.160967 7.848372
10.347416 1.067403 -10.400342 10.061277 16.363062 -12.270607 7.822392
10.360635 1.105707 -10.448839 10.141392 16.599172 -12.366391 7.793689
10.401795 1.114599 -10.522876 10.185882 16.778883 -12.420689 7.762266
10.498070 1.090837 -10.641285 10.203832 16.879299 -12.450315 7.726750
10.631948 1.041454 -10.785747 10.184783 16.838831 -12.437337 7.687330
10.830550 0.940673 -10.962854 10.117045 16.656687 -12.392537 7.640744
11.102022 0.783243 -11.190849 9.990628 16.315169 -12.290066 7.587973
11.443637 0.565727 -11.461083 9.796418 15.780905 -12.122449 7.528201
11.905583 0.287554 -11.828184 9.520684 14.938032 -11.841410 7.463165
12.430623 -0.074129 -12.214081 9.175807 13.952709 -11.532529 7.387998
13.422615 -0.739185 -12.895671 8.555540 11.956131 -11.005364 7.292186
13.851530 -1.033619 -13.214918 8.277859 11.145578 -10.749883 7.219304
14.178137 -1.250560 -13.438472 8.062905 10.430598 -10.569932 7.149826
14.617562 -1.482232 -13.712705 7.869268 9.476442 -10.459951 7.081008
14.746586 -1.531970 -13.783203 7.814740 9.091375 -10.444385 7.021799
15.090513 -1.280611 -15.391347 7.662861 7.598076 -10.574425 7.176066
14.985028 -0.720091 -14.069672 7.558403 8.356282 -9.889868 6.970842
14.978277 -1.644155 -13.882059 7.539563 7.935678 -10.230662 6.972867
15.132849 -1.801476 -13.974814 7.301719 7.302381 -9.989118 7.050269
15.350933 -1.909354 -14.085339 7.159290 6.576464 -9.902391 7.116743
15.613513 -2.000537 -14.228095 6.971320 5.756178 -9.753671 7.214928
15.921973 -2.187743 -14.403522 6.742671 4.810026 -9.571760 7.343034
16.257340 -2.403315 -14.604466 6.481589 3.810442 -9.345962 7.483478
6.210655 -335.295880 -141.787297 -462.555735 60.129630 695.688170 -156.296049
16.460949 -2.331544 -14.738544 6.302024 3.035905 -9.172880 7.703869
17.007351 -2.738688 -15.026603 5.811113 1.253563 -8.729935 7.758167
17.131233 -2.741297 -15.097296 5.658530 0.719430 -8.579570 7.810318
17.205716 -2.775605 -15.133393 5.538618 0.228099 -8.455457 7.860354
17.248125 -2.776511 -15.149517 5.449283 -0.184722 -8.360677 7.886653
17.277954 -2.748773 -15.156491 5.391364 -0.553501 -8.302753 7.900603
17.319072 -2.692119 -15.156582 5.370602 -0.960470 -8.303932 7.906814
17.305467 -2.607503 -15.099903 5.356152 -1.364786 -8.311723 7.907765
17.340525 -2.498589 -15.082020 5.333779 -1.799143 -8.324733 7.905495
17.367308 -2.408920 -15.055487 5.335990 -2.230463 -8.357500 7.901233
17.390262 -2.311176 -15.023971 5.344397 -2.658871 -8.395143 7.897083
17.422183 -2.204323 -15.010364 5.369280 -3.034027 -8.445373 7.891740
17.457148 -2.083724 -15.014374 5.415642 -3.325901 -8.511620 7.886034
17.499869 -1.954501 -15.038683 5.477858 -3.548936 -8.588026 7.879872
17.544659 -1.815774 -15.069398 5.551222 -3.738423 -8.673592 7.874697
17.597964 -1.613955 -15.111175 5.587446 -3.875604 -8.742026 7.869477
17.629733 -1.475748 -15.148484 5.650712 -3.974195 -8.800616 7.863203
17.648915 -1.340628 -15.173789 5.699617 -4.070860 -8.837457 7.856644
17.657430 -1.216394 -15.195744 5.725938 -4.145475 -8.837820 7.849965
17.656945 -1.098447 -15.211594 5.735576 -4.209901 -8.811400 7.843303
17.639855 -0.991378 -15.208554 5.718461 -4.291608 -8.746837 7.836760
17.624832 -0.791334 -15.206626 5.638102 -4.387679 -8.645173 7.830665
17.598652 -0.696099 -15.177425 5.589962 -4.534596 -8.541899 7.824853
17.564218 -0.608423 -15.134898 5.524008 -4.702843 -8.412546 7.819486
17.506360 -0.536714 -15.070587 5.425747 -4.874016 -8.234057 7.814560
17.438056 -0.370613 -15.044233 5.280229 -5.069184 -7.999140 7.810190
17.380202 -0.319264 -14.974770 5.148198 -5.255907 -7.771062 7.806639
17.309524 -0.271360 -14.897686 5.005778 -5.410965 -7.522893 7.803736
17.248130 -0.227874 -14.829699 4.857751 -5.555800 -7.263431 7.801598
17.169539 -0.110598 -14.795531 4.699382 -5.770979 -6.953323 7.799739
17.109280 -0.060968 -14.702242 4.549386 -5.987789 -6.694163 7.799196
17.075368 -0.005014 -14.622297 4.409737 -6.237494 -6.448713 7.799486
17.051838 0.055919 -14.540657 4.274044 -6.517616 -6.207850 7.800451
17.035624 0.168694 -14.486409 4.143538 -6.917387 -5.921213 7.801632
17.049502 0.225200 -14.398729 4.000071 -7.348459 -5.671549 7.803968
17.064911 0.274368 -14.299311 3.843444 -7.822158 -5.400131 7.806882
17.072381 0.384144 -14.226680 3.697345 -8.335144 -5.057026 7.809818
17.002405 0.388771 -14.101703 3.463810 -8.552413 -4.665120 7.813785
17.001097 0.502470 -14.008508 3.299483 -9.029689 -4.275760 7.818726
17.024265 0.534814 -13.898724 3.110410 -9.489672 -3.941125 7.824526
16.947957 0.517566 -13.743991 2.844492 -9.730779 -3.495589 7.830780
16.987276 0.544384 -13.642275 2.642776 -10.152818 -3.137907 7.838436
17.055259 0.647756 -13.563829 2.485820 -10.611074 -2.772214 7.846113
17.148041 0.748313 -13.476852 2.360738 -11.074030 -2.501283 7.853909
17.272409 0.897292 -13.399012 2.279764 -11.558327 -2.282232 7.861494
17.414347 1.094155 -13.327995 2.237702 -12.022686 -2.108091 7.868582
17.571853 1.385119 -13.261090 2.242037 -12.504872 -1.916272 7.875155
17.750334 1.668250 -13.191471 2.258989 -12.985856 -1.800186 7.881404
17.943443 1.990612 -13.116616 2.298237 -13.483535 -1.700550 7.887157
18.143537 2.355933 -13.031361 2.361583 -13.986288 -1.618952 7.892349
18.349176 2.921576 -12.956585 2.474477 -14.445569 -1.382418 7.896788
18.570399 3.385616 -12.884335 2.589171 -14.860812 -1.346912 7.900600
18.822845 3.909513 -12.830949 2.735990 -15.258733 -1.339011 7.903622
19.116160 4.499185 -12.791548 2.917525 -15.685869 -1.359120 7.905698
19.419823 5.129953 -12.757353 3.108431 -16.083355 -1.377886 7.906565
19.665832 5.934073 -12.674186 3.308260 -16.436667 -1.246868 7.906077
19.858856 6.605072 -12.541800 3.493351 -16.729359 -1.240460 7.904539
19.982688 7.268116 -12.373026 3.654683 -16.905384 -1.204012 7.901891
20.051499 7.906510 -12.183985 3.779843 -16.966960 -1.125865 7.898308
20.073673 8.522832 -11.983757 3.872681 -16.915404 -1.017134 7.893990
20.020368 9.242852 -11.757349 3.915355 -16.776345 -0.752737 7.888892
19.955275 9.798187 -11.539902 3.937891 -16.520109 -0.592133 7.883559
19.852090 10.310001 -11.311241 3.923017 -16.197537 -0.402017 7.878088
19.715217 10.778020 -11.058818 3.878969 -15.861996 -0.185196 7.872771
19.546775 11.190585 -10.790694 3.799387 -15.502042 0.062963 7.867751
19.353554 11.541953 -10.507169 3.686257 -15.141243 0.344241 7.863189
19.061112 11.946558 -10.209238 3.498263 -14.810284 0.731582 7.858868
18.813059 12.198328 -9.883814 3.350096 -14.469719 1.036143 7.855582
18.542375 12.411015 -9.546078 3.194669 -14.131588 1.339277 7.852971
18.245189 12.570308 -9.185056 3.031882 -13.826684 1.649433 7.851133
17.925188 12.660308 -8.810209 2.852330 -13.545741 1.977942 7.850080
17.594778 12.688988 -8.430324 2.661505 -13.296293 2.320163 7.849899
17.247475 12.659623 -8.032486 2.471405 -13.101964 2.668170 7.850691
16.886899 12.582939 -7.631120 2.284318 -12.930193 3.011367 7.852566
16.426998 12.474505 -7.276247 2.022579 -12.816803 3.386480 7.854675
16.043999 12.283295 -6.878417 1.835789 -12.690893 3.718555 7.858309
15.658593 12.043040 -6.511999 1.639665 -12.522514 4.043083 7.862786
15.268930 11.780803 -6.172369 1.451009 -12.313845 4.335185 7.868151
14.883468 11.514321 -5.859615 1.277186 -12.078153 4.587818 7.874481
14.519690 11.253645 -5.589144 1.111471 -11.807302 4.806160 7.881752
14.191476 11.016058 -5.370922 0.951892 -11.494830 4.989933 7.889942
13.809207 10.828208 -5.257376 0.760920 -11.221286 5.146566 7.898419
13.560587 10.652193 -5.119054 0.623003 -10.898537 5.265981 7.908157
13.378760 10.531805 -5.023126 0.498247 -10.606045 5.369415 7.918597
13.242927 10.465547 -4.947891 0.394534 -10.352304 5.452495 7.929482
13.272851 10.791387 -4.808277 0.508561 -10.509994 5.410339 7.940704
13.195604 10.794134 -4.749331 0.423480 -10.315786 5.497794 7.950585
13.145544 10.848109 -4.678209 0.373877 -10.213498 5.557865 7.960103
12.999455 10.996633 -4.715983 0.328714 -10.311180 5.635620 7.969002
12.674691 10.619133 -4.405917 0.293473 -10.483328 5.785823 7.952246
13.072838 11.507007 -4.477771 0.465166 -10.627931 5.642405 7.999143
13.144647 11.816077 -4.295321 0.598633 -11.023457 5.668597 7.992427
13.227241 12.271816 -4.098106 0.789808 -11.417913 5.623039 7.997153
13.200125 12.832280 -3.938119 0.999699 -11.912791 5.653780 7.999402
13.306685 13.389969 -3.694332 1.245264 -12.440190 5.607800 7.998258
13.394477 13.873154 -3.451227 1.453478 -12.947882 5.617103 7.994580
13.403167 14.604045 -3.216215 1.734953 -13.398123 5.697745 7.986867
13.452965 15.170376 -2.972813 1.941269 -13.770862 5.668453 7.976272
13.423329 15.775829 -2.759072 2.151186 -14.042766 5.703831 7.961539
13.386933 16.343928 -2.521273 2.317482 -14.202018 5.638328 7.942343
13.274947 16.905534 -2.295927 2.473620 -14.252155 5.559942 7.920112
13.130413 17.461663 -2.046553 2.608876 -14.218611 5.441647 7.894881
12.598474 17.517423 -1.685522 2.693483 -13.940949 5.262321 7.962063
12.658409 18.079039 -1.430583 2.852538 -14.468974 5.424952 7.782017
12.490197 18.875787 -1.319688 2.866501 -13.879262 5.165465 7.809261
12.258609 19.269433 -1.044119 2.932735 -13.849984 5.135204 7.778340
12.024683 19.629130 -0.752089 2.999486 -13.895015 5.145933 7.747458
11.759719 19.948513 -0.413755 3.097698 -14.051726 5.176921 7.713732
11.454782 20.239052 -0.031531 3.232235 -14.295396 5.209118 7.678461
11.127614 20.504753 0.388494 3.402892 -14.647002 5.256968 7.641754
10.771011 20.756549 0.834649 3.603246 -15.055209 5.301881 7.603103
10.246948 20.744041 1.330241 3.827375 -15.439094 5.303570 7.574118
9.965419 21.076402 1.731005 4.006812 -15.881255 5.414217 7.518613
9.525558 21.191568 2.117092 4.199308 -16.223941 5.459751 7.471864
9.090075 21.217731 2.515466 4.364746 -16.566836 5.538401 7.423703
8.643199 21.186159 2.895315 4.521249 -16.888938 5.621397 7.373973
8.185292 21.081532 3.242306 4.653372 -17.151304 5.706001 7.322015
7.814000 21.103297 3.598574 4.825647 -17.577076 5.848391 7.265403
7.326215 20.785639 3.913045 4.942912 -17.823093 5.958488 7.204939
6.859183 20.451040 4.097643 5.056546 -18.013237 6.068130 7.140743
6.422789 19.987566 4.345481 5.131283 -18.262976 6.235603 7.074479
6.003215 19.451313 4.571019 5.204369 -18.522841 6.415079 7.005844
5.586975 18.843803 4.775821 5.280373 -18.771283 6.583818 6.934147
5.196642 18.172349 4.946934 5.341549 -18.998357 6.762142 6.858736
4.948982 17.662856 5.128519 5.432200 -19.452343 7.068549 6.776505
10.577779 24.367069 -5.319206 3.899111 -16.845655 -0.049763 6.610058
11.234501 32.823131 -15.605516 7.328144 0.204365 -5.495271 6.270990
4.013345 15.475257 4.995577 5.492013 -19.504912 7.414205 6.486288
3.831919 14.827053 4.836806 5.507215 -19.464921 7.496030 6.368109
3.697168 14.116005 4.699743 5.517315 -19.489061 7.590729 6.235793
3.543248 13.253484 4.745213 5.556896 -19.815159 7.854661 6.088300
3.427720 12.363312 4.802941 5.634077 -20.254827 8.148497 5.917352
3.377144 11.485429 4.851369 5.737418 -20.791710 8.484005 5.717129
3.370766 10.541172 4.933837 5.884576 -21.510483 8.894683 5.481797
3.414330 9.559117 5.034111 6.079700 -22.388820 9.363575 5.202315
3.572813 8.210154 5.057608 6.243112 -23.329286 9.957070 4.875449
3.991385 7.060288 4.962431 6.110984 -24.041937 10.890837 4.490312
3.979604 5.649117 5.105120 6.562651 -25.258191 11.211012 4.029785
4.311980 4.204893 5.188271 6.866435 -26.701212 12.022785 3.490602
4.725912 2.585486 5.266505 7.219187 -28.335102 12.935790 2.856544
5.233220 0.793098 5.339605 7.624473 -30.181628 13.966707 2.114974
5.872254 -1.136296 5.333624 8.068153 -32.173847 15.076153 1.249614
6.606181 -3.404730 5.373558 8.584169 -34.492869 16.387988 0.231279
7.468574 -5.955190 5.388845 9.167861 -37.076612 17.851716 -0.983036
8.482807 -8.573432 5.427425 9.851785 -40.058864 19.538918 -2.434976
9.640839 -11.763014 5.326069 10.571857 -43.151509 21.283290 -4.217174
10.932315 -15.299016 5.229041 11.410968 -46.609339 23.204449 -6.329083
12.371061 -19.165703 5.107854 12.392951 -50.464134 25.270588 -8.807482
13.933089 -23.373057 4.966626 13.561729 -54.749959 27.432442 -11.695858
15.637924 -27.939172 4.793466 14.914755 -59.473265 29.704963 -15.028903
17.555614 -32.531943 4.572640 16.439648 -64.792320 32.131510 -18.798676
19.568606 -37.683396 4.352419 18.211889 -70.517619 34.670968 -23.089274
21.719408 -43.096154 4.115570 20.222708 -76.776542 37.317861 -27.868227
24.036429 -48.725521 3.844325 22.429282 -83.513422 40.113248 -33.119373
26.483532 -54.494339 3.471601 24.825953 -90.666632 42.920077 -38.758132
28.932252 -60.341626 3.120746 27.456565 -98.099729 45.704708 -44.533890
31.342241 -66.075905 2.701375 30.185083 -105.507907 48.335024 -50.216044
33.672641 -71.577990 2.208434 32.934884 -112.707909 50.769544 -55.534229
35.949334 -76.867257 1.651452 35.700406 -119.758937 53.073777 -60.610606
38.202741 -82.111868 1.045891 38.598323 -126.935321 55.291841 -65.844903
40.414173 -87.281646 0.345639 41.709612 -134.393236 57.346058 -71.714754
42.366616 -92.178152 -0.258518 45.062173 -141.938853 59.099105 -78.270710
43.848564 -96.191197 -0.811562 48.395318 -148.863992 60.249645 -85.057515
44.584493 -98.714391 -1.280061 51.412453 -154.316626 60.470495 -91.084636
44.255652 -98.919495 -1.607184 53.663697 -157.161130 59.434690 -95.378639
42.644287 -96.105731 -1.809333 54.630743 -156.255855 56.890144 -97.121016
39.392175 -89.512880 -1.706049 53.781214 -150.283043 52.570492 -94.832999
34.593769 -79.012118 -1.328883 50.724823 -138.736102 46.645680 -88.160013
26.528269 -60.457119 -0.485698 42.778836 -114.765910 37.121250 -70.509116
19.803549 -44.437789 0.349385 35.417230 -93.752368 29.500297 -55.540943
13.471329 -28.868839 1.176777 27.559849 -72.508810 22.453865 -39.790086
6.617874 -11.317680 2.332684 17.872664 -47.676557 15.281617 -20.302791
3.419244 -3.184895 2.832626 13.156748 -35.737057 11.945970 -11.426781
1.242916 2.432811 3.197839 9.702618 -27.228220 9.746578 -5.002701
-0.087029 5.899084 3.435843 7.464545 -21.847056 8.462011 -0.945839
-0.864863 7.762060 3.484558 5.945944 -18.210260 7.590455 1.560876
-1.324327 8.939791 3.570667 5.074536 -16.221787 7.197290 2.988337
-1.509751 9.381279 3.597301 4.700165 -15.405077 7.074808 3.527513
-1.624016 9.728704 3.565570 4.392869 -14.798518 6.967391 3.913202
-1.715854 9.915070 3.572067 4.167453 -14.334529 6.923746 4.183300
-1.786113 10.079390 3.593819 3.996316 -14.016041 6.930222 4.370658
-1.836075 10.195856 3.611109 3.846205 -13.749887 6.951217 4.508558
-1.871037 10.293338 3.633519 3.716971 -13.544769 6.996846 4.610342
-1.897926 10.369374 3.657191 3.607385 -13.383398 7.049547 4.683066
-1.922690 10.440769 3.685568 3.511299 -13.252007 7.106868 4.738284
-1.928103 10.520417 3.685264 3.403846 -13.132263 7.146375 4.780304
-1.943105 10.561990 3.713038 3.322509 -13.032012 7.204621 4.809816
-1.980340 10.670059 3.771706 3.273959 -13.009125 7.281140 4.841307
-1.990110 10.671530 3.793322 3.217118 -12.947112 7.326935 4.848685
-2.001908 10.661358 3.814348 3.175025 -12.907952 7.363154 4.850535
-1.981001 10.668788 3.804963 3.090061 -12.952290 7.340909 4.849146
-2.006100 10.662458 3.833825 3.092141 -12.990675 7.366360 4.847536
-2.023693 10.616361 3.846627 3.089884 -13.005798 7.371204 4.840129
-2.041389 10.556413 3.853775 3.093134 -13.023147 7.363127 4.831014
-2.059249 10.478019 3.852782 3.105195 -13.045614 7.339347 4.821006
-1.935528 10.091838 3.680879 3.009324 -12.983229 7.150439 4.807828
-1.934944 9.928889 3.643145 3.019607 -12.972820 7.080475 4.796013
-1.933850 9.748663 3.593407 3.033833 -12.951815 6.991083 4.783213
-1.927422 9.540270 3.528663 3.048258 -12.917084 6.883173 4.770457
-1.916462 9.306062 3.449059 3.059434 -12.861209 6.755315 4.757429
-1.904133 9.067287 3.363739 3.064313 -12.786686 6.617529 4.743911
-1.797730 8.513215 3.141309 3.046191 -12.596603 6.385985 4.728235
-1.761062 8.196090 3.016138 3.044545 -12.485142 6.213011 4.714282
-1.694080 7.881897 2.854291 3.006351 -12.403407 5.996164 4.700497
-1.648787 7.541718 2.711262 3.011168 -12.290896 5.811327 4.687156
-1.597692 7.183509 2.556531 3.014732 -12.166992 5.616750 4.673351
-1.544360 6.814477 2.393308 3.023005 -12.044172 5.414217 4.659084
-1.497415 6.454169 2.229978 3.043685 -11.939199 5.206705 4.643506
-1.448035 6.097106 2.065357 3.064512 -11.836477 5.003639 4.627127
-1.389872 5.723897 1.891032 3.084442 -11.730729 4.801109 4.610331
-1.335153 5.366417 1.720904 3.102613 -11.622534 4.601526 4.591210
-1.286514 5.033987 1.559214 3.111434 -11.497239 4.404408 4.567372
-1.241902 4.721417 1.404216 3.110569 -11.354199 4.209874 4.537967
-1.189747 4.402908 1.245726 3.101548 -11.198895 4.020811 4.503349
-1.145397 4.120217 1.102662 3.085293 -11.038055 3.843242 4.460421
-1.102098 3.853046 0.966272 3.063080 -10.871355 3.673895 4.406512
-1.053892 3.599234 0.837382 3.033286 -10.704925 3.523881 4.342456
-0.977847 3.382302 0.694612 2.960684 -10.588991 3.365351 4.269557
-0.931644 3.178196 0.591710 2.931713 -10.456526 3.258136 4.195055
-0.888388 3.003850 0.504477 2.906709 -10.349965 3.174902 4.126716
-0.852906 2.872360 0.438859 2.883789 -10.266838 3.116671 4.065613
-0.824921 2.767580 0.386156 2.864994 -10.199517 3.069361 4.007878
-0.745831 2.408431 0.204769 2.845543 -10.018149 2.898677 3.851668
-0.723514 2.322789 0.161767 2.841158 -9.985562 2.863370 3.774785
5.570970 -20.621918 -10.757587 6.991775 -12.535064 -3.441145 7.030300
-0.717920 2.297298 0.146413 2.836816 -9.972958 2.850147 3.660574
-0.718313 2.309715 0.152087 2.836488 -9.984539 2.862168 3.629165
-0.716765 2.319139 0.156770 2.834454 -9.993093 2.874823 3.601995
-0.708924 2.309278 0.152821 2.837852 -10.009718 2.885316 3.568315
-0.745200 2.286926 0.197292 2.900644 -9.937213 2.942460 3.541356
-0.728478 2.260688 0.187096 2.897002 -9.940476 2.953532 3.526097
-0.709357 2.231111 0.175781 2.889820 -9.937254 2.964988 3.526355
-0.690101 2.195847 0.161513 2.884319 -9.933272 2.971806 3.532317
-0.670876 2.159934 0.147023 2.878754 -9.928465 2.977775 3.546634
-0.656789 2.140479 0.140421 2.873107 -9.927343 2.988312 3.571121
-0.648471 2.139556 0.142704 2.869305 -9.934875 3.004997 3.597631
-0.647690 2.156424 0.152991 2.867463 -9.947403 3.023159 3.617529
-0.653474 2.188562 0.170030 2.864875 -9.958557 3.041255 3.641564
-0.651909 2.175717 0.180756 2.880635 -9.930069 3.055337 3.627815
-0.660776 2.210063 0.198366 2.879400 -9.940024 3.069218 3.646218
-0.668695 2.244449 0.216021 2.874204 -9.942807 3.083365 3.661683
-0.674582 2.267732 0.227853 2.868823 -9.939780 3.090927 3.674214
-0.672712 2.266088 0.227920 2.870476 -9.946658 3.094562 3.668950
-0.679386 2.282396 0.243809 2.874435 -9.922407 3.093699 3.671763
-0.680353 2.280850 0.243039 2.873242 -9.917260 3.089555 3.669854
-0.680546 2.275335 0.240271 2.873651 -9.913905 3.083986 3.662832
-0.680865 2.269244 0.237150 2.874084 -9.909881 3.077595 3.656954
-0.679401 2.263918 0.232159 2.873771 -9.905777 3.068647 3.648890
-0.677959 2.256445 0.228709 2.873736 -9.902784 3.064681 3.642394
-0.677527 2.249072 0.225075 2.876091 -9.903299 3.059665 3.634778
-0.672883 2.243934 0.223688 2.872435 -9.899806 3.063517 3.629956
-0.667948 2.238309 0.222050 2.868280 -9.895149 3.067260 3.627618
-0.665388 2.231931 0.219346 2.866248 -9.890059 3.065827 3.624031
-0.664051 2.224925 0.215943 2.865435 -9.884819 3.061552 3.621672
-0.663228 2.219216 0.213103 2.865028 -9.880557 3.057582 3.620128
-0.663227 2.216135 0.211474 2.864397 -9.876356 3.054237 3.619389
-0.662604 2.214795 0.211235 2.862116 -9.875006 3.050272 3.621774
-0.665384 2.218660 0.212706 2.863337 -9.875418 3.048382 3.617934
-0.669206 2.226269 0.215929 2.863710 -9.874937 3.047425 3.619782
-0.674697 2.237644 0.220788 2.864843 -9.876091 3.046763 3.618463
-0.681323 2.250768 0.226299 2.866612 -9.877943 3.045548 3.615947
-0.688098 2.264975 0.232209 2.868836 -9.878781 3.043922 3.612243
-0.693807 2.274054 0.235687 2.871588 -9.881196 3.041195 3.606328
-0.703705 2.295291 0.244808 2.875240 -9.887859 3.041584 3.601329
-0.708680 2.297693 0.247997 2.880054 -9.887784 3.037799 3.594457
-0.706898 2.286132 0.242066 2.888232 -9.899417 3.034059 3.589166
-0.708109 2.279876 0.238076 2.887711 -9.890232 3.024689 3.580505
-0.706551 2.265682 0.233058 2.889350 -9.884457 3.017402 3.578045
-0.702707 2.247776 0.224050 2.891728 -9.881874 3.009370 3.575418
7.376846 -10.745444 -4.903863 -0.618803 -6.353560 6.641777 4.606171
-0.701056 2.225708 0.213102 2.899909 -9.884283 2.995937 3.570355
-0.703780 2.224655 0.211771 2.902199 -9.883419 2.989977 3.566882
-0.705459 2.224471 0.211192 2.903612 -9.883309 2.986861 3.573812
-0.704305 2.222821 0.210517 2.902116 -9.880788 2.987278 3.589551
-0.700660 2.224522 0.211609 2.897463 -9.876878 2.993649 3.609300
-0.697948 2.226155 0.213183 2.893345 -9.874154 2.999481 3.628345
-0.697106 2.226510 0.213611 2.891640 -9.872323 3.000874 3.635007
-0.696916 2.226373 0.213625 2.891165 -9.871646 3.000862 3.632296
-0.696936 2.227823 0.214466 2.890818 -9.872168 3.002038 3.629165
-0.698335 2.255142 0.229260 2.886388 -9.882242 3.024007 3.623883
-0.696295 2.230017 0.215434 2.889769 -9.872689 3.004268 3.617875
-0.696944 2.230370 0.215492 2.890909 -9.874369 3.003677 3.611252
-0.696933 2.229866 0.215217 2.891146 -9.874505 3.003309 3.606918
-0.696913 2.230133 0.215366 2.891087 -9.874626 3.003610 3.607404
-0.695574 2.228877 0.214598 2.889766 -9.875962 3.003351 3.608903
-0.695658 2.229477 0.214909 2.889653 -9.876047 3.003714 3.610327
-0.695677 2.229493 0.214915 2.889699 -9.876128 3.003710 3.610394
-0.695798 2.229038 0.214665 2.889777 -9.876291 3.003893 3.611208
-0.695853 2.229395 0.214848 2.889664 -9.876231 3.004068 3.612177
-0.695882 2.229241 0.214758 2.889724 -9.876188 3.003871 3.611362
-0.696081 2.229299 0.214744 2.889998 -9.876485 3.003607 3.609665
-0.696031 2.229368 0.214795 2.889946 -9.876516 3.003766 3.610292
-0.695905 2.228872 0.214554 2.889984 -9.876425 3.003575 3.609622
-0.696115 2.229220 0.214694 2.890100 -9.876581 3.003507 3.609786
-0.696160 2.229978 0.215066 2.890019 -9.876238 3.003847 3.610698
-0.691165 2.198311 0.198820 2.892450 -9.864892 2.984658 3.609900
-0.695971 2.229556 0.214880 2.889921 -9.876025 3.003812 3.611170
-0.696011 2.229933 0.215078 2.889817 -9.876026 3.004044 3.611722
-0.695996 2.229116 0.214683 2.890068 -9.876061 3.003439 3.609868
-0.695986 2.229483 0.214887 2.889906 -9.876020 3.003754 3.611240
-0.696040 2.229575 0.214926 2.889933 -9.876059 3.003735 3.610810
-0.695942 2.229018 0.214678 2.890048 -9.876060 3.003507 3.609790
-0.695998 2.229383 0.214865 2.889990 -9.876129 3.003722 3.610607
-0.696000 2.229315 0.214827 2.889998 -9.876086 3.003654 3.610200
-0.696013 2.229227 0.214716 2.890069 -9.876080 3.003528 3.609946
-0.695969 2.229472 0.214861 2.889908 -9.876002 3.003798 3.610689
-0.695954 2.229056 0.214636 2.890047 -9.875998 3.003481 3.610089
-0.695944 2.229072 0.214648 2.890045 -9.876030 3.003522 3.610322
-0.695977 2.229425 0.214864 2.889926 -9.876072 3.003777 3.611004
-0.695863 2.229020 0.214672 2.889966 -9.876042 3.003648 3.609941
-0.695882 2.228899 0.214601 2.890007 -9.876002 3.003508 3.610136
-0.695984 2.229349 0.214823 2.889963 -9.876087 3.003709 3.610795
-0.696064 2.229688 0.214991 2.889973 -9.876243 3.003871 3.610777
-0.696012 2.229193 0.214710 2.890083 -9.876102 3.003513 3.610004
-0.695787 2.228452 0.214357 2.890060 -9.875858 3.003273 3.609670
-0.696077 2.230066 0.215174 2.889850 -9.876186 3.004137 3.611741
-0.696120 2.229754 0.215006 2.889972 -9.876204 3.003810 3.610204
-0.696106 2.229258 0.214736 2.890157 -9.876234 3.003434 3.609639
-0.696052 2.229824 0.215059 2.889878 -9.876173 3.003993 3.611527
-0.695981 2.229191 0.214730 2.890027 -9.876117 3.003587 3.610003
-0.695972 2.229061 0.214661 2.890067 -9.876117 3.003499 3.610131
-0.695939 2.229332 0.214817 2.889904 -9.876038 3.003770 3.611188
-0.695972 2.229388 0.214864 2.889988 -9.876193 3.003788 3.610451
-0.695913 2.228629 0.214461 2.890134 -9.876002 3.003232 3.609656
-0.695886 2.228919 0.214626 2.889999 -9.875995 3.003524 3.610723
-0.695943 2.229144 0.214738 2.890011 -9.876108 3.003628 3.610214
-0.695832 2.228472 0.214397 2.890159 -9.876094 3.003280 3.609277
-0.695763 2.228613 0.214492 2.890029 -9.876050 3.003522 3.610513
-0.695780 2.228615 0.214477 2.890008 -9.875941 3.003463 3.610169
-0.695861 2.228667 0.214489 2.890143 -9.876143 3.003400 3.609599
-0.695788 2.228561 0.214449 2.890082 -9.876058 3.003437 3.610199
-0.695767 2.228297 0.214310 2.890149 -9.876037 3.003257 3.609434
-0.695801 2.228731 0.214542 2.890064 -9.876149 3.003581 3.610226
-0.695789 2.228457 0.214395 2.890127 -9.876089 3.003366 3.609710
-0.695649 2.227990 0.214173 2.890166 -9.876068 3.003233 3.608964
-0.695778 2.228731 0.214550 2.890050 -9.876188 3.003639 3.610434
-0.695776 2.228350 0.214343 2.890186 -9.876186 3.003328 3.609352
-0.695713 2.228180 0.214266 2.890177 -9.876151 3.003305 3.609255
-0.695758 2.228524 0.214445 2.890102 -9.876190 3.003519 3.610417
-0.695702 2.228383 0.214383 2.890083 -9.876141 3.003497 3.609939
-0.695762 2.228293 0.214321 2.890197 -9.876218 3.003330 3.609540
-0.682397 2.226507 0.216713 2.881911 -9.881066 3.027834 3.602598
-0.695744 2.228351 0.214299 2.890214 -9.876325 3.003411 3.609375
-0.695771 2.228417 0.214329 2.890178 -9.876254 3.003406 3.609251
-0.695698 2.228310 0.214289 2.890152 -9.876251 3.003459 3.609266
-0.695668 2.228033 0.214145 2.890201 -9.876192 3.003279 3.609221
-0.695889 2.228857 0.214546 2.890231 -9.876539 3.003627 3.609917
-0.695771 2.228270 0.214253 2.890260 -9.876337 3.003320 3.609221
-0.695707 2.228144 0.214200 2.890225 -9.876283 3.003331 3.609432
-0.695778 2.228766 0.214487 2.890104 -9.876294 3.003681 3.610404
-0.695725 2.228209 0.214196 2.890239 -9.876242 3.003310 3.609351
-0.695766 2.228470 0.214331 2.890205 -9.876313 3.003469 3.609837
-0.695782 2.228811 0.214515 2.890081 -9.876292 3.003718 3.610665
-0.695714 2.228163 0.214190 2.890227 -9.876310 3.003349 3.608787
-0.695857 2.228725 0.214465 2.890220 -9.876500 3.003594 3.609745
-0.695844 2.228778 0.214497 2.890190 -9.876502 3.003662 3.609748
-0.695862 2.228442 0.214309 2.890348 -9.876547 3.003364 3.609006
-0.695858 2.228804 0.214516 2.890201 -9.876538 3.003669 3.609955
-0.695895 2.229022 0.214627 2.890157 -9.876552 3.003783 3.610007
-0.695865 2.228645 0.214428 2.890250 -9.876507 3.003518 3.609280
-0.695966 2.228992 0.214594 2.890238 -9.876581 3.003635 3.610027
-0.696012 2.229249 0.214724 2.890183 -9.876586 3.003762 3.610574
-0.695978 2.229329 0.214734 2.890193 -9.876607 3.003844 3.610095
-0.695887 2.228954 0.214549 2.890172 -9.876415 3.003662 3.609926
-0.695912 2.229111 0.214629 2.890134 -9.876416 3.003746 3.610106
-0.696325 2.230573 0.215333 2.890144 -9.876877 3.004277 3.610870
-0.696035 2.229167 0.214629 2.890274 -9.876534 3.003578 3.609021
-0.695928 2.228546 0.214355 2.890379 -9.876548 3.003320 3.609248
-0.696025 2.229831 0.215036 2.890023 -9.876629 3.004218 3.611555
-0.695817 2.228432 0.214320 2.890275 -9.876425 3.003402 3.608934
-0.695996 2.229120 0.214654 2.890257 -9.876621 3.003682 3.609922
-0.695955 2.229316 0.214770 2.890087 -9.876476 3.003890 3.610880
-0.695935 2.228879 0.214536 2.890241 -9.876500 3.003568 3.609706
-0.695977 2.228952 0.214600 2.890236 -9.876483 3.003556 3.610092
-0.695937 2.229163 0.214727 2.890137 -9.876514 3.003812 3.610462
-0.696021 2.229237 0.214696 2.890241 -9.876579 3.003718 3.609742
-0.695975 2.229049 0.214603 2.890230 -9.876482 3.003630 3.609964
-0.695924 2.229139 0.214666 2.890158 -9.876489 3.003801 3.610093
-0.696059 2.229304 0.214743 2.890217 -9.876580 3.003721 3.609728
-0.695998 2.229210 0.214706 2.890229 -9.876641 3.003770 3.609924
-0.695895 2.228839 0.214526 2.890217 -9.876495 3.003625 3.609826
-0.695954 2.228944 0.214570 2.890233 -9.876510 3.003606 3.609685
-0.696033 2.229538 0.214900 2.890105 -9.876594 3.003961 3.611186
-0.696001 2.228932 0.214576 2.890270 -9.876524 3.003500 3.609500
-0.695946 2.229058 0.214658 2.890182 -9.876533 3.003711 3.610170
-0.696005 2.229362 0.214811 2.890115 -9.876524 3.003849 3.610532
-0.696077 2.229124 0.214662 2.890271 -9.876542 3.003519 3.609557
-0.695965 2.229112 0.214682 2.890163 -9.876446 3.003695 3.610208
-0.695991 2.229239 0.214746 2.890142 -9.876455 3.003751 3.610449
-0.696035 2.229314 0.214777 2.890165 -9.876489 3.003736 3.610109
-0.695956 2.228944 0.214593 2.890217 -9.876445 3.003567 3.609751
-0.695918 2.228982 0.214650 2.890136 -9.876481 3.003707 3.610111
-0.696030 2.229212 0.214750 2.890188 -9.876582 3.003709 3.609831
-0.696008 2.229174 0.214734 2.890184 -9.876579 3.003718 3.609964
-0.696065 2.229212 0.214699 2.890262 -9.876553 3.003615 3.609735
-0.695957 2.228857 0.214529 2.890228 -9.876382 3.003488 3.609803
9.085634 -12.280261 -5.325937 -1.997238 -5.175406 8.315809 3.874467
-0.695981 2.229185 0.214704 2.890159 -9.876499 3.003737 3.610075
-0.695894 2.228780 0.214502 2.890189 -9.876395 3.003544 3.609656
-0.695957 2.229128 0.214678 2.890138 -9.876450 3.003727 3.610161
-0.695974 2.229230 0.214731 2.890120 -9.876465 3.003782 3.610101
-0.695925 2.228873 0.214547 2.890230 -9.876508 3.003587 3.609275
-0.695925 2.228971 0.214600 2.890182 -9.876479 3.003664 3.610136
-0.696021 2.229242 0.214726 2.890181 -9.876525 3.003719 3.610013
-0.696034 2.229019 0.214600 2.890279 -9.876535 3.003512 3.609499
-0.695949 2.228973 0.214596 2.890217 -9.876517 3.003632 3.609841
-0.695983 2.229150 0.214685 2.890185 -9.876530 3.003718 3.610229
-0.695925 2.228917 0.214571 2.890202 -9.876485 3.003623 3.609263
3211.392378 -7486.404561 -3306.351771 -226.695703 680.636623 -315.525124 -1205.830645
-0.702698 2.244942 0.221399 2.878469 -9.850524 2.998644 3.605049
-0.695931 2.228968 0.214612 2.890209 -9.876523 3.003670 3.609860
-0.695929 2.228967 0.214612 2.890209 -9.876525 3.003672 3.609865
-0.695928 2.228967 0.214612 2.890210 -9.876528 3.003675 3.609869
-0.695927 2.228967 0.214611 2.890209 -9.876537 3.003678 3.609873
-0.695927 2.228969 0.214612 2.890209 -9.876540 3.003681 3.609878
-0.695927 2.228972 0.214614 2.890209 -9.876543 3.003684 3.609882
-0.695928 2.228975 0.214616 2.890209 -9.876545 3.003687 3.609887
-0.695928 2.228980 0.214619 2.890209 -9.876548 3.003691 3.609891
-0.695930 2.228986 0.214622 2.890209 -9.876552 3.003694 3.609896
-0.695931 2.228993 0.214625 2.890209 -9.876554 3.003698 3.609900
-0.695933 2.229001 0.214629 2.890209 -9.876557 3.003702 3.609905
-0.695935 2.229010 0.214634 2.890209 -9.876560 3.003706 3.609909
-0.695933 2.229048 0.214637 2.890207 -9.876526 3.003698 3.609917
-0.695936 2.229059 0.214643 2.890207 -9.876530 3.003702 3.609921
-0.695939 2.229070 0.214648 2.890207 -9.876533 3.003707 3.609925
-0.695943 2.229083 0.214654 2.890207 -9.876536 3.003712 3.609930
-0.695946 2.229097 0.214661 2.890206 -9.876539 3.003717 3.609934
-0.695950 2.229111 0.214668 2.890206 -9.876542 3.003722 3.609938
-0.695954 2.229126 0.214675 2.890206 -9.876546 3.003727 3.609942
-0.695959 2.229142 0.214683 2.890206 -9.876550 3.003732 3.609946
-0.695967 2.229141 0.214686 2.890207 -9.876579 3.003746 3.609947
-0.695972 2.229159 0.214695 2.890207 -9.876583 3.003752 3.609951
-0.695977 2.229179 0.214704 2.890207 -9.876587 3.003758 3.609954
-0.695983 2.229198 0.214714 2.890207 -9.876591 3.003764 3.609958
-0.659643 2.086852 0.145225 2.890386 -9.827374 2.943836 3.607115
