10.733512 -11.774579 -6.081476 0.954766 3.547285 -10.060064 8.287793
10.733509 -11.774585 -6.081482 0.954753 3.547295 -10.060055 8.287792
10.733499 -11.774578 -6.081497 0.954732 3.547306 -10.060053 8.287793
10.733492 -11.774575 -6.081508 0.954715 3.547316 -10.060048 8.287793
10.733483 -11.774569 -6.081519 0.954698 3.547326 -10.060043 8.287793
10.733475 -11.774563 -6.081531 0.954682 3.547334 -10.060038 8.287793
10.733466 -11.774554 -6.081542 0.954667 3.547343 -10.060033 8.287793
10.733456 -11.774545 -6.081554 0.954652 3.547351 -10.060029 8.287793
8.218677 -1.243795 -7.838448 1.785281 2.859410 -5.323272 8.281360
8.218673 -1.243799 -7.838447 1.785271 2.859419 -5.323257 8.281361
8.218668 -1.243802 -7.838445 1.785262 2.859429 -5.323244 8.281361
8.218663 -1.243805 -7.838443 1.785253 2.859437 -5.323231 8.281361
8.218657 -1.243808 -7.838439 1.785245 2.859445 -5.323219 8.281361
8.218652 -1.243809 -7.838440 1.785236 2.859453 -5.323209 8.281361
8.218647 -1.243811 -7.838438 1.785229 2.859460 -5.323199 8.281362
8.218642 -1.243813 -7.838435 1.785224 2.859467 -5.323190 8.281362
8.218639 -1.243815 -7.838434 1.785219 2.859473 -5.323182 8.281362
8.218634 -1.243816 -7.838431 1.785214 2.859478 -5.323175 8.281362
8.218629 -1.243817 -7.838427 1.785211 2.859484 -5.323170 8.281363
8.218626 -1.243818 -7.838426 1.785208 2.859488 -5.323165 8.281363
8.218622 -1.243818 -7.838422 1.785206 2.859492 -5.323161 8.281363
8.218617 -1.243818 -7.838419 1.785205 2.859496 -5.323160 8.281363
8.218613 -1.243817 -7.838415 1.785205 2.859499 -5.323158 8.281363
8.218609 -1.243817 -7.838411 1.785205 2.859501 -5.323159 8.281363
8.218607 -1.243816 -7.838410 1.785206 2.859503 -5.323160 8.281364
8.218862 -1.243916 -7.838662 1.785046 2.859185 -5.322955 8.281358
8.218561 -1.243847 -7.838361 1.785113 2.859392 -5.323041 8.281361
8.218368 -1.243702 -7.838171 1.785394 2.859801 -5.323412 8.281364
8.218876 -1.243884 -7.838671 1.785117 2.859216 -5.323059 8.281358
8.218692 -1.243860 -7.838500 1.785120 2.859381 -5.323053 8.281360
8.218002 -1.243825 -7.837937 1.785023 2.860487 -5.322836 8.281887
8.218717 -1.243834 -7.838496 1.785183 2.859270 -5.323152 8.281360
8.218732 -1.243818 -7.838530 1.785225 2.859425 -5.323202 8.281360
8.218230 -1.243627 -7.837989 1.785530 2.859817 -5.323615 8.281365
8.218571 -1.243763 -7.838338 1.785317 2.859503 -5.323334 8.281362
8.218556 -1.243756 -7.838335 1.785333 2.859632 -5.323349 8.281361
8.374829 -1.341683 -7.982262 1.598896 2.501693 -5.083605 8.338846
8.218566 -1.243742 -7.838356 1.785446 2.859661 -5.323459 8.281364
8.218377 -1.243728 -7.838144 1.785422 2.859608 -5.323428 8.281361
8.218103 -1.243620 -7.837851 1.785595 2.859870 -5.323660 8.281360
8.219012 -1.243839 -7.838770 1.785245 2.859265 -5.323255 8.281352
8.218988 -1.243796 -7.838744 1.785341 2.859325 -5.323385 8.281355
8.218047 -1.243555 -7.837787 1.785628 2.860013 -5.323743 8.281362
8.218117 -1.243599 -7.837833 1.785547 2.859795 -5.323644 8.281359
8.218223 -1.243666 -7.837960 1.785450 2.859708 -5.323481 8.281356
8.218231 -1.243611 -7.837962 1.785582 2.859854 -5.323663 8.281356
8.218518 -1.243651 -7.838237 1.785573 2.859657 -5.323664 8.281356
8.218004 -1.243529 -7.837683 1.785646 2.859912 -5.323780 8.281355
8.218058 -1.243520 -7.837724 1.785679 2.859924 -5.323832 8.281354
8.218450 -1.243630 -7.838135 1.785542 2.859760 -5.323651 8.281353
8.218291 -1.243547 -7.837961 1.785689 2.859916 -5.323848 8.281354
8.218434 -1.243617 -7.838090 1.785568 2.859680 -5.323694 8.281353
8.217877 -1.243492 -7.837536 1.785702 2.860165 -5.323850 8.281356
8.217991 -1.243524 -7.837622 1.785659 2.859969 -5.323805 8.281353
8.218497 -1.243661 -7.838139 1.785490 2.859665 -5.323589 8.281351
8.218936 -1.243772 -7.838589 1.785366 2.859403 -5.323430 8.281346
8.218254 -1.243645 -7.837871 1.785644 2.859801 -5.323732 8.281351
8.217997 -1.243573 -7.837578 1.785733 2.859852 -5.323856 8.281350
8.218483 -1.243735 -7.838066 1.785497 2.859454 -5.323554 8.281346
8.218490 -1.243699 -7.838111 1.785591 2.859829 -5.323663 8.281347
8.218205 -1.243670 -7.837836 1.785514 2.859887 -5.323557 8.281348
8.218365 -1.243654 -7.837957 1.785594 2.859667 -5.323688 8.281345
8.218112 -1.243624 -7.837721 1.785656 2.860021 -5.323725 8.281346
8.218734 -1.243806 -7.838358 1.785419 2.859588 -5.323419 8.281341
8.218228 -1.243704 -7.837843 1.785518 2.859865 -5.323538 8.281345
8.218137 -1.243692 -7.837737 1.785519 2.859863 -5.323541 8.281343
8.218856 -1.243864 -7.838455 1.785325 2.859319 -5.323308 8.281338
8.218673 -1.243823 -7.838293 1.785369 2.859594 -5.323351 8.281341
8.218622 -1.243793 -7.838197 1.785437 2.859559 -5.323448 8.281339
8.218999 -1.243956 -7.838593 1.785168 2.859224 -5.323090 8.281334
8.218163 -1.243676 -7.837751 1.785454 2.859771 -5.323499 8.281341
8.218497 -1.243783 -7.838091 1.785301 2.859519 -5.323302 8.281338
8.616835 -1.203287 -8.231972 1.996915 2.823380 -5.627276 8.281389
8.218650 -1.243877 -7.838306 1.785132 2.859594 -5.323057 8.281337
8.217946 -1.243624 -7.837556 1.785515 2.860026 -5.323566 8.281342
8.219024 -1.244003 -7.838635 1.785015 2.859146 -5.322893 8.281327
8.218381 -1.243677 -7.837944 1.785571 2.859733 -5.323650 8.281330
8.218967 -1.243787 -7.838519 1.785483 2.859263 -5.323569 8.281321
8.219188 -1.243887 -7.838762 1.785220 2.858950 -5.323265 8.281316
8.217840 -1.243530 -7.837422 1.785661 2.860131 -5.323811 8.281328
8.218227 -1.243635 -7.837805 1.785532 2.859808 -5.323652 8.281326
92.156332 34.484005 -89.831924 110.074890 53.271426 -155.906079 8.238151
8.218704 -1.243872 -7.838220 1.785206 2.859154 -5.323235 8.281330
8.218474 -1.243789 -7.838028 1.785348 2.859682 -5.323393 8.281332
8.218328 -1.243792 -7.837977 1.785250 2.860029 -5.323254 8.281336
8.218280 -1.243736 -7.837964 1.785422 2.860061 -5.323402 8.281341
8.218670 -1.243874 -7.838368 1.785229 2.859731 -5.323134 8.281346
8.218316 -1.243863 -7.838001 1.785156 2.859738 -5.323016 8.281353
8.218383 -1.243912 -7.837990 1.785064 2.859253 -5.322909 8.281351
8.219203 -1.244183 -7.838842 1.784664 2.858678 -5.322381 8.281348
8.219138 -1.244154 -7.838736 1.784695 2.858434 -5.322436 8.281349
8.218282 -1.243977 -7.837834 1.784791 2.858458 -5.322576 8.281350
8.218844 -1.244064 -7.838429 1.784717 2.858354 -5.322486 8.281355
8.218838 -1.244052 -7.838352 1.784852 2.858577 -5.322582 8.281363
8.218930 -1.244057 -7.838469 1.784841 2.858716 -5.322558 8.281372
8.218907 -1.243964 -7.838474 1.785032 2.859140 -5.322794 8.281385
8.218315 -1.243815 -7.837886 1.785071 2.859810 -5.322827 8.281402
8.218255 -1.243454 -7.837780 1.785900 2.860579 -5.323882 8.281418
8.218171 -1.243582 -7.837815 1.785573 2.860949 -5.323315 8.281429
8.218320 -1.243781 -7.838015 1.785135 2.860537 -5.322700 8.281433
8.218220 -1.244025 -7.838006 1.784718 2.860226 -5.322010 8.281432
8.218692 -1.244419 -7.838561 1.783972 2.859865 -5.320966 8.281423
8.220509 -1.244908 -7.840471 1.783403 2.858983 -5.320216 8.281401
8.222166 -1.245288 -7.842166 1.783059 2.857752 -5.319855 8.281360
7.130111 0.662890 -6.969336 1.854368 2.691694 -0.021140 8.277600
8.225502 -1.238031 -7.838501 1.794012 2.855651 -5.308167 8.281252
8.222249 -1.245317 -7.842018 1.782979 2.856200 -5.319958 8.281248
8.221655 -1.245141 -7.841467 1.783199 2.856925 -5.320242 8.281241
8.220975 -1.245097 -7.840823 1.783091 2.857244 -5.320070 8.281236
8.217990 -1.247794 -7.838623 1.776076 2.856969 -5.310137 8.281228
8.211951 -1.251831 -7.833828 1.765070 2.856917 -5.294476 8.281153
8.203618 -1.254652 -7.826612 1.756286 2.859300 -5.281837 8.281007
8.192750 -1.255862 -7.817246 1.750693 2.868984 -5.273269 8.280774
8.181048 -1.256622 -7.807923 1.746074 2.886487 -5.265595 8.280454
8.169528 -1.258408 -7.798643 1.738998 2.901278 -5.254699 8.280037
8.159786 -1.263034 -7.790365 1.725531 2.904016 -5.235677 8.279502
8.152544 -1.270381 -7.783234 1.706091 2.890143 -5.209463 8.278842
8.147544 -1.284174 -7.779910 1.672424 2.869928 -5.163548 8.278058
8.144810 -1.300880 -7.779705 1.633045 2.848303 -5.109755 8.277169
8.144588 -1.318023 -7.783153 1.593235 2.828188 -5.055084 8.276223
8.148486 -1.333455 -7.790836 1.558643 2.809486 -5.007639 8.275269
8.151613 -1.345083 -7.797358 1.532718 2.794977 -4.972077 8.274353
8.152261 -1.352985 -7.801137 1.514812 2.786118 -4.947339 8.273501
8.154517 -1.357510 -7.806515 1.505313 2.783057 -4.933949 8.272728
8.151721 -1.358073 -7.805786 1.503377 2.781800 -4.930941 8.272078
8.147256 -1.354821 -7.802334 1.509497 2.781004 -4.939070 8.271630
8.148734 -1.345828 -7.803664 1.530312 2.782504 -4.967597 8.271458
8.157956 -1.330602 -7.811583 1.567471 2.787348 -5.018750 8.271736
8.178579 -1.306610 -7.828015 1.627807 2.790055 -5.102627 8.272488
8.206860 -1.271947 -7.848355 1.714546 2.791094 -5.224507 8.273746
8.234333 -1.226234 -7.863852 1.826221 2.793058 -5.380419 8.275635
8.263199 -1.169900 -7.876751 1.962290 2.795295 -5.570465 8.278220
8.297234 -1.107541 -7.893454 2.113369 2.804621 -5.780855 8.281667
8.346372 -1.038253 -7.924218 2.284582 2.823779 -6.018761 8.285987
8.407796 -0.961474 -7.964867 2.476301 2.846928 -6.285154 8.291165
8.473602 -0.885647 -8.004912 2.681294 2.871409 -6.583208 8.297302
8.549149 -0.796074 -8.053137 2.905782 2.891742 -6.895921 8.304315
8.639884 -0.700723 -8.113545 3.147755 2.910137 -7.233616 8.312271
8.745544 -0.601970 -8.187389 3.402050 2.932893 -7.588802 8.321118
8.865371 -0.481569 -8.281925 3.661427 2.957436 -7.948893 8.330762
9.004540 -0.382710 -8.387047 3.926555 2.981399 -8.320918 8.341126
9.150395 -0.284351 -8.497100 4.193035 3.004777 -8.696069 8.352101
9.296422 -0.136436 -8.611108 4.491896 3.023065 -9.037420 8.363564
9.446978 -0.038797 -8.722385 4.758950 3.049865 -9.416805 8.375799
9.612246 0.061920 -8.845934 5.037724 3.079930 -9.814847 8.388547
9.776118 0.163389 -8.965712 5.318178 3.113157 -10.217357 8.401802
9.945331 0.308393 -9.094658 5.629882 3.141604 -10.575023 8.415313
10.115364 0.407399 -9.218650 5.907088 3.190985 -10.978184 8.429354
10.281176 0.503169 -9.337421 6.175709 3.245850 -11.371981 8.443669
10.440550 0.598194 -9.448249 6.440570 3.308654 -11.763483 8.461427
10.600360 0.716233 -9.560600 6.720526 3.373532 -12.126490 8.472795
10.754770 0.806452 -9.664277 6.971897 3.448452 -12.505444 8.487283
10.904293 0.891522 -9.762288 7.209278 3.525199 -12.867866 8.501832
11.048468 0.973541 -9.854013 7.437138 3.605964 -13.220062 8.516224
11.194263 1.117234 -9.949876 7.710168 3.672318 -13.489541 8.529967
11.325685 1.190924 -10.028965 7.912843 3.766361 -13.812121 8.543686
11.453876 1.259845 -10.106415 8.102596 3.874481 -14.118158 8.556888
11.576520 1.325340 -10.175510 8.280849 3.968895 -14.411516 8.569497
11.689687 1.387971 -10.231111 8.447174 4.040166 -14.691912 8.581475
11.796991 1.447878 -10.277822 8.603100 4.093190 -14.960922 8.592736
11.899989 1.534221 -10.317781 8.779400 4.120229 -15.197298 8.603089
11.992454 1.596599 -10.343665 8.931533 4.147041 -15.467478 8.612890
12.074663 1.651439 -10.359799 9.061199 4.160119 -15.706699 8.622020
12.153459 1.707319 -10.363330 9.187885 4.111202 -15.948107 8.630537
12.242435 1.825791 -10.378069 9.373768 3.969285 -16.078952 8.638020
12.296962 1.886629 -10.352968 9.498046 3.877847 -16.323119 8.645134
12.361047 1.935515 -10.334918 9.595083 3.731681 -16.529310 8.652486
12.414545 1.989877 -10.312309 9.698955 3.618210 -16.743246 8.659245
12.473708 2.092436 -10.309784 9.873808 3.463577 -16.872378 8.664814
12.507301 2.155555 -10.272397 9.984907 3.359565 -17.096062 8.670857
12.528738 2.221857 -10.227633 10.096036 3.268784 -17.318011 8.676558
12.543763 2.317278 -10.193822 10.242449 3.155277 -17.472595 8.681277
12.537344 2.385668 -10.133802 10.342756 3.094124 -17.674719 8.686138
12.522820 2.455508 -10.073196 10.440679 3.056842 -17.870836 8.690530
12.473899 2.505967 -9.983634 10.467148 2.874585 -17.904218 8.694376
12.413359 2.651660 -9.925185 10.712749 3.221540 -18.309687 8.697468
12.447902 2.730942 -9.942169 10.802074 3.034034 -18.359254 8.699252
12.412458 2.817685 -9.893819 10.916432 3.128118 -18.571695 8.701284
11.801627 2.869687 -9.282453 10.778930 2.902495 -18.368358 8.720336
12.277794 3.134039 -9.791838 11.415970 3.776834 -19.377538 8.736709
12.294964 3.156051 -9.813687 11.386687 3.633400 -19.264488 8.702367
12.222446 3.266989 -9.772771 11.524428 3.915904 -19.504785 8.701133
12.143129 3.389910 -9.739540 11.681244 4.274899 -19.771213 8.698972
12.051633 3.532410 -9.712855 11.869639 4.704358 -20.058827 8.695565
11.932777 3.688154 -9.673990 12.075661 5.240774 -20.395984 8.691072
11.785482 3.860036 -9.628871 12.303664 5.886971 -20.764328 8.685207
11.454834 4.255187 -9.254855 12.889666 5.708629 -21.723899 8.648768
11.529367 4.192606 -9.606993 12.729965 7.148057 -21.404030 8.686418
11.178074 4.500553 -9.495046 13.169987 8.573984 -22.088061 8.658645
10.871300 4.758848 -9.410854 13.515863 9.807514 -22.631258 8.646836
10.505768 5.051689 -9.304974 13.911676 11.227485 -23.251395 8.633756
10.088327 5.387013 -9.194021 14.381629 12.791775 -23.899215 8.619162
9.602860 5.762099 -9.050219 14.900440 14.628980 -24.711021 8.604285
9.064966 6.180222 -8.897783 15.485200 16.690277 -25.625735 8.588774
8.471261 6.643750 -8.732645 16.139180 18.968934 -26.649638 8.572756
7.820885 7.144562 -8.557007 16.851158 21.420321 -27.725256 8.556196
13.174556 3.378714 -11.301859 10.756344 5.078393 -18.294664 8.599795
3.778626 10.149321 -6.811843 21.428428 34.466709 -34.895996 8.500523
5.623141 8.817025 -7.965190 19.211045 29.733355 -31.425858 8.505960
4.865721 9.393747 -7.769222 20.022404 32.594030 -32.700878 8.488541
4.150943 9.956154 -7.596180 20.815366 35.338361 -33.951375 8.470165
3.518362 10.484021 -7.460505 21.556999 37.799495 -35.057101 8.450182
3.006703 10.907622 -7.370116 22.138509 39.866194 -35.979705 8.427956
2.692491 11.190304 -7.358272 22.503718 41.271264 -36.561855 8.402369
2.668603 11.240793 -7.454624 22.505451 41.649684 -36.568800 8.371886
3.047271 10.958659 -7.697565 21.982545 40.574134 -35.743351 8.334468
3.920129 10.262242 -8.110906 20.802557 37.651624 -33.875236 8.287423
5.215306 9.191953 -8.656808 19.024849 33.069931 -31.056311 8.228632
6.699339 7.954639 -9.236458 16.963852 27.685573 -27.757599 8.158172
8.044531 6.790021 -9.755328 15.026838 22.672264 -24.672941 8.079267
8.968936 5.951841 -10.114252 13.605961 19.162552 -22.393754 7.997122
9.503458 5.436733 -10.333974 12.699748 17.102358 -20.921395 7.915512
9.736338 5.193305 -10.449366 12.229116 16.189156 -20.135224 7.831226
9.801478 5.121572 -10.509688 12.036023 15.935650 -19.788477 7.742789
9.805175 5.112314 -10.554939 11.942040 15.941695 -19.595719 7.665961
9.802594 5.148628 -10.585279 11.873261 16.070483 -19.495046 7.603459
9.837273 5.136047 -10.648538 11.770039 15.987031 -19.285029 7.563484
9.928992 5.089139 -10.731325 11.608922 15.684365 -18.983804 7.545955
10.091857 4.981268 -10.827451 11.343991 15.045193 -18.519615 7.557645
10.328349 4.805857 -10.932273 10.963295 14.033404 -17.875028 7.601572
10.615309 4.584443 -11.039630 10.501956 12.753022 -17.105947 7.670370
10.936023 4.324545 -11.135350 9.970805 11.224241 -16.230624 7.761056
11.252317 4.060535 -11.215237 9.427040 9.643398 -15.337903 7.860753
11.523027 3.836605 -11.282310 8.945662 8.261744 -14.543610 7.950960
11.747330 3.651839 -11.333917 8.525254 7.068327 -13.845629 8.030840
11.952827 3.528086 -11.358782 8.102898 6.048683 -13.253345 8.105786
12.108150 3.416614 -11.399949 7.801053 5.215490 -12.744323 8.168659
12.237400 3.341125 -11.442303 7.557972 4.549338 -12.328867 8.221353
12.339004 3.304683 -11.486556 7.379450 4.061654 -12.016278 8.262108
12.420910 3.293384 -11.531826 7.242389 3.699828 -11.769641 8.296243
12.454509 3.239593 -11.507352 7.029147 3.223376 -11.405019 8.349899
12.486880 3.267119 -11.539012 6.957454 3.083736 -11.263670 8.370391
12.502180 3.308068 -11.572277 6.911218 3.052262 -11.160017 8.386328
12.515500 3.451163 -11.574866 6.868112 3.032067 -11.113630 8.399139
12.501976 3.492690 -11.573653 6.823877 2.991979 -11.016907 8.412313
12.490762 3.705112 -11.538975 6.797669 2.890793 -10.936157 8.423930
12.452844 3.769480 -11.486425 6.790742 2.744407 -10.909656 8.434347
12.377702 4.019237 -11.401924 6.894942 2.672503 -10.992406 8.442521
12.333301 4.048267 -11.327995 6.838461 2.462455 -10.894167 8.452286
12.293276 4.104801 -11.231641 6.810176 2.121635 -10.837338 8.462001
12.262170 4.187861 -11.140717 6.841125 1.790400 -10.886725 8.474711
12.231666 4.282220 -11.043829 6.891607 1.433536 -10.969193 8.489849
12.211607 4.396856 -10.945456 6.974616 1.028089 -11.107209 8.506030
12.191775 4.521467 -10.836888 7.074822 0.577299 -11.275644 8.523159
11.920823 4.621279 -10.615627 7.166986 0.772402 -11.397428 8.528820
12.112306 4.834132 -10.645869 7.363787 -0.036371 -11.729397 8.505663
12.082706 4.885257 -10.481695 7.355350 -0.729094 -11.730480 8.567009
12.034699 5.008792 -10.352284 7.470821 -1.155679 -11.921472 8.577472
11.981178 5.110731 -10.221338 7.557469 -1.576179 -12.063846 8.586255
11.925263 5.182006 -10.097062 7.601047 -1.970128 -12.132872 8.593683
11.872411 5.220005 -9.982983 7.595884 -2.347226 -12.118695 8.600354
11.812958 5.225871 -9.872767 7.543231 -2.690093 -12.021647 8.606668
11.744948 5.214565 -9.765748 7.464842 -2.987139 -11.876048 8.613989
11.664583 5.191927 -9.642786 7.367705 -3.306872 -11.695322 8.622746
11.566082 5.200075 -9.495432 7.317696 -3.653248 -11.587545 8.633635
11.449301 5.171311 -9.323743 7.196656 -4.064591 -11.351114 8.646862
11.350652 5.117983 -9.157480 7.042767 -4.511596 -11.062870 8.663370
11.239760 5.036178 -8.967580 6.843092 -5.011731 -10.694630 8.682443
11.133833 4.936296 -8.769732 6.611269 -5.567949 -10.265850 8.704429
11.031127 4.830645 -8.563011 6.366819 -6.169435 -9.807458 8.729409
10.931095 4.715549 -8.350758 6.105016 -6.791573 -9.310792 8.757269
10.825292 4.595147 -8.128419 5.834478 -7.409375 -8.788485 8.787966
10.687628 4.501689 -7.912400 5.546332 -7.978230 -8.276076 8.821560
10.566640 4.388653 -7.683223 5.290253 -8.489998 -7.754174 8.858086
10.438161 4.285976 -7.457636 5.052758 -8.912674 -7.250991 8.897623
10.215281 4.176203 -7.152856 4.823326 -9.225393 -6.751420 8.926544
10.127880 4.300178 -7.221625 4.763983 -8.974861 -6.518035 8.957733
9.980964 4.078132 -6.890850 4.363555 -9.604748 -5.731755 9.035347
9.841869 3.979430 -6.689032 4.145613 -9.705625 -5.239782 9.088172
9.618017 4.008221 -6.524769 3.965012 -9.819936 -4.674111 9.144314
9.325637 3.969117 -6.103455 3.870097 -10.141354 -4.354945 9.204890
9.134435 4.005264 -5.937307 3.736104 -10.206624 -3.889905 9.269540
8.880057 3.928101 -5.609882 3.593860 -10.230888 -3.522110 9.336640
8.819556 4.010942 -5.544178 3.570334 -10.226122 -3.288493 9.405245
8.664942 3.978272 -5.268082 3.483246 -10.403872 -2.999942 9.474712
8.506292 3.981649 -4.996897 3.451140 -10.547153 -2.797114 9.542184
8.360085 3.992668 -4.716918 3.434740 -10.756392 -2.613171 9.606393
8.157194 4.074976 -4.462417 3.464087 -10.968831 -2.448844 9.672642
7.991063 4.140551 -4.188753 3.531995 -11.100227 -2.396200 9.744072
7.731072 4.236835 -3.860379 3.656218 -11.114553 -2.419816 9.819473
7.583496 4.368959 -3.648728 3.801102 -11.124093 -2.476210 9.900149
7.439422 4.513963 -3.455219 3.967471 -11.116544 -2.589403 9.982243
7.296247 4.679490 -3.271269 4.159438 -11.105235 -2.742679 10.065356
7.153035 4.862436 -3.087443 4.374207 -11.118132 -2.928184 10.148459
7.015176 5.048588 -2.906902 4.593289 -11.154848 -3.118008 10.227925
6.872726 5.257215 -2.749686 4.836865 -11.137160 -3.354994 10.309511
6.725266 5.481139 -2.620273 5.094360 -11.050650 -3.627622 10.390740
6.557071 5.758237 -2.562533 5.365635 -10.930150 -3.900011 10.468090
6.330853 6.085058 -2.564446 5.647180 -10.852161 -4.120895 10.535643
6.229814 6.313333 -2.514485 5.896151 -10.748224 -4.425037 10.594757
5.953187 6.734802 -2.691767 6.207236 -10.648367 -4.588491 10.653500
5.904246 7.026350 -2.764844 6.498344 -10.429612 -5.018530 10.714039
5.868797 7.354460 -2.881961 6.808123 -10.241011 -5.457227 10.770143
5.871691 7.669611 -3.023427 7.093167 -10.095926 -5.862906 10.821798
5.923064 7.959300 -3.173260 7.348867 -9.984129 -6.248947 10.868694
5.978503 8.243481 -3.357668 7.575441 -9.934399 -6.544363 10.910344
6.107470 8.478805 -3.528124 7.756795 -9.961280 -6.801597 10.946697
6.243947 8.693119 -3.725475 7.900785 -9.997058 -6.986199 10.976623
6.404836 8.866549 -3.919214 7.998944 -10.022505 -7.125010 10.999785
6.579478 9.015285 -4.124212 8.062841 -10.043292 -7.216377 11.016184
6.743846 9.164972 -4.364608 8.114457 -10.087899 -7.258320 11.027113
6.936920 9.288682 -4.576871 8.142316 -10.133597 -7.296789 11.033224
7.133014 9.393279 -4.783915 8.148057 -10.195751 -7.300419 11.035951
7.338923 9.487590 -4.977773 8.144997 -10.317447 -7.276912 11.035814
7.549903 9.569892 -5.168563 8.127449 -10.456458 -7.226739 11.032768
7.790617 9.629940 -5.375403 8.077933 -10.613113 -7.121736 11.027214
8.086339 9.703448 -5.702496 8.004552 -10.727611 -6.964035 11.016746
8.337400 9.737398 -5.925544 7.911720 -10.845121 -6.795637 11.005508
8.605800 9.801745 -6.182151 7.837606 -10.931789 -6.672860 10.991010
8.867046 9.858027 -6.452690 7.744992 -10.951960 -6.540596 10.973338
9.037293 9.863438 -6.764719 7.612439 -10.897895 -6.336226 10.953954
9.225476 9.868237 -6.996605 7.470698 -10.798188 -6.166732 10.925087
9.399260 9.891199 -7.235357 7.340731 -10.645988 -6.032758 10.893901
9.509442 9.873746 -7.573512 7.193163 -10.454388 -5.876537 10.863510
9.723282 9.909780 -7.869506 7.042634 -10.225784 -5.735717 10.830728
9.878943 9.847565 -8.062176 6.827517 -10.073503 -5.473516 10.792385
10.036251 9.792750 -8.235653 6.626894 -9.974832 -5.223467 10.756628
10.186272 9.731906 -8.371691 6.433151 -9.951226 -4.958003 10.719640
10.315398 9.694607 -8.477131 6.273408 -9.972049 -4.729615 10.684011
10.424541 9.687224 -8.549491 6.156657 -10.056838 -4.547667 10.648161
10.504017 9.696438 -8.634869 6.071454 -10.173496 -4.410389 10.610873
10.735899 9.746557 -8.936925 5.909686 -9.952521 -4.274221 10.573391
10.828245 9.790615 -9.011670 5.844339 -10.039685 -4.193152 10.525568
10.892224 9.853594 -9.051402 5.809081 -10.163905 -4.132150 10.477784
10.928606 9.932201 -9.084642 5.790603 -10.252141 -4.108794 10.431882
10.942208 10.037700 -9.123456 5.794357 -10.290175 -4.137446 10.390928
10.940652 10.182692 -9.178115 5.828135 -10.277200 -4.232046 10.357275
10.895250 10.330373 -9.217586 5.869356 -10.204277 -4.359640 10.331105
10.788618 10.448505 -9.327532 5.913005 -10.048989 -4.525821 10.312637
10.714084 10.587988 -9.387605 5.935933 -9.843522 -4.676973 10.288854
10.737198 10.682071 -9.484253 5.908212 -9.756645 -4.722349 10.239526
10.662264 10.755499 -9.522036 5.887320 -9.577153 -4.809478 10.194670
10.578585 10.796829 -9.535169 5.848489 -9.420855 -4.851631 10.139561
10.503785 10.813563 -9.547040 5.790764 -9.274070 -4.860698 10.079083
10.440652 10.793520 -9.551339 5.706851 -9.154301 -4.818836 10.012960
10.379708 10.760424 -9.550106 5.617155 -9.048175 -4.763019 9.943904
10.335570 10.717837 -9.550343 5.522928 -8.976817 -4.688385 9.872218
10.315992 10.660049 -9.553474 5.419107 -8.952759 -4.582695 9.796270
10.305457 10.588708 -9.541138 5.315650 -8.993267 -4.456250 9.716561
10.273519 10.481047 -9.625953 5.244700 -9.073775 -4.347029 9.639742
10.300026 10.403052 -9.596728 5.155728 -9.272365 -4.192923 9.552648
10.334183 10.325599 -9.556679 5.078067 -9.533911 -4.036514 9.460743
10.385492 10.259661 -9.516237 5.017211 -9.862078 -3.885705 9.362584
10.453297 10.204086 -9.473942 4.973003 -10.261190 -3.738973 9.257815
10.519956 10.162369 -9.430570 4.946974 -10.685210 -3.614152 9.144825
10.597513 10.135341 -9.409879 4.928879 -11.094732 -3.507755 9.023474
10.984440 10.398380 -9.688476 5.034274 -11.649666 -3.554171 8.874280
11.020182 10.296522 -9.737638 5.013378 -11.961317 -3.524116 8.731818
11.097712 10.196673 -9.819125 5.026723 -12.213122 -3.577000 8.581671
3.066088 14.928169 -1.421927 12.477545 -20.582466 -13.212464 4.116037
11.340903 10.116614 -10.037146 5.058008 -12.771633 -3.708337 8.187480
11.441561 10.153956 -10.033952 5.113223 -13.361426 -3.693116 8.040127
12.041419 10.498664 -10.555391 5.228611 -13.962032 -3.793350 7.813831
12.157358 10.562498 -10.616472 5.262351 -14.442258 -3.787985 7.581196
12.334188 10.631251 -10.744148 5.299295 -14.931477 -3.813239 7.335163
12.546978 10.741760 -10.901725 5.334737 -15.460756 -3.813003 7.072906
12.795965 10.879877 -11.101870 5.370054 -15.995930 -3.817199 6.795889
13.004908 10.942399 -11.234175 5.410743 -16.643572 -3.842113 6.490821
13.276670 11.067949 -11.441136 5.422086 -17.252142 -3.800920 6.173198
13.557595 11.176251 -11.647802 5.406210 -17.890605 -3.709606 5.838413
13.840650 11.271789 -11.849132 5.368705 -18.557625 -3.579826 5.483223
14.704509 11.572864 -12.633324 5.306389 -19.261813 -3.433805 5.106827
14.912712 11.603301 -12.757082 5.198431 -19.919222 -3.200133 4.716171
15.694459 11.896453 -13.447827 5.066044 -20.641488 -2.912932 4.311601
15.790550 11.879948 -13.466178 4.908742 -21.272048 -2.613340 3.896212
15.832321 11.736775 -13.361602 4.700168 -22.084157 -2.188126 3.436307
15.945656 11.612043 -13.380495 4.507283 -22.728694 -1.857458 2.975257
16.038036 11.529543 -13.361551 4.277689 -23.433318 -1.422573 2.504139
16.134449 11.445293 -13.348491 4.028574 -24.126776 -0.958453 2.025704
16.236234 11.376790 -13.357843 3.764036 -24.759876 -0.483750 1.555691
16.343289 11.309228 -13.382473 3.474968 -25.341083 0.020461 1.097979
16.441693 11.251333 -13.417980 3.166606 -25.838969 0.538764 0.667297
16.538561 11.157225 -13.501727 2.868652 -26.184337 0.995936 0.270759
16.603232 11.077741 -13.544865 2.500919 -26.440624 1.566599 -0.065686
14.337085 5.706182 -10.747075 0.210978 -23.825838 5.010419 0.190819
17.132465 11.627034 -14.342020 1.790867 -25.915357 2.448405 -0.314003
17.053943 11.350563 -14.263302 1.248355 -25.666052 3.251842 -0.304823
16.954761 11.206439 -14.202106 0.752500 -25.329418 3.965289 -0.358352
16.864077 11.009057 -14.140667 0.210631 -24.864643 4.754158 -0.357756
16.809782 10.683729 -14.103977 -0.345585 -24.274002 5.572785 -0.339367
16.661162 10.230814 -13.907838 -0.974424 -23.713595 6.545724 -0.321333
16.448937 9.554953 -13.579818 -1.634789 -23.207546 7.610892 -0.357864
16.164498 8.710072 -13.163935 -2.295147 -22.580989 8.675024 -0.369279
16.149942 7.587592 -12.879200 -3.075028 -22.146219 10.024162 -0.505154
15.723607 6.962697 -12.618365 -3.634385 -20.106489 10.677735 0.118207
15.279918 5.129089 -11.879144 -4.226122 -19.546581 11.676707 -0.055974
14.891074 3.064265 -11.191958 -4.726953 -18.931129 12.506587 -0.254640
14.616938 0.857690 -10.644823 -5.127454 -18.204532 13.133921 -0.426616
14.503118 -1.380912 -10.307352 -5.430018 -17.311231 13.550913 -0.525593
14.432822 -3.454408 -10.126143 -5.576555 -16.184127 13.631420 -0.473953
14.486431 -5.438022 -10.124186 -5.608907 -15.003984 13.485334 -0.366621
14.720708 -7.135914 -10.415463 -5.515634 -13.667075 13.030758 -0.128665
14.930620 -8.542495 -10.761378 -5.393146 -12.076744 12.519955 0.319829
15.181851 -9.651204 -11.222801 -5.227768 -10.343626 11.904832 0.914688
15.436164 -10.471607 -11.755128 -5.037043 -8.461690 11.219150 1.654755
15.715222 -11.153190 -12.320591 -4.817044 -6.682872 10.495976 2.378806
16.040176 -11.790601 -12.898219 -4.557818 -5.219358 9.749009 2.960945
16.277551 -11.941150 -13.426254 -4.300597 -3.919678 8.982327 3.587895
16.580299 -12.362581 -13.935859 -4.023285 -2.952483 8.275207 3.984564
16.898538 -12.698157 -14.439071 -3.749460 -2.178930 7.609543 4.300315
17.208928 -12.939115 -14.915886 -3.489349 -1.565395 6.996449 4.551555
17.506680 -13.126359 -15.363238 -3.232982 -1.096255 6.413297 4.736085
17.804542 -13.271064 -15.790926 -2.993974 -0.740116 5.882456 4.861273
17.912619 -12.835372 -16.090875 -2.743354 -0.638543 5.189266 4.993003
18.076518 -12.849334 -16.361794 -2.549697 -0.442601 4.764644 5.062988
18.219089 -12.836290 -16.605104 -2.358755 -0.299504 4.356509 5.106086
18.347335 -12.817934 -16.828316 -2.173063 -0.179800 3.961270 5.139191
18.461910 -12.798628 -17.032656 -1.986848 -0.093223 3.568268 5.158270
18.576887 -12.790285 -17.232821 -1.797044 -0.035580 3.170346 5.167827
18.712194 -12.792459 -17.444302 -1.613815 -0.006737 2.788054 5.167868
18.927750 -12.666683 -17.739199 -1.480665 -0.018887 2.309638 5.157963
19.112100 -12.695244 -17.986783 -1.305119 -0.022712 1.944342 5.141513
18.789610 -12.358101 -17.765801 -1.086842 -0.293990 1.524799 5.118327
18.882156 -12.343934 -17.928611 -0.899758 -0.346544 1.136219 5.093158
23.879960 9.449844 -24.161014 -5.958709 1.068230 1.302519 5.056550
24.832285 15.285091 -30.463602 -4.194268 -2.840217 -10.233126 5.026247
18.563304 -11.687996 -17.859731 -0.385652 -0.882903 -0.081876 5.012253
18.548178 -11.587773 -17.920329 -0.211901 -0.966172 -0.438480 4.984658
18.538679 -11.468355 -17.980462 -0.063520 -1.025445 -0.747063 4.957207
18.546804 -11.346500 -18.052520 0.069551 -1.069994 -1.026472 4.930529
18.673879 -11.237843 -18.211003 0.124150 -1.057999 -1.155987 4.904347
18.658423 -11.054004 -18.247326 0.201084 -1.051419 -1.329299 4.878005
18.643393 -10.848132 -18.270541 0.239340 -1.021574 -1.428596 4.851998
18.640511 -10.629461 -18.292001 0.242343 -0.972915 -1.459250 4.826371
18.621814 -10.393741 -18.291404 0.224706 -0.903092 -1.450766 4.800815
18.049024 -9.946373 -17.809399 0.356245 -1.067329 -1.714137 4.775797
17.943883 -9.691949 -17.721032 0.331964 -1.006966 -1.696019 4.752177
17.859608 -9.296720 -17.665779 0.224781 -0.959785 -1.648558 4.730122
17.787602 -9.105798 -17.611587 0.237771 -0.930282 -1.695852 4.688991
17.705793 -8.904022 -17.541178 0.225651 -0.868708 -1.697773 4.682495
17.640247 -8.743532 -17.494592 0.249615 -0.823150 -1.769914 4.659995
17.668913 -8.641996 -17.533490 0.277686 -0.780246 -1.850601 4.638829
17.612198 -8.517207 -17.501531 0.337593 -0.775258 -1.990300 4.618655
17.589635 -8.412679 -17.500034 0.397013 -0.772462 -2.129408 4.599750
17.123044 -8.099186 -17.133915 0.518485 -0.978522 -2.428339 4.582388
16.975818 -7.932138 -17.026075 0.548832 -0.852683 -2.527854 4.559725
16.883479 -7.820871 -16.964088 0.626567 -0.888614 -2.695765 4.540519
16.787792 -7.695524 -16.894333 0.680893 -0.905859 -2.820381 4.524385
16.712252 -7.568742 -16.835665 0.712196 -0.923092 -2.898104 4.508816
16.581356 -7.411344 -16.724046 0.731082 -0.934186 -2.950719 4.492537
16.437436 -7.244977 -16.597203 0.736508 -0.938920 -2.976493 4.475303
16.280721 -7.075900 -16.457073 0.737139 -0.948412 -2.990909 4.457683
16.108696 -6.905444 -16.302258 0.735852 -0.963629 -2.999191 4.440251
15.915362 -6.700836 -16.161104 0.735167 -0.973564 -2.991808 4.420558
15.712425 -6.527484 -15.976666 0.726356 -0.985183 -2.982841 4.400924
15.484315 -6.351440 -15.771034 0.718361 -0.986603 -2.975246 4.379189
15.261646 -6.190028 -15.570765 0.719061 -1.009446 -2.980347 4.358971
15.039511 -6.036815 -15.370879 0.721227 -1.035882 -2.986708 4.340211
14.831616 -5.899119 -15.184339 0.728707 -1.073844 -3.000951 4.324599
14.625100 -5.767762 -14.999568 0.735781 -1.105877 -3.014303 4.309312
14.414205 -5.643650 -14.813640 0.749216 -1.132139 -3.040167 4.292837
14.203736 -5.528308 -14.630705 0.769055 -1.153467 -3.078679 4.274858
13.998217 -5.423475 -14.454712 0.796540 -1.174836 -3.131639 4.256694
13.789185 -5.292894 -14.272687 0.837482 -1.179345 -3.190347 4.240909
13.586911 -5.214886 -14.079045 0.874429 -1.194138 -3.262503 4.228547
13.383880 -5.129591 -13.908862 0.918892 -1.226905 -3.346362 4.215163
13.200186 -5.046906 -13.722596 0.952816 -1.241026 -3.453815 4.209037
13.015785 -4.978022 -13.570632 1.005499 -1.283739 -3.552194 4.203120
12.861415 -4.920340 -13.443665 1.053215 -1.330816 -3.640142 4.201765
12.716833 -4.869313 -13.324368 1.102025 -1.373101 -3.728739 4.201013
12.580806 -4.822173 -13.215177 1.151223 -1.413712 -3.820331 4.199864
12.455477 -4.780188 -13.115630 1.200651 -1.454743 -3.912272 4.199759
12.331754 -4.738965 -13.017280 1.249160 -1.493768 -4.002672 4.199170
12.223216 -4.703857 -12.932035 1.296720 -1.534987 -4.090911 4.200297
12.125212 -4.671051 -12.855197 1.339709 -1.571203 -4.170891 4.201125
11.826453 -4.580488 -12.599682 1.419149 -1.642827 -4.310907 4.193819
11.715330 -4.543594 -12.508807 1.458207 -1.678870 -4.383115 4.191967
11.619197 -4.509488 -12.429244 1.489359 -1.709567 -4.440528 4.191069
11.532080 -4.475660 -12.355481 1.512711 -1.735656 -4.483344 4.189904
11.452071 -4.439802 -12.285103 1.525050 -1.752917 -4.505899 4.186346
11.379632 -4.405521 -12.220200 1.532588 -1.765810 -4.519695 4.181279
11.301889 -4.394886 -12.159973 1.578781 -1.798114 -4.598988 4.177364
11.317907 -4.397175 -12.176528 1.583461 -1.794764 -4.609254 4.173843
11.353850 -4.406190 -12.210285 1.583301 -1.783581 -4.611142 4.170209
11.394985 -4.416191 -12.247050 1.578474 -1.770651 -4.604127 4.167373
11.416831 -4.417083 -12.263205 1.568439 -1.764776 -4.585936 4.166339
11.425208 -4.411742 -12.265011 1.554901 -1.764079 -4.560156 4.166499
11.412819 -4.437521 -12.255135 1.560458 -1.760109 -4.515277 4.164752
11.407909 -4.430012 -12.246504 1.550045 -1.753315 -4.496311 4.161788
11.389381 -4.419549 -12.226475 1.543572 -1.748923 -4.484625 4.158700
11.372866 -4.410495 -12.208430 1.538637 -1.748020 -4.475406 4.157220
11.350800 -4.419323 -12.188525 1.546952 -1.742390 -4.450630 4.155909
11.413493 -4.445857 -12.248619 1.551078 -1.723035 -4.461466 4.153313
11.396792 -4.434308 -12.229483 1.547358 -1.715003 -4.447785 4.150698
11.388549 -4.429068 -12.220004 1.542633 -1.708233 -4.439427 4.146703
11.389197 -4.427923 -12.219473 1.539004 -1.698439 -4.433505 4.141795
11.388057 -4.424754 -12.215768 1.535176 -1.688568 -4.427764 4.137372
11.384249 -4.423205 -12.211395 1.533837 -1.683920 -4.425382 4.134591
11.379626 -4.421581 -12.206264 1.532984 -1.681182 -4.423636 4.132737
11.403340 -4.431874 -12.228654 1.533461 -1.669707 -4.425635 4.128716
11.394895 -4.430475 -12.219732 1.534116 -1.667542 -4.424546 4.127758
11.381032 -4.426597 -12.206508 1.535265 -1.668805 -4.426029 4.127046
11.369809 -4.423686 -12.195514 1.536656 -1.672610 -4.427673 4.128040
11.361364 -4.420959 -12.186463 1.536725 -1.677730 -4.426618 4.129527
11.355617 -4.418925 -12.177808 1.537792 -1.679706 -4.428329 4.131994
11.349548 -4.418818 -12.172132 1.541559 -1.685850 -4.434482 4.135103
11.345102 -4.419239 -12.168089 1.545412 -1.691529 -4.440960 4.138217
11.343760 -4.419932 -12.165210 1.548442 -1.693569 -4.447142 4.140824
11.344359 -4.421681 -12.166154 1.551333 -1.694627 -4.452517 4.142020
11.344708 -4.423343 -12.167009 1.554201 -1.694994 -4.457980 4.142911
11.345299 -4.424547 -12.168871 1.556950 -1.694935 -4.463448 4.143353
11.344948 -4.425954 -12.169387 1.559752 -1.693892 -4.469026 4.143613
11.344741 -4.427611 -12.170168 1.562907 -1.693401 -4.475236 4.144159
11.346057 -4.430001 -12.172986 1.565873 -1.694265 -4.481602 4.144915
11.346885 -4.432082 -12.174778 1.569048 -1.694694 -4.487770 4.146018
11.348056 -4.434467 -12.176963 1.572551 -1.696091 -4.494472 4.147637
11.349724 -4.436129 -12.178830 1.574421 -1.699860 -4.497693 4.149914
11.353524 -4.435474 -12.180383 1.570524 -1.706216 -4.489322 4.152155
11.353751 -4.433707 -12.178966 1.567195 -1.711799 -4.482121 4.153919
11.352659 -4.432888 -12.177795 1.565893 -1.713583 -4.481794 4.154208
11.351877 -4.432309 -12.177088 1.565439 -1.713761 -4.480925 4.154215
11.351048 -4.431587 -12.176395 1.564724 -1.712551 -4.479736 4.153522
11.350309 -4.430667 -12.175682 1.563537 -1.710545 -4.477728 4.152333
11.350446 -4.430079 -12.175733 1.562289 -1.708263 -4.475625 4.150979
11.349056 -4.429136 -12.174379 1.561316 -1.705506 -4.475854 4.149405
11.348687 -4.428949 -12.174053 1.561213 -1.705097 -4.475707 4.149134
11.349268 -4.429249 -12.174598 1.561343 -1.705302 -4.475931 4.149314
11.350021 -4.429758 -12.175516 1.560168 -1.707078 -4.477417 4.149208
11.505362 -4.457251 -12.289909 1.500388 -1.762026 -4.353234 4.153752
11.349555 -4.429571 -12.175065 1.560165 -1.707283 -4.477374 4.149255
11.349702 -4.429643 -12.175178 1.560203 -1.707549 -4.477412 4.149417
11.349204 -4.429337 -12.174726 1.560720 -1.706661 -4.476575 4.149343
11.349368 -4.429417 -12.174866 1.560750 -1.706806 -4.476617 4.149439
11.349083 -4.429313 -12.174614 1.560765 -1.706784 -4.476649 4.149414
11.349524 -4.429481 -12.175007 1.560756 -1.706617 -4.476634 4.149385
11.349460 -4.429487 -12.174958 1.560821 -1.706735 -4.476744 4.149455
11.349212 -4.429349 -12.174746 1.560737 -1.706384 -4.476627 4.149267
11.349424 -4.429454 -12.174972 1.560740 -1.706443 -4.476653 4.149276
11.349605 -4.429554 -12.175156 1.560797 -1.706447 -4.476760 4.149294
11.349318 -4.429389 -12.174858 1.560703 -1.706489 -4.476569 4.149284
11.349425 -4.429476 -12.174970 1.560787 -1.706490 -4.476731 4.149318
11.349120 -4.429331 -12.174645 1.560744 -1.706728 -4.476614 4.149344
11.349575 -4.429519 -12.175082 1.560760 -1.706578 -4.476667 4.149365
11.349319 -4.429411 -12.174825 1.560752 -1.706757 -4.476626 4.149388
11.349132 -4.429307 -12.174646 1.560733 -1.706715 -4.476563 4.149379
11.349439 -4.429455 -12.174938 1.560786 -1.706752 -4.476663 4.149437
11.349458 -4.429451 -12.174966 1.560761 -1.706596 -4.476636 4.149369
11.349341 -4.429400 -12.174865 1.560750 -1.706515 -4.476623 4.149296
11.349275 -4.429364 -12.174796 1.560726 -1.706508 -4.476577 4.149292
11.349240 -4.429371 -12.174769 1.560766 -1.706564 -4.476648 4.149323
11.349870 -4.429632 -12.175363 1.560778 -1.706473 -4.476692 4.149319
11.349337 -4.429403 -12.174869 1.560740 -1.706470 -4.476613 4.149265
11.348352 -4.428997 -12.173971 1.560686 -1.706281 -4.476531 4.149092
11.349226 -4.429412 -12.174832 1.560810 -1.706030 -4.476811 4.149071
11.349441 -4.429428 -12.174913 1.560703 -1.706621 -4.476521 4.149346
11.349042 -4.429309 -12.174559 1.560775 -1.706752 -4.476641 4.149368
11.349927 -4.429725 -12.175369 1.560922 -1.707136 -4.476881 4.149665
11.349566 -4.429498 -12.175052 1.560754 -1.706628 -4.476620 4.149342
11.348952 -4.429258 -12.174479 1.560754 -1.706747 -4.476603 4.149373
11.349897 -4.429694 -12.175362 1.560918 -1.707133 -4.476876 4.149641
11.349524 -4.429468 -12.175035 1.560762 -1.706642 -4.476640 4.149376
11.349006 -4.429222 -12.174557 1.560670 -1.706425 -4.476487 4.149213
11.350028 -4.429710 -12.175482 1.560850 -1.706977 -4.476765 4.149591
11.349502 -4.429416 -12.175001 1.560676 -1.706549 -4.476479 4.149323
11.349076 -4.429260 -12.174597 1.560696 -1.706734 -4.476491 4.149367
11.350195 -4.429766 -12.175628 1.560840 -1.707068 -4.476728 4.149656
11.349393 -4.429346 -12.174888 1.560629 -1.706612 -4.476374 4.149340
11.349142 -4.429307 -12.174694 1.560726 -1.706583 -4.476568 4.149301
11.349832 -4.429598 -12.175286 1.560784 -1.707025 -4.476623 4.149594
11.349666 -4.429494 -12.175143 1.560710 -1.706793 -4.476507 4.149479
11.349347 -4.429387 -12.174841 1.560721 -1.706844 -4.476507 4.149477
11.349898 -4.429614 -12.175349 1.560743 -1.706864 -4.476548 4.149538
11.349518 -4.429402 -12.175011 1.560610 -1.706465 -4.476341 4.149314
11.349714 -4.429513 -12.175183 1.560679 -1.706726 -4.476436 4.149461
11.349689 -4.429521 -12.175183 1.560619 -1.706619 -4.476404 4.149382
11.349615 -4.429497 -12.175110 1.560623 -1.706693 -4.476398 4.149409
11.349755 -4.429549 -12.175243 1.560707 -1.706859 -4.476493 4.149553
11.349598 -4.429445 -12.175080 1.560632 -1.706851 -4.476345 4.149498
11.349427 -4.429383 -12.174942 1.560631 -1.706726 -4.476359 4.149432
11.349934 -4.429650 -12.175389 1.560740 -1.706986 -4.476563 4.149604
11.349840 -4.429593 -12.175298 1.560708 -1.706985 -4.476498 4.149618
11.349952 -4.429626 -12.175410 1.560692 -1.706918 -4.476473 4.149599
11.349426 -4.429368 -12.174942 1.560589 -1.706628 -4.476306 4.149419
11.349022 -4.429210 -12.174590 1.560573 -1.706439 -4.476299 4.149290
11.350032 -4.429671 -12.175497 1.560705 -1.706902 -4.476496 4.149616
11.349692 -4.429541 -12.175191 1.560720 -1.706985 -4.476510 4.149629
11.349477 -4.429398 -12.175001 1.560603 -1.706644 -4.476326 4.149428
11.349308 -4.429346 -12.174849 1.560626 -1.706694 -4.476361 4.149440
11.349433 -4.429437 -12.174980 1.560656 -1.706800 -4.476430 4.149490
11.349470 -4.429419 -12.175021 1.560587 -1.706560 -4.476327 4.149374
11.349491 -4.429479 -12.175059 1.560681 -1.706665 -4.476495 4.149433
11.349473 -4.429460 -12.175034 1.560658 -1.706670 -4.476449 4.149434
11.349516 -4.429470 -12.175083 1.560635 -1.706528 -4.476423 4.149399
11.349196 -4.429335 -12.174765 1.560607 -1.706629 -4.476376 4.149383
11.349295 -4.429408 -12.174877 1.560664 -1.706595 -4.476493 4.149410
11.349741 -4.429612 -12.175299 1.560722 -1.706633 -4.476601 4.149466
11.349402 -4.429422 -12.174991 1.560658 -1.706455 -4.476467 4.149335
11.348712 -4.429152 -12.174361 1.560648 -1.706398 -4.476454 4.149255
11.349677 -4.429564 -12.175240 1.560760 -1.706619 -4.476620 4.149463
11.349769 -4.429609 -12.175343 1.560778 -1.706551 -4.476661 4.149436
11.348766 -4.429181 -12.174419 1.560636 -1.706231 -4.476451 4.149182
11.348802 -4.429238 -12.174457 1.560704 -1.706293 -4.476578 4.149244
11.349375 -4.429478 -12.174957 1.560739 -1.706516 -4.476620 4.149356
11.349768 -4.429642 -12.175323 1.560763 -1.706531 -4.476665 4.149420
11.349488 -4.429442 -12.175004 1.560719 -1.706921 -4.476444 4.149579
11.349362 -4.429443 -12.174983 1.560796 -1.706414 -4.476663 4.149349
11.349560 -4.429492 -12.175132 1.560750 -1.706538 -4.476557 4.149418
11.349343 -4.429424 -12.174902 1.560652 -1.706493 -4.476455 4.149336
11.349503 -4.429550 -12.175061 1.560769 -1.706700 -4.476657 4.149460
11.349699 -4.429599 -12.175244 1.560713 -1.706509 -4.476575 4.149391
11.349124 -4.429352 -12.174725 1.560663 -1.706335 -4.476496 4.149260
11.349633 -4.429593 -12.175205 1.560776 -1.706698 -4.476693 4.149460
11.349619 -4.429566 -12.175197 1.560739 -1.706577 -4.476636 4.149403
11.349138 -4.429331 -12.174760 1.560638 -1.706279 -4.476478 4.149202
11.349855 -4.429683 -12.175412 1.560779 -1.706666 -4.476700 4.149460
11.349545 -4.429526 -12.175126 1.560710 -1.706525 -4.476584 4.149360
11.348606 -4.429131 -12.174264 1.560645 -1.706366 -4.476477 4.149196
11.349663 -4.429633 -12.175230 1.560821 -1.706781 -4.476770 4.149509
11.349870 -4.429666 -12.175391 1.560744 -1.706818 -4.476614 4.149552
11.349083 -4.429318 -12.174704 1.560653 -1.706359 -4.476494 4.149257
11.349387 -4.429450 -12.174957 1.560678 -1.706602 -4.476512 4.149401
11.349938 -4.429717 -12.175472 1.560784 -1.706645 -4.476674 4.149481
11.348894 -4.429218 -12.174504 1.560602 -1.706290 -4.476363 4.149199
11.349596 -4.429569 -12.175140 1.560757 -1.706720 -4.476609 4.149485
11.349763 -4.429638 -12.175306 1.560766 -1.706670 -4.476631 4.149473
11.349128 -4.429344 -12.174730 1.560671 -1.706398 -4.476481 4.149287
11.349554 -4.429547 -12.175106 1.560747 -1.706688 -4.476590 4.149465
11.349564 -4.429522 -12.175118 1.560759 -1.706675 -4.476561 4.149444
11.349166 -4.429353 -12.174771 1.560728 -1.706466 -4.476528 4.149320
11.349528 -4.429510 -12.175082 1.560769 -1.706725 -4.476573 4.149495
11.349510 -4.429500 -12.175070 1.560769 -1.706710 -4.476574 4.149492
11.348904 -4.429261 -12.174518 1.560647 -1.706423 -4.476448 4.149260
11.348900 -4.429255 -12.174511 1.560628 -1.706344 -4.476425 4.149236
11.349611 -4.429620 -12.175159 1.560804 -1.706799 -4.476708 4.149519
11.349873 -4.429696 -12.175399 1.560766 -1.706737 -4.476641 4.149522
11.348914 -4.429257 -12.174524 1.560642 -1.706430 -4.476437 4.149269
11.349272 -4.429406 -12.174859 1.560692 -1.706484 -4.476508 4.149344
11.349247 -4.429398 -12.174850 1.560686 -1.706337 -4.476516 4.149280
11.349194 -4.429391 -12.174772 1.560719 -1.706653 -4.476538 4.149400
11.349345 -4.429451 -12.174914 1.560720 -1.706611 -4.476547 4.149408
11.349434 -4.429503 -12.174995 1.560756 -1.706714 -4.476603 4.149474
11.349148 -4.429368 -12.174743 1.560705 -1.706511 -4.476531 4.149345
11.349399 -4.429469 -12.174962 1.560713 -1.706591 -4.476537 4.149400
11.349540 -4.429543 -12.175106 1.560751 -1.706584 -4.476613 4.149416
11.349420 -4.429489 -12.175019 1.560820 -1.706566 -4.476690 4.149420
11.349443 -4.429433 -12.175012 1.560699 -1.706451 -4.476469 4.149322
11.349339 -4.429415 -12.174923 1.560736 -1.706507 -4.476532 4.149366
11.349103 -4.429327 -12.174701 1.560745 -1.706575 -4.476541 4.149381
11.349875 -4.429656 -12.175414 1.560801 -1.706653 -4.476641 4.149490
11.349459 -4.429477 -12.175037 1.560769 -1.706577 -4.476588 4.149421
11.348730 -4.429181 -12.174385 1.560733 -1.706359 -4.476547 4.149265
11.350062 -4.429766 -12.175595 1.560864 -1.706719 -4.476759 4.149575
11.349524 -4.429510 -12.175078 1.560747 -1.706684 -4.476560 4.149445
11.348746 -4.429170 -12.174382 1.560664 -1.706345 -4.476445 4.149222
11.349974 -4.429724 -12.175502 1.560811 -1.706709 -4.476686 4.149511
11.349693 -4.429585 -12.175245 1.560757 -1.706609 -4.476591 4.149440
11.349057 -4.429311 -12.174652 1.560707 -1.706581 -4.476496 4.149352
11.349624 -4.429574 -12.175171 1.560755 -1.706715 -4.476590 4.149472
11.349503 -4.429527 -12.175081 1.560749 -1.706542 -4.476600 4.149382
11.349256 -4.429422 -12.174850 1.560735 -1.706559 -4.476570 4.149373
11.349308 -4.429442 -12.174890 1.560737 -1.706618 -4.476566 4.149407
11.349532 -4.429534 -12.175085 1.560748 -1.706723 -4.476576 4.149456
11.349397 -4.429477 -12.174976 1.560737 -1.706582 -4.476573 4.149392
11.349505 -4.429504 -12.175069 1.560705 -1.706523 -4.476518 4.149371
11.349345 -4.429442 -12.174909 1.560706 -1.706649 -4.476503 4.149420
11.349205 -4.429396 -12.174784 1.560724 -1.706672 -4.476535 4.149422
11.349457 -4.429494 -12.175025 1.560714 -1.706541 -4.476562 4.149384
11.349480 -4.429512 -12.175061 1.560727 -1.706458 -4.476599 4.149366
11.349637 -4.429585 -12.175200 1.560752 -1.706570 -4.476631 4.149406
11.349138 -4.429345 -12.174727 1.560665 -1.706489 -4.476469 4.149318
11.349572 -4.429524 -12.175103 1.560684 -1.706666 -4.476483 4.149428
11.349495 -4.429544 -12.175057 1.560777 -1.706783 -4.476639 4.149480
11.349170 -4.429369 -12.174766 1.560677 -1.706458 -4.476487 4.149309
11.349648 -4.429609 -12.175214 1.560782 -1.706651 -4.476666 4.149465
11.349456 -4.429517 -12.175034 1.560750 -1.706621 -4.476609 4.149408
11.349152 -4.429358 -12.174744 1.560684 -1.706448 -4.476488 4.149315
11.349409 -4.429483 -12.174972 1.560739 -1.706643 -4.476568 4.149429
11.349409 -4.429482 -12.174973 1.560740 -1.706645 -4.476570 4.149432
11.349409 -4.429482 -12.174974 1.560741 -1.706646 -4.476572 4.149434
11.349409 -4.429481 -12.174976 1.560742 -1.706646 -4.476574 4.149435
11.349409 -4.429480 -12.174977 1.560743 -1.706646 -4.476576 4.149436
11.349409 -4.429487 -12.174988 1.560743 -1.706660 -4.476583 4.149436
11.349408 -4.429485 -12.174989 1.560744 -1.706658 -4.476586 4.149436
11.349406 -4.429484 -12.174989 1.560744 -1.706654 -4.476588 4.149436
11.349404 -4.429483 -12.174989 1.560745 -1.706650 -4.476590 4.149435
11.349402 -4.429481 -12.174989 1.560746 -1.706645 -4.476592 4.149434
11.349395 -4.429460 -12.174975 1.560756 -1.706613 -4.476581 4.149434
11.349391 -4.429459 -12.174974 1.560757 -1.706607 -4.476583 4.149432
11.349385 -4.429456 -12.174970 1.560758 -1.706599 -4.476586 4.149429
11.349382 -4.429454 -12.174968 1.560758 -1.706591 -4.476588 4.149426
11.349378 -4.429453 -12.174967 1.560758 -1.706582 -4.476590 4.149423
11.349377 -4.429465 -12.174972 1.560750 -1.706592 -4.476604 4.149417
11.349371 -4.429463 -12.174967 1.560750 -1.706581 -4.476607 4.149412
11.349364 -4.429461 -12.174963 1.560751 -1.706570 -4.476609 4.149407
11.349357 -4.429458 -12.174957 1.560751 -1.706557 -4.476612 4.149401
11.349350 -4.429457 -12.174952 1.560751 -1.706544 -4.476615 4.149394
11.349341 -4.429454 -12.174945 1.560751 -1.706530 -4.476618 4.149387
11.349332 -4.429452 -12.174938 1.560751 -1.706515 -4.476621 4.149379
11.349324 -4.429450 -12.174930 1.560752 -1.706499 -4.476624 4.149371
11.230921 -4.363241 -12.060156 1.520376 -1.643289 -4.406363 4.143843
11.349302 -4.429445 -12.174911 1.560754 -1.706462 -4.476631 4.149352
11.349385 -4.429467 -12.174964 1.560735 -1.706583 -4.476579 4.149404
