13.941313 -9.637115 -10.082013 -1.279148 11.133011 -2.362600 4.997234
13.941329 -9.637204 -10.082008 -1.279162 11.133011 -2.362592 4.997234
13.941344 -9.637291 -10.082003 -1.279175 11.133012 -2.362584 4.997234
13.941359 -9.637376 -10.081998 -1.279187 11.133012 -2.362577 4.997234
13.941374 -9.637460 -10.081994 -1.279199 11.133013 -2.362570 4.997233
9.402711 -11.276967 -11.560329 3.088673 9.325934 -1.787348 4.997232
13.941403 -9.637621 -10.081987 -1.279223 11.133013 -2.362557 4.997233
13.941417 -9.637699 -10.081984 -1.279234 11.133014 -2.362552 4.997233
9.402788 -11.277094 -11.560461 3.088634 9.325919 -1.787304 4.997231
13.941444 -9.637850 -10.081978 -1.279255 11.133014 -2.362541 4.997232
9.402838 -11.277175 -11.560546 3.088610 9.325909 -1.787277 4.997231
13.941471 -9.637993 -10.081974 -1.279276 11.133015 -2.362532 4.997232
13.941485 -9.638062 -10.081972 -1.279286 11.133015 -2.362528 4.997232
13.941498 -9.638128 -10.081971 -1.279295 11.133015 -2.362524 4.997231
13.941512 -9.638193 -10.081969 -1.279305 11.133015 -2.362521 4.997231
13.941525 -9.638256 -10.081968 -1.279314 11.133016 -2.362518 4.997231
13.941538 -9.638318 -10.081967 -1.279324 11.133016 -2.362515 4.997231
13.941552 -9.638377 -10.081966 -1.279333 11.133016 -2.362513 4.997231
13.941565 -9.638434 -10.081966 -1.279342 11.133016 -2.362511 4.997231
13.941579 -9.638490 -10.081966 -1.279350 11.133017 -2.362510 4.997231
13.941592 -9.638544 -10.081966 -1.279359 11.133017 -2.362509 4.997230
13.941605 -9.638595 -10.081966 -1.279367 11.133018 -2.362508 4.997230
9.403081 -11.277575 -11.560970 3.088497 9.325857 -1.787155 4.997230
13.941631 -9.638692 -10.081967 -1.279385 11.133018 -2.362508 4.997230
13.941636 -9.638741 -10.081970 -1.279386 11.133018 -2.362509 4.997230
13.940692 -9.642365 -10.082481 -1.279407 11.132906 -2.362652 4.997234
13.941098 -9.639543 -10.082385 -1.278938 11.132947 -2.362575 4.997232
13.940422 -9.635010 -10.081938 -1.278288 11.132903 -2.362458 4.997235
13.941354 -9.640229 -10.082121 -1.279262 11.132997 -2.362570 4.997232
13.940183 -9.643239 -10.083011 -1.278432 11.132859 -2.362730 4.997236
13.941071 -9.636528 -10.082006 -1.278872 11.132933 -2.362496 4.997233
13.941032 -9.636813 -10.081954 -1.278999 11.132953 -2.362452 4.997233
13.941455 -9.639268 -10.082113 -1.279334 11.132987 -2.362633 4.997231
13.941186 -9.639761 -10.082307 -1.279535 11.132930 -2.362575 4.997232
13.941012 -9.636313 -10.081967 -1.279030 11.132938 -2.362553 4.997233
13.941506 -9.637555 -10.082037 -1.279547 11.132997 -2.362434 4.997231
9.403172 -11.277599 -11.561040 3.088611 9.325881 -1.787290 4.997230
13.940911 -9.640911 -10.082500 -1.279093 11.132923 -2.362641 4.997233
13.941260 -9.637744 -10.081962 -1.278863 11.132962 -2.362577 4.997232
13.941337 -9.638675 -10.081924 -1.278826 11.132971 -2.362579 4.997232
13.940967 -9.640394 -10.082447 -1.278944 11.132927 -2.362783 4.997233
13.941034 -9.637516 -10.082004 -1.278588 11.132968 -2.362479 4.997233
13.941373 -9.639672 -10.082150 -1.279335 11.132953 -2.362670 4.997232
9.403609 -11.278517 -11.561919 3.088276 9.325731 -1.786906 4.997231
13.941157 -9.637148 -10.081953 -1.279138 11.132965 -2.362499 4.997234
13.941308 -9.637651 -10.081959 -1.279328 11.132954 -2.362524 4.997233
13.941103 -9.640715 -10.082281 -1.279321 11.132951 -2.362670 4.997234
9.403372 -11.278150 -11.561564 3.088326 9.325774 -1.786959 4.997232
13.940790 -9.636230 -10.081966 -1.278470 11.132910 -2.362500 4.997235
13.941114 -9.638055 -10.081998 -1.279465 11.132967 -2.362571 4.997234
13.940826 -9.641512 -10.082479 -1.279281 11.132902 -2.362688 4.997235
9.402579 -11.276500 -11.559917 3.088956 9.326126 -1.787623 4.997232
13.941003 -9.639758 -10.082127 -1.279605 11.132982 -2.362628 4.997235
13.941554 -9.638923 -10.082031 -1.279220 11.132988 -2.362610 4.997233
9.403096 -11.277619 -11.561034 3.088441 9.325777 -1.787137 4.997232
13.941315 -9.638048 -10.081959 -1.279655 11.132974 -2.362581 4.997234
13.941337 -9.638666 -10.082015 -1.279492 11.132979 -2.362631 4.997234
13.941636 -9.639151 -10.081911 -1.279368 11.133004 -2.362591 4.997233
13.940886 -9.641410 -10.082401 -1.279383 11.132923 -2.362731 4.997236
13.941555 -9.639485 -10.081950 -1.279275 11.132983 -2.362634 4.997234
13.940801 -9.635789 -10.081966 -1.278840 11.132902 -2.362452 4.997237
13.941267 -9.637818 -10.082004 -1.278876 11.132971 -2.362466 4.997235
13.940645 -9.642601 -10.082585 -1.279076 11.132893 -2.362585 4.997237
9.402486 -11.276484 -11.559861 3.088853 9.326033 -1.787523 4.997234
13.940271 -9.634893 -10.081921 -1.278053 11.132874 -2.362557 4.997238
13.941209 -9.640172 -10.082272 -1.279270 11.132960 -2.362472 4.997235
13.941592 -9.638357 -10.081969 -1.279366 11.132995 -2.362456 4.997234
13.941409 -9.638709 -10.081978 -1.279313 11.132968 -2.362581 4.997235
13.941486 -9.638587 -10.081963 -1.279220 11.132962 -2.362491 4.997234
13.941327 -9.640110 -10.082131 -1.279277 11.132948 -2.362607 4.997235
13.941224 -9.637241 -10.081951 -1.279043 11.132971 -2.362546 4.997235
9.403126 -11.277589 -11.561012 3.088474 9.325806 -1.787177 4.997233
13.940893 -9.640793 -10.082536 -1.279068 11.132934 -2.362619 4.997236
13.940838 -9.636391 -10.081971 -1.278429 11.132935 -2.362479 4.997237
13.941501 -9.639353 -10.082056 -1.279385 11.132995 -2.362523 4.997234
9.403414 -11.278148 -11.561578 3.088342 9.325781 -1.786983 4.997233
13.940474 -9.634966 -10.082048 -1.277947 11.132872 -2.362538 4.997238
13.941171 -9.638729 -10.082058 -1.279358 11.132961 -2.362606 4.997235
9.403966 -11.279050 -11.562529 3.088153 9.325744 -1.786751 4.997232
13.941230 -9.637348 -10.082103 -1.278788 11.132955 -2.362531 4.997235
13.940504 -9.634941 -10.081949 -1.278922 11.132887 -2.362512 4.997237
9.402767 -11.276924 -11.560340 3.088714 9.325992 -1.787385 4.997232
13.941166 -9.640396 -10.082293 -1.279169 11.132957 -2.362553 4.997234
9.402962 -11.277456 -11.560835 3.088380 9.325761 -1.787067 4.997233
13.940725 -9.635567 -10.081986 -1.278412 11.132933 -2.362616 4.997236
13.941487 -9.639474 -10.081980 -1.279284 11.133010 -2.362587 4.997233
13.941321 -9.639979 -10.082079 -1.278837 11.132986 -2.362602 4.997234
13.941261 -9.640082 -10.082240 -1.279097 11.132980 -2.362596 4.997234
13.940891 -9.635704 -10.081978 -1.278741 11.132929 -2.362567 4.997236
9.402934 -11.277125 -11.560501 3.088738 9.326005 -1.787395 4.997232
9.403576 -11.278582 -11.562013 3.088056 9.325609 -1.786701 4.997232
13.941047 -9.637346 -10.081930 -1.278694 11.132919 -2.362421 4.997234
9.402881 -11.277267 -11.560619 3.088497 9.325786 -1.787189 4.997232
13.941524 -9.637965 -10.082002 -1.279681 11.132989 -2.362571 4.997232
13.941034 -9.635914 -10.082006 -1.278958 11.132975 -2.362581 4.997234
9.403171 -11.277684 -11.561114 3.088423 9.325816 -1.787110 4.997231
13.940779 -9.641653 -10.082530 -1.279137 11.132907 -2.362661 4.997234
13.941055 -9.636833 -10.082037 -1.278595 11.132962 -2.362512 4.997233
13.940929 -9.635860 -10.081963 -1.278932 11.132940 -2.362524 4.997234
13.941141 -9.640423 -10.082239 -1.279448 11.132959 -2.362670 4.997233
13.940383 -9.642624 -10.082782 -1.278516 11.132870 -2.362681 4.997236
9.402369 -11.276424 -11.559722 3.088697 9.325913 -1.787379 4.997231
13.940755 -9.636775 -10.081904 -1.279269 11.132913 -2.362516 4.997234
13.941366 -9.639563 -10.082117 -1.279265 11.132974 -2.362580 4.997232
9.403472 -11.278273 -11.561697 3.088252 9.325742 -1.786895 4.997231
13.941209 -9.637585 -10.081988 -1.279429 11.132953 -2.362599 4.997233
13.941373 -9.639962 -10.082128 -1.279160 11.132982 -2.362570 4.997232
13.941319 -9.638928 -10.082119 -1.278863 11.132956 -2.362523 4.997233
9.402800 -11.277073 -11.560413 3.088574 9.325857 -1.787279 4.997231
13.941536 -9.638935 -10.082077 -1.279314 11.132998 -2.362453 4.997232
13.941081 -9.636698 -10.081972 -1.278871 11.132937 -2.362434 4.997234
13.941240 -9.638121 -10.081954 -1.278793 11.132978 -2.362488 4.997233
9.403861 -11.278988 -11.562441 3.088035 9.325602 -1.786676 4.997231
13.940806 -9.635996 -10.081978 -1.278474 11.132901 -2.362501 4.997235
13.941181 -9.637671 -10.081949 -1.279511 11.132962 -2.362500 4.997233
13.941304 -9.639465 -10.082136 -1.279409 11.132968 -2.362474 4.997232
13.940973 -9.641460 -10.082358 -1.279051 11.132920 -2.362666 4.997234
13.941089 -9.640677 -10.082296 -1.279305 11.132932 -2.362749 4.997234
13.940445 -9.635047 -10.081929 -1.278278 11.132847 -2.362454 4.997236
13.941018 -9.640955 -10.082272 -1.279440 11.132962 -2.362582 4.997234
13.940977 -9.640830 -10.082378 -1.278799 11.132955 -2.362584 4.997235
13.941391 -9.637913 -10.081943 -1.279104 11.132969 -2.362474 4.997233
13.941458 -9.637974 -10.081971 -1.279109 11.132998 -2.362527 4.997233
13.940994 -9.641505 -10.082342 -1.279080 11.132961 -2.362543 4.997235
13.941358 -9.639329 -10.082184 -1.279362 11.132967 -2.362641 4.997234
13.940528 -9.635968 -10.081874 -1.278387 11.132892 -2.362349 4.997237
13.941117 -9.640697 -10.082262 -1.279304 11.132955 -2.362591 4.997235
13.941209 -9.640043 -10.082266 -1.279190 11.132959 -2.362529 4.997234
13.941175 -9.637424 -10.081926 -1.278924 11.132964 -2.362437 4.997235
13.941180 -9.637598 -10.081921 -1.279169 11.132956 -2.362511 4.997235
13.941259 -9.639253 -10.082126 -1.279495 11.132971 -2.362569 4.997234
13.940847 -9.636998 -10.081982 -1.278274 11.132915 -2.362479 4.997236
13.940500 -9.642475 -10.082624 -1.279292 11.132897 -2.362650 4.997237
13.941490 -9.637557 -10.082001 -1.279226 11.133004 -2.362633 4.997233
13.940823 -9.636552 -10.081921 -1.278409 11.132933 -2.362551 4.997235
13.940954 -9.641182 -10.082345 -1.279334 11.132940 -2.362595 4.997235
13.941160 -9.640237 -10.082295 -1.279069 11.132955 -2.362600 4.997235
9.403342 -11.277867 -11.561286 3.088561 9.325926 -1.787168 4.997233
13.940818 -9.635847 -10.081966 -1.278646 11.132924 -2.362515 4.997236
9.403934 -11.278999 -11.562456 3.088136 9.325674 -1.786765 4.997232
13.941008 -9.640586 -10.082407 -1.279192 11.132941 -2.362706 4.997235
13.940262 -9.634902 -10.081904 -1.277971 11.132872 -2.362513 4.997238
13.940961 -9.641120 -10.082276 -1.279496 11.132967 -2.362646 4.997236
13.941003 -9.640236 -10.082431 -1.278908 11.132947 -2.362699 4.997236
13.941194 -9.637284 -10.081963 -1.278849 11.132970 -2.362506 4.997233
13.941536 -9.639459 -10.081901 -1.279458 11.133006 -2.362524 4.997234
13.940752 -9.641068 -10.082592 -1.278819 11.132910 -2.362619 4.997237
13.941238 -9.637377 -10.081950 -1.278990 11.132963 -2.362516 4.997235
13.940700 -9.635670 -10.081956 -1.278904 11.132921 -2.362532 4.997237
9.404463 -11.279984 -11.563458 3.087881 9.325613 -1.786431 4.997233
13.941433 -9.639316 -10.082121 -1.279385 11.133000 -2.362565 4.997235
13.940370 -9.634882 -10.081908 -1.278929 11.132875 -2.362549 4.997239
13.941436 -9.639575 -10.082070 -1.279453 11.133000 -2.362576 4.997235
13.940554 -9.642501 -10.082681 -1.278875 11.132887 -2.362774 4.997238
13.941643 -9.638345 -10.081972 -1.279382 11.133026 -2.362695 4.997234
13.940069 -9.641057 -10.082591 -1.280319 11.132923 -2.362971 4.997240
13.936735 -9.646950 -10.083947 -1.282182 11.132612 -2.364028 4.997253
13.935748 -9.649204 -10.083768 -1.281879 11.132580 -2.363637 4.997255
13.936192 -9.646637 -10.083427 -1.280418 11.132561 -2.362883 4.997251
9.402189 -11.277014 -11.560626 3.087845 9.325647 -1.786462 4.997228
13.938619 -9.632314 -10.082138 -1.274662 11.132643 -2.361973 4.997239
13.938882 -9.635782 -10.082412 -1.274034 11.132620 -2.361795 4.997238
13.939137 -9.637676 -10.082623 -1.274280 11.132623 -2.361591 4.997238
9.401748 -11.273862 -11.557597 3.090683 9.327750 -1.789086 4.997227
13.938761 -9.633074 -10.082610 -1.274413 11.132536 -2.361929 4.997241
13.938529 -9.634513 -10.082837 -1.273946 11.132453 -2.361972 4.997243
13.937525 -9.632182 -10.083056 -1.273005 11.132307 -2.361757 4.997248
13.937160 -9.629501 -10.082985 -1.272859 11.132262 -2.361637 4.997251
9.400483 -11.271251 -11.554521 3.091432 9.328066 -1.789903 4.997231
13.935143 -9.634651 -10.084679 -1.270819 11.131980 -2.363053 4.997262
13.929325 -9.633273 -10.087055 -1.265022 11.131237 -2.364236 4.997289
13.921796 -9.632348 -10.090331 -1.255528 11.130186 -2.364326 4.997327
13.911213 -9.636218 -10.093334 -1.244799 11.129001 -2.368578 4.997383
13.900866 -9.638568 -10.094871 -1.240645 11.127946 -2.369111 4.997449
13.899514 -9.634485 -10.093609 -1.241207 11.128097 -2.367444 4.997498
9.397258 -11.266142 -11.548331 3.094042 9.331932 -1.790002 4.997357
13.908617 -9.637319 -10.091774 -1.252249 11.129937 -2.366877 4.997563
13.908073 -9.633201 -10.090876 -1.256172 11.134016 -2.365307 4.997607
13.919438 -9.635123 -10.085727 -1.266812 11.138155 -2.363418 4.997596
9.395244 -11.271570 -11.553358 3.085967 9.329071 -1.779783 4.997516
13.900767 -9.638539 -10.076398 -1.287805 11.134592 -2.362211 4.997655
13.854644 -9.646082 -10.072961 -1.291601 11.130334 -2.363184 4.997821
13.807467 -9.653166 -10.065904 -1.298038 11.125276 -2.366407 4.998002
13.758669 -9.657537 -10.054530 -1.299671 11.117018 -2.371061 4.998192
9.347951 -11.242396 -11.522055 3.032292 9.275633 -1.741261 4.997506
13.693161 -9.649443 -10.029074 -1.292594 11.104314 -2.404886 4.998538
9.334615 -11.200723 -11.485208 3.035732 9.259107 -1.761304 4.997645
13.669556 -9.624053 -10.017129 -1.297280 11.097238 -2.452635 4.998789
9.360547 -11.197714 -11.485618 3.044337 9.243223 -1.793649 4.997813
13.681061 -9.651501 -10.027623 -1.303023 11.097052 -2.496780 4.998888
13.695136 -9.661360 -10.041152 -1.315164 11.098986 -2.502468 4.998872
13.712862 -9.669872 -10.063795 -1.337181 11.099972 -2.488968 4.998945
13.737221 -9.680780 -10.094891 -1.350128 11.103652 -2.450365 4.998882
9.397841 -11.281576 -11.590625 2.996898 9.251322 -1.734177 4.997925
13.762555 -9.683639 -10.177402 -1.369827 11.099113 -2.370508 4.998544
9.393736 -11.314428 -11.625875 2.967775 9.258037 -1.691461 4.997584
13.705291 -9.651430 -10.332119 -1.353751 11.082701 -2.369811 4.998086
9.406577 -11.317621 -11.639031 2.983811 9.242294 -1.719766 4.996966
13.578871 -9.558669 -10.552943 -1.288898 11.057100 -2.503092 4.997776
13.457598 -9.653460 -10.835322 -0.868624 11.038088 -2.394877 4.997553
13.392491 -9.595756 -10.944687 -0.814671 11.024857 -2.473402 4.997136
13.331121 -9.535638 -11.050040 -0.743433 11.011675 -2.559769 4.996629
13.265875 -9.486179 -11.168022 -0.640297 10.998454 -2.633391 4.996033
13.200212 -9.447059 -11.297152 -0.507856 10.985261 -2.666627 4.995304
13.138411 -9.424346 -11.434405 -0.342418 10.973153 -2.617968 4.994402
13.074507 -9.447497 -11.577635 -0.139939 10.961811 -2.496086 4.993371
9.652235 -11.584201 -11.866896 3.379825 9.657584 -1.975204 4.989187
12.941976 -9.592903 -11.912987 0.397667 10.939601 -2.026716 4.990979
12.870517 -9.716162 -12.112820 0.728500 10.928264 -1.730727 4.989668
12.802276 -9.911074 -12.342496 1.116706 10.917536 -1.432531 4.988277
12.774842 -10.367745 -12.817499 2.107357 10.903029 -1.151761 4.986767
10.201059 -12.644768 -12.875599 3.644540 10.554789 -1.653393 4.981381
12.754926 -10.722596 -13.252384 2.884315 10.889315 -0.651165 4.982781
12.774842 -10.833324 -13.487692 3.358142 10.882819 -0.427832 4.980578
12.819014 -10.873555 -13.721575 3.858628 10.877040 -0.221809 4.978197
12.881922 -10.867490 -13.958045 4.410574 10.871611 -0.049283 4.975605
12.969152 -10.838469 -14.197006 4.991273 10.866585 0.095233 4.972768
13.083775 -10.799270 -14.428122 5.598466 10.862754 0.199856 4.969659
13.227622 -10.755816 -14.650553 6.240840 10.859778 0.294184 4.966232
13.395795 -10.716255 -14.872779 6.908829 10.857970 0.396207 4.962456
13.576845 -10.674440 -15.077500 7.602499 10.855435 0.506849 4.958292
13.780256 -10.632799 -15.266843 8.323188 10.854186 0.634813 4.953740
14.033534 -10.592637 -15.431220 9.069348 10.855498 0.776845 4.948867
11.830479 -14.210630 -13.463683 6.378509 13.107249 -3.014433 4.943648
14.556531 -10.515338 -15.725534 10.620160 10.865227 1.106814 4.937815
14.839232 -10.477541 -15.846950 11.418424 10.869932 1.254849 4.931664
15.109827 -10.446079 -15.960293 12.229961 10.876318 1.380773 4.925011
15.373832 -10.421977 -16.050514 13.047468 10.884265 1.464255 4.917905
15.648370 -10.399554 -16.127790 13.854200 10.886440 1.506382 4.910383
12.813866 -14.893037 -12.981204 8.475511 14.838857 -4.409862 4.907036
12.942933 -14.985277 -12.822079 8.798269 15.145214 -4.641172 4.899661
16.328649 -10.354796 -16.268962 16.200952 10.905350 1.713559 4.885045
16.516603 -10.351601 -16.308412 16.967147 10.912938 1.805272 4.875718
16.685659 -10.354648 -16.348801 17.707364 10.920580 1.882257 4.866005
16.838198 -10.366249 -16.400727 18.414226 10.932267 1.933947 4.855919
16.973583 -10.386699 -16.455728 19.078039 10.943845 1.970314 4.845463
17.084274 -10.411775 -16.518260 19.690055 10.954691 1.985371 4.834639
17.169044 -10.441305 -16.593490 20.287476 10.966679 1.967114 4.823379
17.239335 -10.478723 -16.652338 20.779747 10.974526 1.912017 4.811905
17.279891 -10.525805 -16.724504 21.226911 10.982196 1.828030 4.800068
17.289146 -10.576277 -16.791009 21.614494 10.986439 1.722221 4.787911
17.268995 -10.630386 -16.850438 21.942551 10.986130 1.619996 4.775465
17.226214 -10.684001 -16.900296 22.223002 10.985256 1.544268 4.762753
17.137041 -10.733630 -16.925868 22.433071 10.980617 1.466321 4.749826
17.018104 -10.779196 -16.940201 22.586000 10.978838 1.367303 4.736775
13.429571 -15.835444 -8.955767 12.055371 18.932433 -6.334212 4.756811
16.898295 -10.800385 -16.900057 22.601900 10.978456 1.106626 4.710863
16.661252 -10.803162 -16.880545 22.662797 10.979982 0.989425 4.697317
12.998572 -15.563950 -7.916125 12.412278 19.045428 -6.181739 4.719393
16.076728 -10.704606 -16.794715 22.665727 10.970724 0.880130 4.670388
15.623614 -10.449811 -16.569366 22.260554 10.935854 0.672031 4.657664
11.977399 -14.244069 -6.502349 12.363256 18.997691 -5.797835 4.683350
14.723927 -9.773019 -16.287314 21.816590 10.876130 0.683024 4.632790
14.227186 -9.512447 -16.150127 21.504289 10.845845 0.773699 4.620918
13.774693 -9.352454 -16.024616 21.150862 10.816173 0.890579 4.609780
13.611074 -9.269975 -15.936652 20.820162 10.768287 0.968169 4.600689
13.197915 -9.188717 -15.816951 20.392722 10.728184 1.043857 4.591129
9.785201 -11.968775 -4.384498 11.534839 18.658204 -4.106451 4.621470
12.148806 -9.049516 -15.529440 19.394932 10.649510 1.061157 4.573027
11.621427 -8.989663 -15.370558 18.869814 10.599147 0.991792 4.564963
11.092707 -8.932105 -15.202129 18.318277 10.542876 0.893094 4.557590
10.392281 -8.858384 -14.851850 17.213136 10.448364 0.795184 4.551219
9.832020 -8.801855 -14.651549 16.539722 10.391376 0.681559 4.545780
9.277505 -8.749320 -14.446428 15.851058 10.343554 0.563066 4.541103
8.725333 -8.699500 -14.228594 15.150773 10.292701 0.442372 4.537195
7.254124 -9.935254 -2.700600 9.570733 16.045785 -1.884971 4.567907
7.647426 -8.609036 -13.756751 13.777756 10.123775 0.230376 4.531733
7.124214 -8.568289 -13.498108 13.098232 9.997891 0.163432 4.530252
6.610744 -8.530804 -13.232078 12.433190 9.832594 0.138035 4.529653
6.108429 -8.496734 -12.961041 11.782847 9.654477 0.137243 4.529971
5.610108 -8.466128 -12.675105 11.155703 9.482558 0.145603 4.531205
5.123471 -8.439155 -12.385954 10.557322 9.325216 0.153236 4.533363
4.639743 -8.416353 -12.095627 9.979089 9.179968 0.145166 4.536427
4.165300 -8.397847 -11.812178 9.425704 9.040247 0.102119 4.540388
3.702881 -8.382493 -11.532162 8.909895 8.909913 0.022210 4.545210
4.535001 -8.320896 -1.642301 6.716095 11.693180 0.661529 4.576954
4.330766 -8.201539 -1.576002 6.470833 11.319278 0.850241 4.583264
4.129910 -8.091946 -1.518119 6.236345 10.972439 1.044955 4.590436
3.926205 -7.996367 -1.469656 6.008509 10.655206 1.258526 4.598328
1.549857 -8.354362 -10.303113 6.621473 8.437086 -0.245401 4.581281
1.165952 -8.358851 -10.106403 6.250422 8.392508 -0.230243 4.590639
0.823856 -8.366677 -9.950949 5.930303 8.367872 -0.234895 4.600612
0.509779 -8.380328 -9.823638 5.635536 8.361301 -0.267483 4.611115
0.221269 -8.401410 -9.735728 5.368176 8.373965 -0.327034 4.622079
2.874758 -7.697300 -1.299610 5.134751 9.448574 2.267758 4.658331
-0.246003 -8.508776 -9.671771 4.936872 8.448744 -0.480586 4.645220
-0.534006 -8.512227 -9.670368 4.772083 8.514322 -0.562304 4.656786
-0.578471 -8.567746 -9.718079 4.899831 8.626452 -0.682863 4.668433
-0.698816 -8.636274 -9.754247 4.861187 8.727200 -0.770704 4.680497
-0.833750 -8.710025 -9.790401 4.751563 8.816352 -0.800792 4.693117
-0.947003 -8.795736 -9.831826 4.634819 8.909993 -0.789789 4.705906
-1.050917 -8.903390 -9.878517 4.506412 9.008746 -0.744292 4.718822
-1.149380 -9.027239 -9.927972 4.375003 9.114331 -0.684423 4.731814
-1.241670 -9.165097 -9.975244 4.239424 9.220751 -0.655568 4.744814
-1.319997 -9.334685 -10.023178 4.095562 9.322538 -0.663511 4.757806
-1.401135 -9.533005 -10.069671 3.949622 9.435529 -0.667355 4.770715
-1.479425 -9.750261 -10.116330 3.802298 9.554535 -0.670059 4.783511
1.991486 -9.098264 -1.446106 4.972992 10.086034 3.029260 4.819659
-1.925953 -10.273620 -10.135971 3.633649 9.737403 -0.623981 4.807831
-2.066914 -10.514785 -10.160022 3.466370 9.837125 -0.600068 4.820164
-2.218314 -10.736009 -10.175998 3.285616 9.932395 -0.580156 4.832418
-2.391480 -10.935973 -10.186702 3.076207 10.024250 -0.553142 4.844636
-2.557265 -11.109009 -10.203867 2.831199 10.121960 -0.514627 4.856968
1.517923 -10.290176 -1.655570 4.573497 10.192232 3.781953 4.892080
-2.940707 -11.403700 -10.217281 2.254240 10.305283 -0.384292 4.881896
-3.150563 -11.537706 -10.198999 1.946594 10.383401 -0.324185 4.894533
-3.366577 -11.664210 -10.158747 1.602812 10.446751 -0.286782 4.907416
-3.948990 -11.801767 -9.931127 0.920301 10.526709 -0.309815 4.920358
-4.095695 -11.898438 -9.883730 0.611644 10.568509 -0.291778 4.934341
-4.254550 -11.986465 -9.828308 0.290580 10.611444 -0.275379 4.948428
-4.423936 -12.068326 -9.775955 -0.058689 10.666668 -0.245335 4.962689
-4.601979 -12.126743 -9.723388 -0.424317 10.733842 -0.197144 4.977103
-4.794733 -12.162705 -9.657972 -0.802287 10.816963 -0.150129 4.991652
0.130746 -11.243769 -2.064741 3.062785 9.314506 5.396019 5.021432
-5.194897 -12.162659 -9.471341 -1.605644 10.968964 -0.103025 5.021398
-5.389102 -12.132698 -9.343319 -2.014298 11.004405 -0.119981 5.036706
-5.586507 -12.093615 -9.189156 -2.418440 11.029111 -0.202346 5.052325
-0.332942 -11.139523 -2.227196 2.409768 8.781064 5.747856 5.079815
-0.455958 -11.047080 -2.262087 2.198662 8.547594 5.870950 5.095444
-6.289530 -11.930795 -8.528739 -3.769878 11.189306 -0.704682 5.101881
-6.406401 -11.844131 -8.359655 -4.102365 11.265051 -0.904531 5.119327
-6.508553 -11.742559 -8.187238 -4.436335 11.340253 -1.107341 5.137081
-6.591142 -11.633487 -8.017295 -4.748902 11.424766 -1.302221 5.155105
-6.663349 -11.520485 -7.849394 -5.051158 11.520819 -1.454851 5.173375
-0.615370 -10.448456 -2.513030 1.681697 8.081004 5.568850 5.197780
-6.745505 -11.300420 -7.552126 -5.620050 11.744593 -1.589414 5.210654
-6.757523 -11.184831 -7.416429 -5.872278 11.856017 -1.625515 5.229537
-6.732931 -11.065179 -7.291886 -6.077329 11.958419 -1.691714 5.248526
-6.673337 -10.946531 -7.176949 -6.244749 12.049833 -1.800781 5.267587
-6.517638 -10.429766 -6.917930 -6.688826 11.983785 -1.990175 5.287660
-6.470517 -10.741344 -6.838314 -6.434934 12.223162 -2.244279 5.305696
-6.293180 -10.613710 -6.899525 -6.528388 12.228534 -2.479103 5.324755
-6.103572 -10.528710 -6.857045 -6.556959 12.289601 -2.707855 5.343652
-5.875249 -10.458146 -6.846791 -6.542766 12.363018 -2.922622 5.362347
-5.601466 -10.404619 -6.871700 -6.469973 12.446904 -3.122739 5.380725
-5.298915 -10.373353 -6.919081 -6.355288 12.536571 -3.306181 5.398660
-4.962569 -10.362706 -6.988932 -6.192464 12.625443 -3.470819 5.416078
-4.597159 -10.356266 -7.079374 -5.982304 12.714542 -3.600063 5.432900
0.727970 -9.829903 -3.313860 2.064292 8.781548 3.125092 5.447960
-3.834685 -10.486097 -7.293998 -5.443141 12.895112 -3.816109 5.464395
-3.406059 -10.544324 -7.464909 -5.115568 12.950255 -3.833385 5.479062
-2.968306 -10.630113 -7.657359 -4.762880 12.976740 -3.820242 5.492907
-2.517666 -10.733517 -7.860145 -4.374441 12.974109 -3.822450 5.505908
-2.055078 -10.847021 -8.063497 -3.967641 12.944076 -3.872912 5.518092
2.186225 -10.911379 -4.040034 2.890580 9.735412 1.637292 5.528717
-1.153710 -11.067667 -8.459772 -3.127635 12.834505 -4.059808 5.540018
-0.754362 -11.257314 -8.639346 -2.747088 12.991895 -4.129750 5.549784
-0.331976 -11.329380 -8.848430 -2.337552 12.921411 -4.179400 5.558627
3.224281 -11.675262 -4.503994 3.518665 10.371955 0.635236 5.566488
0.447750 -11.474739 -9.269818 -1.528000 12.959967 -4.215342 5.574174
0.795325 -11.543438 -9.468791 -1.154000 13.048210 -4.209071 5.580790
1.122646 -11.619997 -9.665850 -0.794259 13.199348 -4.175928 5.586626
1.421409 -11.712203 -9.851443 -0.461618 13.368768 -4.126794 5.591606
1.673404 -11.823262 -10.020446 -0.162129 13.528352 -4.071652 5.595704
1.898147 -11.943506 -10.187214 0.097549 13.675123 -4.030195 5.599038
2.097767 -12.069565 -10.352631 0.321218 13.805893 -3.998394 5.601638
2.268208 -12.262791 -10.507657 0.496748 13.933447 -3.960884 5.603495
2.414375 -12.360832 -10.656975 0.660444 14.060874 -3.906859 5.604675
2.985757 -12.483993 -11.027999 1.214598 14.114173 -3.772783 5.605750
3.149167 -12.553812 -11.208151 1.387162 14.235907 -3.677423 5.605308
3.289261 -12.616891 -11.380865 1.526990 14.372446 -3.578746 5.604254
3.409533 -12.673690 -11.532786 1.653924 14.496643 -3.496076 5.602588
3.504465 -12.739249 -11.653389 1.761476 14.611283 -3.444566 5.600348
5.422615 -13.926648 -5.965324 5.083313 13.396685 -0.144350 5.597135
3.637329 -12.852966 -11.812318 1.917330 14.766459 -3.396760 5.594459
3.703496 -12.812828 -11.848598 1.896750 14.791808 -3.413479 5.592917
3.693814 -12.919682 -11.889962 2.006389 14.808546 -3.403219 5.585872
3.720603 -12.921179 -11.917751 1.996019 14.816819 -3.367040 5.583519
3.723648 -12.913454 -11.935280 1.979169 14.813628 -3.294617 5.579626
3.966093 -12.839614 -12.163747 2.212329 14.769861 -3.170478 5.576148
3.982441 -12.787350 -12.199758 2.201323 14.751887 -3.043848 5.571938
3.990898 -12.721118 -12.235385 2.179120 14.732264 -2.892695 5.567748
3.991468 -12.643532 -12.266053 2.161899 14.709682 -2.731444 5.563593
3.986267 -12.552448 -12.293414 2.132437 14.674882 -2.566244 5.559512
3.981974 -12.454006 -12.325751 2.104092 14.622316 -2.438291 5.555560
3.969391 -12.345334 -12.358085 2.065791 14.543575 -2.363114 5.551744
3.962080 -12.217782 -12.397593 2.037901 14.443716 -2.369927 5.548127
5.212202 -13.640319 -5.832552 4.703834 13.315311 0.422289 5.544134
3.977610 -11.931249 -12.486313 1.990023 14.204248 -2.501651 5.541476
3.996989 -11.770748 -12.531597 1.968225 14.076916 -2.569141 5.538439
4.023979 -11.605326 -12.580382 1.952034 13.959285 -2.589063 5.535598
4.060589 -11.444259 -12.635068 1.949157 13.856109 -2.531269 5.532941
4.106281 -11.295118 -12.683001 1.962872 13.758219 -2.462660 5.530429
4.157447 -11.148335 -12.720503 1.992347 13.654015 -2.387305 5.528035
4.201739 -11.000166 -12.750098 2.038029 13.537662 -2.304634 5.525776
4.242891 -10.850129 -12.773222 2.091111 13.408188 -2.214421 5.523677
4.279683 -10.705313 -12.792376 2.150358 13.266835 -2.118003 5.521774
4.311095 -10.567438 -12.812702 2.210712 13.121534 -2.021732 5.520103
4.338023 -10.454372 -12.833758 2.264487 12.977731 -1.947415 5.518662
4.363799 -10.347487 -12.853862 2.310093 12.861643 -1.920765 5.517452
4.428001 -10.133171 -12.903320 2.374067 12.774816 -1.827925 5.516540
4.634528 -12.349355 -5.163651 4.264755 12.221427 0.289678 5.515347
4.472885 -9.962242 -12.928281 2.445271 12.665664 -1.947496 5.515477
4.482294 -9.936608 -12.928088 2.461814 12.600698 -2.054019 5.515299
4.481980 -9.973296 -12.925312 2.469845 12.559603 -2.128746 5.515275
4.470582 -10.051990 -12.927498 2.466746 12.571146 -2.145962 5.515350
4.461062 -10.166119 -12.930890 2.464926 12.618773 -2.145244 5.515416
4.491651 -10.783149 -12.922261 2.500188 12.538110 -2.139565 5.515364
4.485954 -11.114315 -12.924264 2.503772 12.615820 -2.139386 5.515557
4.480947 -11.410717 -12.923702 2.506249 12.670542 -2.139638 5.515678
4.474672 -11.621075 -12.922747 2.508382 12.703767 -2.140433 5.515746
4.463390 -11.731443 -12.922990 2.508121 12.724800 -2.141518 5.515775
4.448924 -11.768364 -12.924003 2.499475 12.731845 -2.142051 5.515776
4.435349 -11.772599 -12.924850 2.484012 12.732248 -2.142823 5.515777
4.429666 -11.730194 -12.925201 2.471685 12.732521 -2.142921 5.515793
5.396504 -13.936607 -5.871079 4.280978 12.131202 0.267812 5.515292
4.427369 -11.483668 -12.928366 2.464065 12.732339 -2.144354 5.515858
4.426693 -11.757485 -12.926668 2.467711 12.732764 -2.144745 5.515826
5.370757 -13.869211 -5.849700 4.291268 12.130383 0.261203 5.515360
4.423271 -11.771756 -12.929159 2.472490 12.732765 -2.146814 5.515903
5.369670 -13.866623 -5.846993 4.289590 12.134150 0.255973 5.515451
4.417141 -11.338621 -12.938567 2.484299 12.731696 -2.150453 5.516086
5.210485 -13.479263 -5.671870 4.315901 12.148240 0.214878 5.515533
4.411588 -11.018643 -12.944710 2.492447 12.730770 -2.154479 5.516139
5.142548 -13.314730 -5.596520 4.326774 12.152720 0.197106 5.515501
4.405544 -10.973609 -12.944623 2.484492 12.730811 -2.158634 5.516082
4.402904 -10.970241 -12.942426 2.477856 12.730984 -2.160426 5.516050
5.139624 -13.312952 -5.593875 4.324281 12.146648 0.198122 5.515429
5.140007 -13.313237 -5.593880 4.324068 12.145496 0.197724 5.515428
4.390166 -10.968978 -12.937140 2.469556 12.731318 -2.167740 5.516039
4.384319 -10.973540 -12.936781 2.469756 12.731436 -2.170873 5.516061
4.379181 -10.973292 -12.935618 2.469487 12.731530 -2.174105 5.516084
4.373936 -10.970624 -12.935077 2.469678 12.731653 -2.177280 5.516113
4.367979 -10.971861 -12.936887 2.468501 12.731915 -2.181760 5.516146
4.363705 -10.976616 -12.939097 2.466393 12.732192 -2.187239 5.516173
4.362425 -10.974061 -12.940752 2.464559 12.732457 -2.191552 5.516191
4.364512 -10.978505 -12.942866 2.462979 12.732660 -2.195266 5.516202
4.368712 -10.979881 -12.945117 2.462349 12.732647 -2.191675 5.516217
5.141218 -13.309573 -5.590091 4.324658 12.143511 0.192069 5.515629
4.378009 -10.962595 -12.972084 2.433510 12.744411 -2.202968 5.515039
4.379605 -10.970497 -12.948693 2.466826 12.732236 -2.179986 5.516251
4.380453 -10.975944 -12.948854 2.466665 12.732267 -2.180074 5.516251
4.380044 -10.971183 -12.948918 2.466975 12.732239 -2.179968 5.516253
4.380065 -10.970937 -12.948517 2.467115 12.732229 -2.179924 5.516252
5.140184 -13.311826 -5.590831 4.324111 12.144963 0.193649 5.515642
4.379718 -10.973953 -12.949122 2.466918 12.732260 -2.180115 5.516255
4.379717 -10.967448 -12.948118 2.467256 12.732195 -2.179815 5.516253
4.379207 -10.975556 -12.948954 2.466985 12.732255 -2.180182 5.516256
4.379660 -10.972770 -12.948702 2.466970 12.732196 -2.179957 5.516256
4.379772 -10.970265 -12.948481 2.467002 12.732222 -2.179931 5.516257
5.140931 -13.312954 -5.591997 4.323902 12.144894 0.193723 5.515648
4.380007 -10.970791 -12.948294 2.466989 12.732237 -2.179883 5.516259
4.379959 -10.973571 -12.948811 2.466793 12.732257 -2.180086 5.516261
5.140018 -13.309932 -5.590589 4.324234 12.144896 0.193402 5.515649
4.379968 -10.973738 -12.948876 2.466890 12.732238 -2.179971 5.516263
4.379793 -10.971263 -12.948538 2.466893 12.732231 -2.179993 5.516263
4.379576 -10.971460 -12.948385 2.467043 12.732241 -2.179921 5.516264
5.141034 -13.312571 -5.591819 4.323944 12.144821 0.193943 5.515655
4.379624 -10.964928 -12.972523 2.439673 12.744468 -2.197530 5.515616
4.379643 -10.970850 -12.948406 2.467092 12.732252 -2.179880 5.516268
5.140487 -13.311038 -5.591111 4.324071 12.144887 0.193714 5.515657
4.379954 -10.971995 -12.948655 2.466830 12.732270 -2.179910 5.516270
4.379924 -10.971478 -12.948483 2.466873 12.732269 -2.179944 5.516270
4.379710 -10.974503 -12.949025 2.466807 12.732296 -2.180170 5.516273
4.379904 -10.972945 -12.950416 2.581671 12.762980 -2.204323 5.516267
4.379781 -10.974419 -12.948925 2.466806 12.732299 -2.180058 5.516274
4.379463 -10.973733 -12.948854 2.466732 12.732296 -2.180167 5.516274
4.379480 -10.973733 -12.948775 2.466893 12.732291 -2.180068 5.516275
4.379567 -10.976496 -12.949092 2.466798 12.732305 -2.180144 5.516277
4.379667 -10.972682 -12.948798 2.466889 12.732288 -2.180033 5.516277
4.379605 -10.975264 -12.948998 2.466740 12.732306 -2.180022 5.516278
5.142412 -13.315571 -5.593193 4.323793 12.144762 0.194189 5.515666
4.379978 -10.974037 -12.949005 2.466715 12.732301 -2.180057 5.516279
4.380089 -10.969520 -12.948471 2.466819 12.732301 -2.179845 5.516277
4.379547 -10.977390 -12.948985 2.466741 12.732322 -2.180117 5.516278
4.380030 -10.979696 -12.948892 2.466562 12.732336 -2.180108 5.516276
5.138772 -13.306691 -5.589189 4.324375 12.145090 0.193265 5.515665
4.379326 -10.976141 -12.948885 2.467068 12.732303 -2.180118 5.516277
5.140953 -13.311965 -5.591588 4.324053 12.144929 0.193783 5.515666
4.380169 -10.970620 -12.948613 2.466846 12.732295 -2.179950 5.516277
5.142015 -13.314563 -5.592718 4.323903 12.144891 0.194086 5.515665
4.379903 -10.973140 -12.949078 2.466915 12.732278 -2.180079 5.516278
5.139806 -13.309257 -5.590377 4.324211 12.144969 0.193514 5.515665
4.379676 -10.973909 -12.949096 2.466950 12.732317 -2.180020 5.516278
4.379901 -10.975578 -12.949078 2.466947 12.732287 -2.180137 5.516277
4.379919 -10.970908 -12.948782 2.467114 12.732291 -2.180002 5.516277
4.379651 -10.969920 -12.948755 2.467091 12.732269 -2.179974 5.516277
4.379640 -10.977329 -12.948956 2.467023 12.732293 -2.180123 5.516275
5.140581 -13.311010 -5.591113 4.324138 12.144928 0.193622 5.515664
5.139077 -13.307533 -5.589548 4.324337 12.145125 0.193399 5.515664
4.379549 -10.972667 -12.949036 2.466948 12.732276 -2.180047 5.516276
5.170073 -13.301483 -5.583475 4.384820 12.221706 0.138134 5.515663
4.379927 -10.973315 -12.949117 2.466981 12.732309 -2.180054 5.516276
4.379804 -10.972935 -12.949047 2.467002 12.732292 -2.180191 5.516275
5.139806 -13.309240 -5.590319 4.324197 12.145021 0.193558 5.515663
4.379870 -10.973134 -12.949082 2.466913 12.732260 -2.180015 5.516275
4.379649 -10.964132 -12.972862 2.433089 12.744420 -2.203177 5.515068
4.379684 -10.975799 -12.949096 2.466856 12.732295 -2.180083 5.516275
4.379817 -10.972195 -12.948953 2.466828 12.732268 -2.180015 5.516275
5.140074 -13.309947 -5.590648 4.324156 12.144976 0.193637 5.515663
4.379773 -10.971597 -12.948991 2.466981 12.732267 -2.180084 5.516275
4.379859 -10.972418 -12.948986 2.466890 12.732289 -2.180072 5.516275
4.379698 -10.974143 -12.949084 2.466776 12.732266 -2.180124 5.516275
4.379867 -10.969515 -12.948401 2.467110 12.732256 -2.179774 5.516273
5.142317 -13.315390 -5.593104 4.323787 12.144806 0.194259 5.515662
4.379815 -10.973108 -12.948905 2.466815 12.732294 -2.180085 5.516275
4.379700 -10.968044 -12.948246 2.467137 12.732255 -2.179770 5.516273
4.379294 -10.977684 -12.948870 2.466940 12.732298 -2.180117 5.516274
4.379974 -10.973516 -12.948979 2.466763 12.732295 -2.180177 5.516276
4.379815 -10.968880 -12.948428 2.467176 12.732253 -2.179777 5.516274
4.379325 -10.980211 -12.948833 2.466828 12.732283 -2.180180 5.516273
4.380001 -10.970448 -12.948443 2.466935 12.732266 -2.179851 5.516274
5.140020 -13.309649 -5.590510 4.324193 12.144957 0.193524 5.515663
4.379344 -10.980991 -12.948850 2.466758 12.732304 -2.180308 5.516274
4.379892 -10.971039 -12.948607 2.466884 12.732243 -2.179970 5.516276
4.379628 -10.971446 -12.948614 2.466931 12.732254 -2.179976 5.516277
4.379335 -10.976287 -12.948950 2.466858 12.732261 -2.180176 5.516277
4.379970 -10.972387 -12.948649 2.466843 12.732280 -2.179962 5.516278
5.140332 -13.310360 -5.590813 4.324131 12.144947 0.193621 5.515666
4.379749 -10.971155 -12.948692 2.466842 12.732276 -2.180028 5.516279
4.379407 -10.979843 -12.948941 2.466862 12.732299 -2.180154 5.516279
4.380003 -10.970643 -12.948724 2.466828 12.732271 -2.180100 5.516280
4.380097 -10.970194 -12.948388 2.467103 12.732249 -2.179883 5.516279
4.379417 -10.975688 -12.948959 2.466873 12.732281 -2.180258 5.516281
4.379377 -10.978519 -12.948882 2.466839 12.732271 -2.180285 5.516279
4.380289 -10.968368 -12.947996 2.467076 12.732233 -2.179798 5.516279
4.379599 -10.968608 -12.948663 2.467050 12.732240 -2.180097 5.516282
4.379536 -10.975318 -12.949014 2.466836 12.732265 -2.180194 5.516283
4.379956 -10.971725 -12.948498 2.466799 12.732264 -2.180025 5.516282
4.379929 -10.969933 -12.948358 2.467178 12.732248 -2.179976 5.516282
4.379540 -10.972227 -12.948707 2.467084 12.732226 -2.180079 5.516284
4.379898 -10.972852 -12.948872 2.466935 12.732248 -2.180036 5.516285
4.380013 -10.970362 -12.948433 2.466836 12.732245 -2.180039 5.516284
4.379603 -10.972402 -12.948489 2.467214 12.732256 -2.180003 5.516285
4.379755 -10.974643 -12.949023 2.466849 12.732285 -2.180138 5.516287
4.380049 -10.971042 -12.948445 2.466992 12.732263 -2.180030 5.516285
5.138828 -13.306463 -5.589038 4.324356 12.145095 0.193254 5.515674
5.142136 -13.314457 -5.592652 4.323863 12.144849 0.194069 5.515675
5.140528 -13.310540 -5.590878 4.324113 12.144963 0.193644 5.515675
5.137650 -13.303624 -5.587764 4.324508 12.145180 0.193010 5.515673
5.140262 -13.309981 -5.590647 4.324085 12.144986 0.193721 5.515676
4.379994 -10.974019 -12.948762 2.466889 12.732297 -2.180016 5.516288
4.379829 -10.974584 -12.948940 2.466683 12.732295 -2.180175 5.516289
4.379636 -10.969896 -12.948074 2.467200 12.732240 -2.179827 5.516286
4.379539 -10.972792 -12.948863 2.466946 12.732264 -2.180052 5.516290
4.380090 -10.971415 -12.948565 2.466833 12.732256 -2.179932 5.516289
4.379703 -10.973564 -12.948940 2.466832 12.732308 -2.180063 5.516291
4.379620 -10.975056 -12.948927 2.466943 12.732294 -2.180153 5.516291
4.379939 -10.969216 -12.948475 2.466924 12.732267 -2.179956 5.516290
4.379712 -10.970861 -12.948553 2.467095 12.732276 -2.179965 5.516290
4.379762 -10.976986 -12.948869 2.466910 12.732295 -2.180172 5.516290
4.380025 -10.972511 -12.948557 2.466809 12.732302 -2.179947 5.516290
4.379630 -10.971355 -12.948644 2.467064 12.732265 -2.179931 5.516291
4.379576 -10.976769 -12.948841 2.467089 12.732302 -2.180042 5.516290
4.379507 -10.979216 -12.948758 2.466936 12.732295 -2.180129 5.516288
4.380191 -10.969051 -12.948343 2.466893 12.732289 -2.179907 5.516289
4.379644 -10.968718 -12.948369 2.467089 12.732257 -2.179860 5.516289
4.379712 -10.976510 -12.948863 2.466842 12.732291 -2.180198 5.516290
5.141034 -13.311570 -5.591329 4.324059 12.144960 0.193764 5.515678
4.379656 -10.975642 -12.948922 2.466838 12.732300 -2.180093 5.516291
4.379752 -10.973813 -12.948903 2.466791 12.732293 -2.180173 5.516291
4.379532 -10.973053 -12.948889 2.466883 12.732301 -2.180127 5.516291
5.141641 -13.313044 -5.592069 4.323949 12.144887 0.193924 5.515679
4.379740 -10.973224 -12.948997 2.466853 12.732287 -2.180044 5.516292
4.379875 -10.973106 -12.948935 2.466825 12.732281 -2.179997 5.516291
4.379752 -10.973940 -12.948971 2.466846 12.732297 -2.180122 5.516292
4.379815 -10.975665 -12.948940 2.466864 12.732307 -2.180146 5.516291
4.379736 -10.975311 -12.948951 2.466806 12.732334 -2.180131 5.516291
4.379831 -10.974535 -12.948974 2.466912 12.732309 -2.180150 5.516291
5.141109 -13.311823 -5.591473 4.324011 12.144939 0.193858 5.515679
4.379297 -10.981027 -12.948686 2.466786 12.732312 -2.180249 5.516287
4.380273 -10.967122 -12.948208 2.466907 12.732253 -2.179873 5.516289
4.379656 -10.972002 -12.948664 2.467025 12.732255 -2.179995 5.516290
4.379194 -10.982115 -12.948604 2.466862 12.732286 -2.180274 5.516286
4.380348 -10.969593 -12.948202 2.466946 12.732253 -2.179787 5.516288
4.380301 -10.967332 -12.948012 2.466998 12.732256 -2.179693 5.516288
4.379165 -10.980700 -12.948631 2.466826 12.732301 -2.180276 5.516287
4.380057 -10.969763 -12.948231 2.467034 12.732260 -2.179847 5.516289
4.379807 -10.969456 -12.948582 2.467063 12.732261 -2.180050 5.516291
4.379525 -10.976728 -12.948825 2.466917 12.732293 -2.180172 5.516289
4.379919 -10.974001 -12.948878 2.466761 12.732275 -2.180105 5.516291
4.379938 -10.970636 -12.950391 2.581801 12.762976 -2.204355 5.516285
4.379578 -10.976280 -12.948910 2.466898 12.732313 -2.180178 5.516291
4.379897 -10.975055 -12.948902 2.466849 12.732338 -2.180075 5.516291
4.379875 -10.971745 -12.948811 2.466780 12.732281 -2.179957 5.516291
4.379626 -10.975604 -12.948894 2.466793 12.732290 -2.180230 5.516290
5.140110 -13.309482 -5.590389 4.324129 12.145023 0.193667 5.515678
4.379634 -10.975390 -12.948946 2.466802 12.732303 -2.180072 5.516291
5.140452 -13.310367 -5.590832 4.324051 12.145009 0.193810 5.515678
4.379904 -10.967875 -12.948309 2.467053 12.732245 -2.179912 5.516289
4.379528 -10.977789 -12.948792 2.466867 12.732280 -2.180152 5.516288
5.140889 -13.311320 -5.591267 4.324023 12.144920 0.193777 5.515678
4.379812 -10.972202 -12.948846 2.466944 12.732264 -2.180082 5.516290
4.379605 -10.972620 -12.948780 2.467186 12.732254 -2.179960 5.516290
4.379690 -10.975219 -12.948904 2.466967 12.732279 -2.180128 5.516289
5.140027 -13.309203 -5.590292 4.324186 12.145036 0.193541 5.515677
5.142444 -13.315158 -5.592998 4.323777 12.144851 0.194239 5.515676
5.140330 -13.309913 -5.590603 4.324147 12.144979 0.193572 5.515677
4.379914 -10.971693 -12.948697 2.467094 12.732265 -2.179895 5.516289
4.379702 -10.978441 -12.948836 2.466865 12.732307 -2.180150 5.516288
4.379767 -10.975811 -12.948969 2.467010 12.732269 -2.180101 5.516290
5.845027 -1.494183 -11.710581 0.363134 12.014751 1.428612 5.516404
4.379372 -10.976618 -12.948805 2.466922 12.732276 -2.180100 5.516288
4.379966 -10.975718 -12.948895 2.466777 12.732285 -2.180126 5.516289
4.379945 -10.969799 -12.948348 2.467046 12.732250 -2.179932 5.516288
5.141131 -13.311836 -5.591445 4.324026 12.144917 0.193790 5.515677
4.379733 -10.972437 -12.948689 2.466985 12.732266 -2.179996 5.516289
4.379730 -10.976272 -12.948940 2.466876 12.732287 -2.180134 5.516290
4.379438 -10.980214 -12.948756 2.466905 12.732299 -2.180166 5.516287
4.380241 -10.970413 -12.948504 2.466676 12.732276 -2.179983 5.516288
4.379571 -10.970445 -12.948578 2.467122 12.732267 -2.179908 5.516289
4.379254 -10.978896 -12.948709 2.467073 12.732282 -2.180104 5.516287
4.380312 -10.969470 -12.948152 2.466947 12.732268 -2.179810 5.516287
4.379724 -10.974367 -12.948961 2.466852 12.732288 -2.180079 5.516290
4.379617 -10.978079 -12.948866 2.466843 12.732294 -2.180147 5.516288
4.380143 -10.969092 -12.948333 2.466963 12.732296 -2.179904 5.516288
5.140645 -13.310749 -5.590967 4.324055 12.144997 0.193775 5.515677
5.197162 -10.299456 -12.151000 2.377447 12.669093 -2.316945 5.516273
4.380027 -10.970870 -12.948566 2.466973 12.732285 -2.179977 5.516288
4.379567 -10.974967 -12.948930 2.466891 12.732287 -2.180129 5.516289
5.141271 -13.312304 -5.591653 4.323958 12.144928 0.193934 5.515677
5.138989 -13.306749 -5.589139 4.324313 12.145113 0.193351 5.515675
4.379604 -10.977698 -12.948867 2.466919 12.732301 -2.180132 5.516288
4.379677 -10.976334 -12.948913 2.466952 12.732294 -2.180111 5.516289
4.380048 -10.967337 -12.948101 2.467078 12.732239 -2.179792 5.516287
4.379500 -10.974059 -12.948864 2.466999 12.732284 -2.180148 5.516289
4.379598 -10.976159 -12.948872 2.466917 12.732263 -2.180205 5.516288
5.139095 -13.306998 -5.589293 4.324293 12.145070 0.193348 5.515675
5.141947 -13.313954 -5.592451 4.323844 12.144881 0.194125 5.515676
4.379734 -10.974335 -12.948992 2.466854 12.732273 -2.180111 5.516290
4.379892 -10.972291 -12.948607 2.467059 12.732254 -2.180037 5.516289
4.379459 -10.974532 -12.948878 2.466929 12.732277 -2.180129 5.516289
4.379666 -10.975684 -12.948961 2.466872 12.732296 -2.180078 5.516290
4.379746 -10.971552 -12.948678 2.466836 12.732299 -2.179986 5.516290
5.141164 -13.312123 -5.591622 4.323940 12.144954 0.193992 5.515677
4.379783 -10.975637 -12.948915 2.466837 12.732292 -2.180252 5.516289
4.379825 -10.970002 -12.948280 2.467090 12.732263 -2.179906 5.516288
4.379282 -10.974338 -12.948771 2.467026 12.732254 -2.180171 5.516289
4.379810 -10.973975 -12.948951 2.466967 12.732270 -2.180234 5.516290
4.379899 -10.973606 -12.948902 2.466906 12.732249 -2.180062 5.516290
4.379281 -10.974352 -12.948733 2.467110 12.732240 -2.180026 5.516289
4.379538 -10.971917 -12.948564 2.467202 12.732246 -2.179930 5.516289
4.379889 -10.976451 -12.948916 2.466921 12.732271 -2.180096 5.516290
4.379809 -10.973649 -12.948993 2.466948 12.732271 -2.180157 5.516291
4.379679 -10.973519 -12.948825 2.467029 12.732272 -2.180072 5.516290
4.379859 -10.974228 -12.948911 2.466762 12.732282 -2.180103 5.516290
4.379917 -10.974194 -12.948926 2.466854 12.732286 -2.180121 5.516290
4.379743 -10.972634 -12.948926 2.466916 12.732288 -2.180134 5.516291
4.379681 -10.973235 -12.948970 2.466960 12.732274 -2.179942 5.516290
5.140608 -13.310733 -5.590965 4.324051 12.144965 0.193767 5.515678
4.379630 -10.971968 -12.948743 2.467007 12.732252 -2.180017 5.516289
4.379718 -10.972963 -12.948964 2.466700 12.732287 -2.180061 5.516290
4.379839 -10.976068 -12.948902 2.466834 12.732311 -2.180219 5.516288
4.380045 -10.972290 -12.948653 2.467065 12.732276 -2.179983 5.516288
5.140841 -13.311236 -5.591157 4.324066 12.144987 0.193777 5.515677
4.379828 -10.976690 -12.948880 2.466723 12.732294 -2.180151 5.516288
4.379834 -10.969541 -12.948350 2.467054 12.732262 -2.179885 5.516287
4.379578 -10.973610 -12.948887 2.467013 12.732283 -2.180190 5.516289
4.379736 -10.975080 -12.948901 2.466875 12.732297 -2.180162 5.516288
5.139263 -13.307405 -5.589442 4.324278 12.145089 0.193382 5.515675
4.379506 -10.973850 -12.948915 2.466879 12.732324 -2.180003 5.516287
4.379687 -10.975928 -12.948929 2.466898 12.732299 -2.180065 5.516287
4.380158 -10.970790 -12.948530 2.466791 12.732291 -2.179923 5.516286
4.379725 -10.973702 -12.948992 2.466877 12.732296 -2.180027 5.516288
4.379799 -10.976756 -12.948899 2.466857 12.732314 -2.180006 5.516286
5.140264 -13.309747 -5.590491 4.324178 12.144990 0.193537 5.515673
4.379490 -10.973737 -12.948879 2.466945 12.732264 -2.180096 5.516286
4.379798 -10.974335 -12.948965 2.466908 12.732281 -2.180063 5.516287
4.379799 -10.974389 -12.948964 2.466908 12.732280 -2.180063 5.516287
5.141159 -13.312001 -5.591499 4.323991 12.144944 0.193881 5.515675
4.379800 -10.974473 -12.948962 2.466906 12.732279 -2.180065 5.516287
4.379800 -10.974504 -12.948962 2.466903 12.732278 -2.180067 5.516288
4.379800 -10.974526 -12.948961 2.466901 12.732278 -2.180070 5.516288
4.379800 -10.974541 -12.948961 2.466897 12.732277 -2.180072 5.516288
5.141209 -13.312103 -5.591555 4.323979 12.144935 0.193882 5.515675
4.379799 -10.974547 -12.948961 2.466888 12.732277 -2.180080 5.516288
4.379799 -10.974538 -12.948960 2.466882 12.732277 -2.180084 5.516288
4.379798 -10.974522 -12.948960 2.466876 12.732277 -2.180089 5.516288
5.141189 -13.312049 -5.591552 4.323990 12.144922 0.193869 5.515676
4.379795 -10.974465 -12.948960 2.466861 12.732277 -2.180101 5.516289
4.379793 -10.974425 -12.948960 2.466852 12.732277 -2.180108 5.516289
4.379791 -10.974378 -12.948960 2.466843 12.732277 -2.180115 5.516289
5.141125 -13.311881 -5.591478 4.324000 12.144916 0.193844 5.515677
4.379786 -10.974259 -12.948960 2.466822 12.732278 -2.180130 5.516289
4.379783 -10.974188 -12.948960 2.466810 12.732279 -2.180139 5.516289
4.379780 -10.974109 -12.948960 2.466798 12.732279 -2.180148 5.516289
5.141010 -13.311594 -5.591352 4.324015 12.144912 0.193806 5.515677
4.379773 -10.973928 -12.948958 2.466771 12.732281 -2.180168 5.516289
4.379770 -10.973825 -12.948958 2.466756 12.732282 -2.180179 5.516289
5.140889 -13.311300 -5.591222 4.324030 12.144910 0.193767 5.515677
4.379761 -10.973597 -12.948956 2.466725 12.732283 -2.180202 5.516289
4.379756 -10.973471 -12.948955 2.466707 12.732285 -2.180214 5.516289
4.379750 -10.973826 -12.949006 2.466881 12.732282 -2.180116 5.516290
