-6.607009559422303280e-01 4.044703399999999283e-02 -1.277472000030631383e-02 -3.141592653589793116e+00 1.052172616987660625e+00 -3.141592653589793116e+00
-6.607009559422303280e-01 4.017235399999999346e-02 -1.277472000030631383e-02 -3.141592653589793116e+00 1.052172616987660625e+00 -3.141592653589793116e+00
-6.607009559422303280e-01 3.974071399999999643e-02 -1.277472000030631383e-02 -3.141592653589793116e+00 1.052172616987660625e+00 -3.141592653589793116e+00
-6.607009559422303280e-01 3.915211400000000175e-02 -1.277472000030631383e-02 -3.141592653589793116e+00 1.052172616987660625e+00 -3.141592653589793116e+00
-6.607009559422303280e-01 3.840655399999999553e-02 -1.277472000030631383e-02 -3.141592653589793116e+00 1.052172616987660625e+00 -3.141592653589793116e+00
-6.607009559422303280e-01 3.750403400000000553e-02 -1.277472000030631383e-02 -3.141592653589793116e+00 1.052172616987660625e+00 -3.141592653589793116e+00
-6.604071511541553807e-01 3.463936626872082813e-02 -1.343114763790684285e-02 3.141591044936467902e+00 1.052178915732709719e+00 3.141583341167331955e+00
-6.591120619254182689e-01 2.940817738512468624e-02 -1.530491940635565762e-02 3.141565803564269732e+00 1.052200082364911138e+00 3.141576636704003000e+00
-6.570711104792373858e-01 2.359067301581114703e-02 -1.737808249043974740e-02 3.141523491729824702e+00 1.052225348712564124e+00 3.141583660310349302e+00
-6.545828097583661354e-01 1.630101121652309179e-02 -1.890634139437909200e-02 3.141490886438417451e+00 1.052239067519328941e+00 3.141574066008046895e+00
-6.511743666331246683e-01 8.746505478935070327e-03 -2.007937347870986100e-02 3.141441771942114602e+00 1.052254544861237706e+00 3.141586104025818837e+00
-6.491803528707870141e-01 4.943365401290325534e-03 -2.052778367702856599e-02 3.141411141503396731e+00 1.052262502720515469e+00 -3.141584571726851127e+00
-6.491821859020218133e-01 4.953727597343495631e-03 -2.054505475068178766e-02 3.141419160722046300e+00 1.052262545681367012e+00 3.141564964520500602e+00
-6.491848953661023547e-01 4.965617718083625842e-03 -2.054920810198986036e-02 3.141424808721207551e+00 1.052262644614670783e+00 3.141512029012106133e+00
-6.491883010653924924e-01 4.978042616706444823e-03 -2.055357340780378239e-02 3.141437832220490556e+00 1.052264245013473376e+00 3.141447642981196164e+00
-6.491942834296662301e-01 4.991917547037424269e-03 -2.055730225195022409e-02 3.141495666956079624e+00 1.052269103506570769e+00 3.141335623066564331e+00
-6.492025294983702066e-01 5.006942075171931517e-03 -2.056022614234075119e-02 -3.141589141341563085e+00 1.052276373092432271e+00 3.141181576877300596e+00
-6.492113810178568034e-01 5.021806093929291614e-03 -2.056199973146745352e-02 -3.141466962842345723e+00 1.052283501045032654e+00 3.141015474909484073e+00
-6.492224234106735992e-01 5.037117846406861943e-03 -2.056177142084500420e-02 -3.141291286541577854e+00 1.052292619122991990e+00 3.140808649450408385e+00
-6.492355423519574620e-01 5.053232361666996214e-03 -2.056032605440127892e-02 -3.141070829387298868e+00 1.052303237218431997e+00 3.140562654190873104e+00
-6.492504553049038840e-01 5.068992361379923844e-03 -2.055575166768756901e-02 -3.140796278309761380e+00 1.052318177363454899e+00 3.140285902344660318e+00
-6.492674103366767868e-01 5.085764657905594149e-03 -2.055045095627684726e-02 -3.140480888390290382e+00 1.052333666274792190e+00 3.139969858842212247e+00
-6.492982116517334035e-01 5.103651398407068468e-03 -2.054474168818518076e-02 -3.140125578993882893e+00 1.052347404047089707e+00 3.139613711693435505e+00
-6.493169335472858128e-01 5.120887353436038431e-03 -2.053795449920045590e-02 -3.139762588099275220e+00 1.052360811204192004e+00 3.139260928805610362e+00
-6.493398779650015884e-01 5.139364295188058457e-03 -2.052813250676836787e-02 -3.139311864487256631e+00 1.052382502813292708e+00 3.138834515465536157e+00
-6.493680599815089272e-01 5.157778043679124569e-03 -2.051109049314467359e-02 -3.138705985564512524e+00 1.052406578165423712e+00 3.138307965686512269e+00
-6.497117120991729999e-01 5.178951569062780619e-03 -2.047908607124120095e-02 -3.137939779450469313e+00 1.052408948192318672e+00 3.137642353619875202e+00
-6.497673995638615363e-01 5.202224105727928233e-03 -2.045665361949634831e-02 -3.137051664371605320e+00 1.052407269081972796e+00 3.136870477637998089e+00
-6.498116892877937589e-01 5.227350472338462145e-03 -2.043143266265028124e-02 -3.136054126912803497e+00 1.052405054016924968e+00 3.136003701875824667e+00
-6.498601101478482800e-01 5.253968911524700691e-03 -2.036170365861307563e-02 -3.134968747480768148e+00 1.052399432155317394e+00 3.135060855486245579e+00
-6.499132702857934873e-01 5.282263998861329302e-03 -2.032357740673577939e-02 -3.133783321039121716e+00 1.052389807501738161e+00 3.134030939323679821e+00
-6.499707094688207398e-01 5.312337586988038346e-03 -2.029031908697243036e-02 -3.132492618482041191e+00 1.052383787913853563e+00 3.132909663990544935e+00
-6.500304595638126681e-01 5.343237399206102883e-03 -2.025630937788430730e-02 -3.131150749328867722e+00 1.052376491420079718e+00 3.131744022852597897e+00
-6.500923455862771538e-01 5.374834695337393775e-03 -2.016055909419178782e-02 -3.129765405073975160e+00 1.052366069160153295e+00 3.130540605906781071e+00
-6.501570365012931951e-01 5.407559185385994033e-03 -2.012369054592295925e-02 -3.128310265913970767e+00 1.052358146050652143e+00 3.129276434038644972e+00
-6.502247848729213464e-01 5.441401625147519044e-03 -2.008505862679503540e-02 -3.126786552828001220e+00 1.052348886837098485e+00 3.127952821928414284e+00
-6.502962054455998508e-01 5.476384106704677152e-03 -2.004455688013552506e-02 -3.125191653035307215e+00 1.052332716200706564e+00 3.126567354016648093e+00
-6.503714855181238486e-01 5.512570075218586191e-03 -2.000208008558483630e-02 -3.123522338495537731e+00 1.052308830866506728e+00 3.125117384987526670e+00
-6.504509200365827803e-01 5.550017180816758239e-03 -1.995750117963461523e-02 -3.121773758997795412e+00 1.052276336509357479e+00 3.123598616157913010e+00
-6.505357806099363316e-01 5.589117941669864698e-03 -1.991018851072404172e-02 -3.119922862031221822e+00 1.052232018914239786e+00 3.121991175502228266e+00
-6.506242970195734721e-01 5.629363553732436715e-03 -1.986093596742498357e-02 -3.117998561077654607e+00 1.052181520136104664e+00 3.120320095383626757e+00
-6.507174699248606808e-01 5.671014640925411965e-03 -1.980930194479472994e-02 -3.115984706885087441e+00 1.052121445113734621e+00 3.118571337502627827e+00
-6.508415905266621282e-01 5.713942894863367067e-03 -1.964922515625196209e-02 -3.113889461131768677e+00 1.052048262481968699e+00 3.116752239044985995e+00
-6.509414416317875762e-01 5.757702642158475659e-03 -1.959392305047508165e-02 -3.111737098883972763e+00 1.051978183802445121e+00 3.114883570911352706e+00
-6.510432283062372871e-01 5.801961917153267839e-03 -1.938983385238990387e-02 -3.109548276043138326e+00 1.051902735783734499e+00 3.112983432926622829e+00
-6.511470763878982604e-01 5.846721692151328476e-03 -1.913363833317498208e-02 -3.107322382588229015e+00 1.051820740945768051e+00 3.111051326437296982e+00
-6.512533179128612293e-01 5.892051989215524310e-03 -1.887827233975800101e-02 -3.105054514314738334e+00 1.051730841799573213e+00 3.109082979429050209e+00
-6.513620728682731897e-01 5.937989258253239394e-03 -1.860617841942990847e-02 -3.102742547605437107e+00 1.051632625144276911e+00 3.107076623943726634e+00
-6.514723039104496349e-01 5.984215043571699394e-03 -1.824698540693873994e-02 -3.100405649139019282e+00 1.051528344619695465e+00 3.105048915587164782e+00
-6.515832961869528761e-01 6.030561337213670436e-03 -1.787325128687047848e-02 -3.098053094096976601e+00 1.051421551219713368e+00 3.103007784292877158e+00
-6.516624398452278699e-01 6.076804927368732040e-03 -1.735212572148041310e-02 -3.095699482337022523e+00 1.051310886916004383e+00 3.100966016696665051e+00
-6.517589668101948508e-01 6.122910074394152802e-03 -1.666797030633578036e-02 -3.093345756813472125e+00 1.051197931711885358e+00 3.098924325040147920e+00
-6.516843778832790424e-01 6.168768210498918464e-03 -1.591914217003134735e-02 -3.090999736462364034e+00 1.051084596856591613e+00 3.096889489336368761e+00
-6.512620670682598423e-01 6.214355123603378800e-03 -1.507351664433910499e-02 -3.088662727931517082e+00 1.050969654695527611e+00 3.094862679193651989e+00
-6.507040733635063301e-01 6.259597195282021881e-03 -1.437480269060456561e-02 -3.086338225410478753e+00 1.050854698955972610e+00 3.092846840232578387e+00
-6.499286914440857155e-01 6.304504542318376675e-03 -1.372367709065523689e-02 -3.084026393055015358e+00 1.050738967788885203e+00 3.090842165237762451e+00
-6.500332546963994984e-01 6.349957722943701255e-03 -1.366512719728507630e-02 -3.081666746527760292e+00 1.050646765371941349e+00 3.088795055565753067e+00
-6.501439227750245298e-01 6.396938389540363090e-03 -1.360212313443798227e-02 -3.079200466225238575e+00 1.050574739282563508e+00 3.086655014537506236e+00
-6.502591484885285045e-01 6.445214926471962841e-03 -1.353626351726966437e-02 -3.076641695007308996e+00 1.050504308354905048e+00 3.084434623992976743e+00
-6.503787540902314923e-01 6.494925277303397609e-03 -1.346813350946186871e-02 -3.073989795575204020e+00 1.050428210836144460e+00 3.082131626497534693e+00
-6.505068025185956060e-01 6.547550837038569604e-03 -1.339559492282048347e-02 -3.071156678752295921e+00 1.050343393725375885e+00 3.079668051536046391e+00
-6.506432577076225465e-01 6.602660084354800701e-03 -1.331791902520361448e-02 -3.068136327554522591e+00 1.050249236513146389e+00 3.077044922991730491e+00
-6.507887953763201727e-01 6.660464877232166736e-03 -1.323475692224471145e-02 -3.064915024647639541e+00 1.050144293121946903e+00 3.074250112611077501e+00
-6.509710378610493731e-01 6.723083372924296836e-03 -1.314741923786214017e-02 -3.061464020516972528e+00 1.050025301209373874e+00 3.071236624094943135e+00
-6.511408264808767887e-01 6.791913366155064719e-03 -1.305709083420308891e-02 -3.057774586259691674e+00 1.049890516281873021e+00 3.067981033900958110e+00
-6.513205918203254230e-01 6.863474730826116255e-03 -1.296063583742150527e-02 -3.053861506742715726e+00 1.049738790051538251e+00 3.064536033781601887e+00
-6.515069851509839305e-01 6.935544287291747767e-03 -1.285797764061535897e-02 -3.049779627051177666e+00 1.049571503372870529e+00 3.060965966057613397e+00
-6.516989693905433922e-01 7.008214038765826076e-03 -1.275066283202203055e-02 -3.045561252562245969e+00 1.049388474078728706e+00 3.057291093606743448e+00
-6.518934177662749629e-01 7.079821190325373548e-03 -1.232126039013443919e-02 -3.041296735683111319e+00 1.049189212797916326e+00 3.053594207811504369e+00
-6.521123047788239813e-01 7.151877305278678265e-03 -1.181187023178080497e-02 -3.036977087880519122e+00 1.048965818135914940e+00 3.049851493630247656e+00
-6.523175056469077138e-01 7.224635657735564015e-03 -1.123295406061132484e-02 -3.032577917173695958e+00 1.048711917253549508e+00 3.046040504326982923e+00
-6.525272512421634863e-01 7.297987810033396833e-03 -1.073326209842097312e-02 -3.028107681637775883e+00 1.048435164476962500e+00 3.042169203934841359e+00
-6.527366676828607606e-01 7.371757376612320806e-03 -1.041848495132075003e-02 -3.023580312357953659e+00 1.048144806620036062e+00 3.038248098893906235e+00
-6.530302714230314942e-01 7.446600232546254222e-03 -1.021823278654093725e-02 -3.018939887816652234e+00 1.047829852536506623e+00 3.034231473040950977e+00
-6.532544157963592335e-01 7.522027810181599466e-03 -1.009064309091761702e-02 -3.014224894805852983e+00 1.047489362262652213e+00 3.030151945864527629e+00
-6.534737139323778532e-01 7.597221721466620309e-03 -9.964619901281446257e-03 -3.009495359644032586e+00 1.047138902651187253e+00 3.026059779114077752e+00
-6.536565869016194297e-01 7.672355007853643577e-03 -9.480377150143382003e-03 -3.004727752047138267e+00 1.046766979295383537e+00 3.021937358214585423e+00
-6.534269615415931876e-01 7.746848380465888584e-03 -8.853291956527287176e-03 -2.999968049854612850e+00 1.046384722145617729e+00 3.017823025236053613e+00
-6.531139692893223048e-01 7.820744700706195457e-03 -8.126034948016946924e-03 -2.995212126240051287e+00 1.045988216231868551e+00 3.013713434339137631e+00
-6.532209783278737358e-01 7.894437315687088258e-03 -7.674921616766194887e-03 -2.990434889289478981e+00 1.045576589248765176e+00 3.009586228468711600e+00
-6.537393464730099080e-01 7.968489595695942701e-03 -7.612557389547483511e-03 -2.985621974479827134e+00 1.045144321364461559e+00 3.005425210654467438e+00
-6.544373233851658034e-01 8.043915618218874103e-03 -7.765440263335365856e-03 -2.980791466157852732e+00 1.044695457913625170e+00 3.001229744725734783e+00
-6.551131745770953918e-01 8.120229862752199185e-03 -7.955593488444767658e-03 -2.975950198019518211e+00 1.044229755206393717e+00 2.997010653628747967e+00
-6.557639967123436442e-01 8.197121910881333823e-03 -8.150563323124693227e-03 -2.971098009254894201e+00 1.043747601363187227e+00 2.992771616594902984e+00
-6.563557838845611725e-01 8.274555753737391356e-03 -8.362300799723124123e-03 -2.966235568454107963e+00 1.043248206100591657e+00 2.988513716387067642e+00
-6.569136015176797461e-01 8.352444877070774182e-03 -8.581926268768538812e-03 -2.961365364662914779e+00 1.042731770672989278e+00 2.984239729070516933e+00
-6.574638882285571695e-01 8.430524062558616277e-03 -8.792534307191166021e-03 -2.956487486444511426e+00 1.042197998324695840e+00 2.979953095237992677e+00
-6.580273052262761713e-01 8.508738396105584162e-03 -9.004449228961458607e-03 -2.951599668193095827e+00 1.041646729430097507e+00 2.975652985497256875e+00
-6.585076070913948865e-01 8.587123402948555057e-03 -9.236411321016907428e-03 -2.946710852229884825e+00 1.041079295837851193e+00 2.971345126412893833e+00
-6.589846150144212933e-01 8.665653539792771837e-03 -9.446226467379872926e-03 -2.941817182817783038e+00 1.040494865007111969e+00 2.967027219777122138e+00
-6.594228793671934596e-01 8.744288919117115116e-03 -9.655154826439527049e-03 -2.936921844725493003e+00 1.039894714619677085e+00 2.962701913816169430e+00
-6.598558100166254103e-01 8.822821845493152709e-03 -9.838369441341240917e-03 -2.932030150981513206e+00 1.039283329572053161e+00 2.958374910380920042e+00
