-6.854831372113401322e-01 4.044703399999999283e-02 3.119897184147164826e-02 -3.141592653589793116e+00 8.048147424329626931e-01 -3.141592653589793116e+00
-6.854831372113401322e-01 4.017235399999999346e-02 3.119897184147164826e-02 -3.141592653589793116e+00 8.048147424329626931e-01 -3.141592653589793116e+00
-6.854831372113401322e-01 3.974071399999999643e-02 3.119897184147164826e-02 -3.141592653589793116e+00 8.048147424329626931e-01 -3.141592653589793116e+00
-6.854831372113401322e-01 3.915211400000000175e-02 3.119897184147164826e-02 -3.141592653589793116e+00 8.048147424329626931e-01 -3.141592653589793116e+00
-6.854831372113401322e-01 3.840655399999999553e-02 3.119897184147164826e-02 -3.141592653589793116e+00 8.048147424329626931e-01 -3.141592653589793116e+00
-6.858097951209042309e-01 3.620537931114961583e-02 3.054990028637748212e-02 -3.141588364381574738e+00 8.048201070386931111e-01 3.141568452246251919e+00
-6.855114194563829422e-01 3.181564820950102956e-02 2.871413431217281070e-02 3.141584177024036251e+00 8.048361939718094993e-01 3.141535493377897836e+00
-6.840834725834243901e-01 2.611137426702775030e-02 2.724564780501421285e-02 3.141563600917627319e+00 8.048435001190090698e-01 3.141510659219896251e+00
-6.820507646171398708e-01 1.974116968280256387e-02 2.558939707840167388e-02 3.141531836044949344e+00 8.048517941730231051e-01 3.141492064579428423e+00
-6.792788445061733738e-01 1.295515539265772523e-02 2.399027026164967519e-02 3.141488114734249049e+00 8.048543850400136090e-01 3.141484140836458216e+00
-6.757952481536591005e-01 6.000471508524379133e-03 2.229807169982700454e-02 3.141429743280836906e+00 8.048565778824685601e-01 3.141491721171481899e+00
-6.758290485410900494e-01 6.015300926081108834e-03 2.229429327989287946e-02 3.141468812363358953e+00 8.048573659716273809e-01 3.141386332306625562e+00
-6.758939052662448210e-01 6.035116978185994102e-03 2.229079613465154153e-02 3.141574976637536487e+00 8.048562715469177453e-01 3.141193612295775761e+00
-6.759123923461207717e-01 6.059409639870026731e-03 2.228448553810057076e-02 -3.141485387953665942e+00 8.048554953751593244e-01 3.140937002614110352e+00
-6.759317666769213417e-01 6.085427560003617287e-03 2.227499609993934676e-02 -3.141381783745567535e+00 8.048544630891460994e-01 3.140667877981337508e+00
-6.759508527856855631e-01 6.112002004303864616e-03 2.226306956692933325e-02 -3.141303194570895574e+00 8.048522062167937641e-01 3.140402231942226230e+00
-6.759707039558255914e-01 6.139604292262117180e-03 2.224973617432591394e-02 -3.141231262393299417e+00 8.048505815562911891e-01 3.140126376038193889e+00
-6.759913882047946521e-01 6.167948891882053808e-03 2.223605200144737615e-02 -3.141155029122829401e+00 8.048494685117932868e-01 3.139839299966735275e+00
-6.760131183136295352e-01 6.196923046206215951e-03 2.222290806681012643e-02 -3.141065025504159891e+00 8.048500126361413098e-01 3.139538553222746664e+00
-6.760359959358251958e-01 6.226476948779490622e-03 2.221065965164556455e-02 -3.140955829868837146e+00 8.048512321208203257e-01 3.139222362725045734e+00
-6.760608609299491034e-01 6.256891070163462382e-03 2.220050597246033680e-02 -3.140810001817458730e+00 8.048554004444335996e-01 3.138880073558841133e+00
-6.760875649877295945e-01 6.287947750068394875e-03 2.219274181516985023e-02 -3.140625599988271954e+00 8.048619065799748062e-01 3.138513533847354431e+00
-6.761176739254958212e-01 6.320655574750370237e-03 2.218795290683481941e-02 -3.140382879106458525e+00 8.048720644716320649e-01 3.138101723425607226e+00
-6.761503591359500076e-01 6.354504602997787521e-03 2.218581623209853887e-02 -3.140091731810402464e+00 8.048845821829333502e-01 3.137655416968160083e+00
-6.761851718717469817e-01 6.389230948228220852e-03 2.218598884711597830e-02 -3.139758335477370377e+00 8.048978983572958601e-01 3.137180250904556988e+00
-6.762231630607711264e-01 6.426056966246752183e-03 2.218719049772081148e-02 -3.139383276760273844e+00 8.049108673717857432e-01 3.136661198694087105e+00
-6.762649166662388911e-01 6.465342195795576591e-03 2.218968280611158944e-02 -3.138959491611277741e+00 8.049245375088521781e-01 3.136090710997351483e+00
-6.763106361374416897e-01 6.507253941170871442e-03 2.219340805420548512e-02 -3.138485354904250624e+00 8.049386978025478978e-01 3.135465944122422854e+00
-6.763604321610668935e-01 6.551831026129273372e-03 2.219849133319542339e-02 -3.137958621718911267e+00 8.049532915758687013e-01 3.134785418374293808e+00
-6.764144266840644848e-01 6.598457889313728841e-03 2.220711201217064057e-02 -3.137359472626429557e+00 8.049702191957954778e-01 3.134048417306102952e+00
-6.764725398648256949e-01 6.646814610303967974e-03 2.222007639861043465e-02 -3.136682320247294431e+00 8.049906280444597551e-01 3.133256620129675873e+00
-6.765350146671649245e-01 6.697057055172359052e-03 2.223742937707094691e-02 -3.135924554412534704e+00 8.050145631899306986e-01 3.132406813279954516e+00
-6.766017764652009214e-01 6.749115182240111865e-03 2.225918536993500702e-02 -3.135086730693893209e+00 8.050418314358090965e-01 3.131500014156918255e+00
-6.766728760862450454e-01 6.803030847325773622e-03 2.228528640614940021e-02 -3.134168746648198667e+00 8.050721065534304222e-01 3.130535497621954821e+00
-6.767489538063435894e-01 6.859385534608769541e-03 2.231538721374857343e-02 -3.133167061011489452e+00 8.051046928581275797e-01 3.129504287383477745e+00
-6.768299718144387134e-01 6.918219770771890514e-03 2.234922881023822250e-02 -3.132084231861797630e+00 8.051391218113839177e-01 3.128406798020791690e+00
-6.769157133001266757e-01 6.979474601648862075e-03 2.238641791013548654e-02 -3.130924926804028896e+00 8.051740032571662598e-01 3.127245549039981753e+00
-6.770063485092892019e-01 7.042937111905341746e-03 2.242795801398915490e-02 -3.129679911477728727e+00 8.052109535878069213e-01 3.126019090257327271e+00
-6.771016996750238714e-01 7.108531521574285028e-03 2.247360599088497890e-02 -3.128352654115524878e+00 8.052491538811840099e-01 3.124729648977770502e+00
-6.772012735716789189e-01 7.175813246282285868e-03 2.252354899299179730e-02 -3.126946262740919913e+00 8.052884219490827888e-01 3.123384020369241121e+00
-6.773016369934655723e-01 7.242438597801922895e-03 2.257695587506995671e-02 -3.125502281559394024e+00 8.053287310810093302e-01 3.122029217597062978e+00
-6.774016866153059757e-01 7.307945097151196528e-03 2.267019405532385429e-02 -3.124039899986529090e+00 8.053677558985741225e-01 3.120679381393682839e+00
-6.775061351723390413e-01 7.375761591772285464e-03 2.272824441766990028e-02 -3.122508725454375522e+00 8.054006608958471647e-01 3.119268454800726342e+00
-6.776136032775071927e-01 7.443556996401777537e-03 2.279301953566546107e-02 -3.120879883262182464e+00 8.054270135211716308e-01 3.117814856871328200e+00
-6.777253102031536303e-01 7.513119811970832979e-03 2.286156135764826763e-02 -3.119170332862099215e+00 8.054471937527796221e-01 3.116302453996788291e+00
-6.778407443773905028e-01 7.584088490536336491e-03 2.293375264102169575e-02 -3.117387399535879400e+00 8.054619594867727939e-01 3.114738728444258697e+00
-6.779622400024956086e-01 7.658841733886298520e-03 2.300751802803274737e-02 -3.115530082123811439e+00 8.054726631564150807e-01 3.113092790863915216e+00
-6.780899005338569818e-01 7.737509043391665314e-03 2.308260986682755117e-02 -3.113599673838110427e+00 8.054787786464886468e-01 3.111363286980552978e+00
-6.782231540307801509e-01 7.819563058129978123e-03 2.315926158582769234e-02 -3.111599750489360439e+00 8.054801301619120002e-01 3.109558178532727535e+00
-6.783610661852615964e-01 7.904100572543603515e-03 2.323801775228240274e-02 -3.109534989441500308e+00 8.054771285023686334e-01 3.107690610100294570e+00
-6.785041933703982453e-01 7.991344405057141526e-03 2.331932653288559809e-02 -3.107397665539284315e+00 8.054710303240696367e-01 3.105753940094846843e+00
-6.786525046463511845e-01 8.081288274354534590e-03 2.340313974725401897e-02 -3.105187679991205485e+00 8.054606387905793863e-01 3.103748264740700424e+00
-6.788051856610490820e-01 8.173512229293303927e-03 2.348871657444225047e-02 -3.102917516834811540e+00 8.054432351202781559e-01 3.101683841433288791e+00
-6.789623017642634206e-01 8.267799313140183209e-03 2.357684107148454167e-02 -3.100579554939888460e+00 8.054187116258305634e-01 3.099560036850746769e+00
-6.791238567645410118e-01 8.363772230066884167e-03 2.366853552197312888e-02 -3.098165172250573640e+00 8.053876062588252172e-01 3.097377333584899528e+00
-6.792910088230689203e-01 8.463580638404844675e-03 2.375951922672180083e-02 -3.095701224202446866e+00 8.053468681950642916e-01 3.095119412568571260e+00
-6.794627926875063118e-01 8.565759806232069867e-03 2.385237068930876059e-02 -3.093175178260802571e+00 8.052985600430981883e-01 3.092800199045976139e+00
-6.796394359572658361e-01 8.670668622162220479e-03 2.394616643110560744e-02 -3.090593137114651334e+00 8.052416856188042704e-01 3.090416784073273249e+00
-6.798213009728281131e-01 8.778617452045962138e-03 2.404072184114050548e-02 -3.087954166111721577e+00 8.051763272651190073e-01 3.087964726067273791e+00
-6.800092308423483223e-01 8.890179658403139090e-03 2.413602099068987844e-02 -3.085252358492700075e+00 8.051036653477506855e-01 3.085433631011827327e+00
-6.802028863311090356e-01 9.005104279234930204e-03 2.423193080270409638e-02 -3.082491438481962387e+00 8.050223200685062697e-01 3.082828003250692728e+00
-6.804035362566578371e-01 9.124429569857549910e-03 2.432791707850514434e-02 -3.079667263360744034e+00 8.049341465145616326e-01 3.080132192123758106e+00
-6.806111403387021808e-01 9.248076875465260221e-03 2.442397565520772196e-02 -3.076779560062251395e+00 8.048376465600002305e-01 3.077346704035789582e+00
-6.808257180837387068e-01 9.375923670142654459e-03 2.452034983631582593e-02 -3.073825780043764055e+00 8.047318705285331220e-01 3.074471520702876326e+00
-6.810472804628192600e-01 9.507931598345776419e-03 2.461700200496642899e-02 -3.070806284751713910e+00 8.046160639405549597e-01 3.071506830215882111e+00
-6.812748562278847508e-01 9.643180972395932332e-03 2.471446914570435416e-02 -3.067723914670897223e+00 8.044883604458845650e-01 3.068465332691765912e+00
-6.815081048186369950e-01 9.781376044916804263e-03 2.481276777114982401e-02 -3.064581819571871701e+00 8.043481518699867605e-01 3.065351897207926779e+00
-6.817472133373835286e-01 9.922508646559639184e-03 2.491215191131250506e-02 -3.061376569580227969e+00 8.041952123440017086e-01 3.062164569789441071e+00
-6.819920357547984979e-01 1.006652094653560578e-02 2.501233955849721524e-02 -3.058112384105699189e+00 8.040289867591474682e-01 3.058905652652991858e+00
-6.822429708946784466e-01 1.021356406796984292e-02 2.511354396808923584e-02 -3.054784133413704250e+00 8.038489520327148918e-01 3.055570378715315449e+00
-6.825002043030335974e-01 1.036363867630010413e-02 2.521596358640450231e-02 -3.051388691135779041e+00 8.036545025750868598e-01 3.052156781186351253e+00
-6.827638744884074740e-01 1.051679586952252929e-02 2.531954465951457428e-02 -3.047925761273519107e+00 8.034450571973135169e-01 3.048663550565910096e+00
-6.830340123591525092e-01 1.067297401310705537e-02 2.542434821970111780e-02 -3.044394973990744102e+00 8.032200280220181954e-01 3.045090803609583396e+00
-6.833106444689256431e-01 1.083213884363204774e-02 2.553033219781378205e-02 -3.040797039045869177e+00 8.029789044962635236e-01 3.041438764103426617e+00
-6.835936173293988283e-01 1.099408809583942229e-02 2.563759781567703094e-02 -3.037133262754179164e+00 8.027215548098168840e-01 3.037710105886033407e+00
-6.838829687296373860e-01 1.115879803983287413e-02 2.574608755921192760e-02 -3.033404591530964201e+00 8.024476519424719179e-01 3.033905002112890603e+00
-6.841787381873362106e-01 1.132630187173828615e-02 2.585558391627326008e-02 -3.029613127715867993e+00 8.021565227805378395e-01 3.030023488413152943e+00
-6.844810832359218278e-01 1.149657580230443663e-02 2.596626179356527342e-02 -3.025756465848866483e+00 8.018475492588263975e-01 3.026064150526140750e+00
-6.847900798488817387e-01 1.166949434268893179e-02 2.607842467119603214e-02 -3.021832244454997873e+00 8.015206936981604802e-01 3.022026817060885939e+00
-6.851057878505918408e-01 1.184506067680471050e-02 2.619196124353775218e-02 -3.017841507113898647e+00 8.011752630476050019e-01 3.017911346184043886e+00
-6.854283880707009446e-01 1.202329998923607965e-02 2.630692204857742328e-02 -3.013782326427282499e+00 8.008099438736864251e-01 3.013715910929369635e+00
-6.857577734333122343e-01 1.220406031412734835e-02 2.642331705737448883e-02 -3.009656423828499516e+00 8.004243924746147210e-01 3.009442658854049490e+00
-6.860937984473652884e-01 1.238720045919238302e-02 2.654105902476634055e-02 -3.005467223574901148e+00 8.000189048960663074e-01 3.005094390881998478e+00
-6.864364339536600523e-01 1.257269520821495748e-02 2.665993845286623171e-02 -3.001217436378122994e+00 7.995927393918877968e-01 3.000672146408227547e+00
-6.867856941063303911e-01 1.276045953640298977e-02 2.678000445514263500e-02 -2.996907215412972558e+00 7.991453289925409820e-01 2.996176481435064876e+00
-6.871387793980124892e-01 1.294754286346735603e-02 2.690441336350277157e-02 -2.992541087748078255e+00 7.986881275406463310e-01 2.991646326003119860e+00
-6.874946679583425757e-01 1.313514073117119998e-02 2.702801730784443190e-02 -2.988166395286842913e+00 7.982113070225629325e-01 2.987091913482563754e+00
-6.878522547205359050e-01 1.332314170748665969e-02 2.714884962606946284e-02 -2.983808213566093936e+00 7.977119602267779275e-01 2.982526844487592310e+00
-6.882117161098644242e-01 1.351163657407808763e-02 2.726692777593787975e-02 -2.979465397476702471e+00 7.971901726780641351e-01 2.977949346451322921e+00
-6.885732229903090973e-01 1.370073418446916477e-02 2.738220694605672523e-02 -2.975137558118245984e+00 7.966462496419138839e-01 2.973357751270930383e+00
-6.889368652365820411e-01 1.389050939271975829e-02 2.749458784844116543e-02 -2.970825660782952848e+00 7.960807657280359884e-01 2.968751474401044366e+00
