-7.026645392285074676e-01 4.044703399999999283e-02 5.918981663520456182e-02 -3.141592653589793116e+00 1.538980686295517097e+00 -3.141592653589793116e+00
-7.026645392285074676e-01 4.017235399999999346e-02 5.918981663520456182e-02 -3.141592653589793116e+00 1.538980686295517097e+00 -3.141592653589793116e+00
-7.026645392285074676e-01 3.974071399999999643e-02 5.918981663520456182e-02 -3.141592653589793116e+00 1.538980686295517097e+00 -3.141592653589793116e+00
-7.026645392285074676e-01 3.915211400000000175e-02 5.918981663520456182e-02 -3.141592653589793116e+00 1.538980686295517097e+00 -3.141592653589793116e+00
-7.025617453339679797e-01 3.657977035936822718e-02 5.868219477589280836e-02 -3.141322732711096410e+00 1.538985132720865456e+00 3.141315898890343572e+00
-7.017595914868757223e-01 3.122410769361458685e-02 5.752962599542304351e-02 -3.141002489713119239e+00 1.538997682850858917e+00 3.140986540378862379e+00
-7.005606583195101988e-01 2.489400320263944824e-02 5.624535862035003053e-02 -3.140774880094451493e+00 1.539015424815973976e+00 3.140754241135640612e+00
-6.985683808722873422e-01 1.795170045123295824e-02 5.486070496488590353e-02 -3.140951148623297051e+00 1.539034156935076947e+00 3.140931196794456870e+00
-6.957923656528021139e-01 1.057711317729027531e-02 5.341628719915872403e-02 -3.141554612744695163e+00 1.539055564132131959e+00 3.141542949338309576e+00
-6.942910517146013705e-01 6.668970639220634516e-03 5.267724370898713149e-02 3.141293600671444253e+00 1.539065118734000981e+00 -3.141298448185111614e+00
-6.942998478555186814e-01 6.680537583559676557e-03 5.268128724862859713e-02 -3.139699389209881453e+00 1.539045897540225027e+00 3.139710740131845590e+00
-6.943098960196288916e-01 6.691705243056428332e-03 5.268137459380557719e-02 -3.136829107191414057e+00 1.539039291775172735e+00 3.136841856228191450e+00
-6.943226922882730356e-01 6.704016066957235037e-03 5.268191442612672748e-02 -3.133039346275286352e+00 1.539035964568043591e+00 3.133056129764482556e+00
-6.943377263421466328e-01 6.717001957278000146e-03 5.268244298990104602e-02 -3.128506506391144804e+00 1.539034830295168632e+00 3.128525832569946985e+00
-6.943554558323009607e-01 6.730952968542161519e-03 5.268312028801723501e-02 -3.123102817309722390e+00 1.539034934760223239e+00 3.123124981015807489e+00
-6.943751316926141115e-01 6.745668722708073745e-03 5.268400705809215406e-02 -3.117002320765442036e+00 1.539038052762242925e+00 3.117027582058753410e+00
-6.943973908842152598e-01 6.761151754680890663e-03 5.268486138757896842e-02 -3.110208288325122528e+00 1.539036004007287017e+00 3.110236992673615308e+00
-6.944223177446939843e-01 6.777411915751839488e-03 5.268566206042867017e-02 -3.102713335922128390e+00 1.539027758686588809e+00 3.102745855884818216e+00
-6.944497031090913763e-01 6.794483036564075151e-03 5.268653924741274058e-02 -3.094485514053359587e+00 1.539016608586632362e+00 3.094522216689823857e+00
-6.944795327975754606e-01 6.812357932787119902e-03 5.268749586564810961e-02 -3.085531511447375586e+00 1.539002009613482880e+00 3.085572780217274769e+00
-6.945119316413200794e-01 6.831076322702866327e-03 5.268853646326727980e-02 -3.075817803103589654e+00 1.538983264607354018e+00 3.075864042726681902e+00
-6.945471975555157496e-01 6.850733158906524567e-03 5.268967315724441824e-02 -3.065260092264484371e+00 1.538959448042151124e+00 3.065311772410276081e+00
-6.945856541986895616e-01 6.871432787147239984e-03 5.269091406683671514e-02 -3.053768320646923495e+00 1.538929436615147583e+00 3.053825944345461174e+00
-6.946262405667227302e-01 6.892828342834292354e-03 5.269223088483185324e-02 -3.041666082670199778e+00 1.538893194816008503e+00 3.041730035281901667e+00
-6.946688019315800933e-01 6.915029234803988373e-03 5.269384542516407366e-02 -3.029006781854800767e+00 1.538850190066907597e+00 3.029079564738681007e+00
-6.947145482520136195e-01 6.938081228577096943e-03 5.269533215670197529e-02 -3.015445943249989824e+00 1.538798286471109389e+00 3.015525854001406270e+00
-6.947632943571675490e-01 6.962101788494681059e-03 5.269690900919546395e-02 -3.001049140975069918e+00 1.538736537717668496e+00 3.001136604349722958e+00
-6.948147480295523426e-01 6.986997012656398498e-03 5.269857308247766214e-02 -2.985908877514002135e+00 1.538664496591078290e+00 2.986004230129725823e+00
-6.948654285029153277e-01 7.011615373278476393e-03 5.270019580050711028e-02 -2.971076382516547820e+00 1.538586055779871620e+00 2.971179485715212731e+00
-6.949137616948322105e-01 7.035431404891580309e-03 5.270173004440716069e-02 -2.957004089436462646e+00 1.538504672003165208e+00 2.957114484055099801e+00
-6.949599776487999092e-01 7.058534154403682537e-03 5.270319918737056269e-02 -2.943619242668932934e+00 1.538420924960955061e+00 2.943736614178011468e+00
-6.950049912963132126e-01 7.081209934798667061e-03 5.270462459267366562e-02 -2.930654114518317588e+00 1.538333821442821048e+00 2.930778250530105655e+00
-6.950490628556715844e-01 7.103559257767916996e-03 5.270602185437905929e-02 -2.918031840973138280e+00 1.538243304950125623e+00 2.918162607084810123e+00
-6.950919934940570366e-01 7.125515817869701451e-03 5.270738475156030306e-02 -2.905807522881259874e+00 1.538150196478329956e+00 2.905944758900711022e+00
-6.951345399110081535e-01 7.147325417899925981e-03 5.270874215486191783e-02 -2.893765285135764920e+00 1.538053150280001002e+00 2.893908981469897945e+00
-6.951765539799993343e-01 7.168943701940804630e-03 5.271007544072415368e-02 -2.881947123720749904e+00 1.537952705931849184e+00 2.882097147341932786e+00
-6.952181457397685893e-01 7.190403067187132319e-03 5.271140152210812557e-02 -2.870322467834662827e+00 1.537848797397521672e+00 2.870478796303996827e+00
-6.952595292279002415e-01 7.211775921639643205e-03 5.271272263570282030e-02 -2.858831957713320104e+00 1.537741041191299063e+00 2.858994566436735330e+00
-6.953008243808139754e-01 7.233101272733407500e-03 5.271404266033357516e-02 -2.847443799802680697e+00 1.537629214748562845e+00 2.847612685282798761e+00
-6.953445844614825067e-01 7.255194172628442323e-03 5.271543726464046620e-02 -2.835464458038419178e+00 1.537506103875547536e+00 2.835639968147054546e+00
-6.953919558361031372e-01 7.278434448540066493e-03 5.271694695138733067e-02 -2.822599772770095328e+00 1.537367512072691511e+00 2.822782455029796189e+00
-6.954427171166831512e-01 7.302742180504726704e-03 5.271857275464199993e-02 -2.808937460137073128e+00 1.537212956603156044e+00 2.809127885015252790e+00
-6.954967430940558470e-01 7.328068972983308588e-03 5.272029256854766921e-02 -2.794539078266749410e+00 1.537041673859920632e+00 2.794737666474798932e+00
-6.955534377777281563e-01 7.354222879589991657e-03 5.272210418274485971e-02 -2.779591814177917453e+00 1.536854530240344241e+00 2.779799017677083928e+00
-6.956126429224799290e-01 7.381156360203068589e-03 5.272399422704086847e-02 -2.764163813032930239e+00 1.536651143341996484e+00 2.764380005852347555e+00
-6.956725468826232550e-01 7.408269766910700188e-03 5.272591417196084707e-02 -2.748745989551672597e+00 1.536437228312358849e+00 2.748971327466578796e+00
-6.957329968416526844e-01 7.435523116947874434e-03 5.272786156837508398e-02 -2.733388274065776447e+00 1.536213253225979125e+00 2.733622910978592557e+00
-6.957943985083540062e-01 7.463046190835372767e-03 5.272984055153676075e-02 -2.717997377533334369e+00 1.535977574956100433e+00 2.718241468710607123e+00
-6.957836286388681124e-01 7.489919093637043696e-03 5.282125750982129275e-02 -2.703334339445154111e+00 1.535744078873318763e+00 2.703588506617685017e+00
-6.958423579198218523e-01 7.516511947493809132e-03 5.282314949418866201e-02 -2.689012275093922266e+00 1.535503805597238536e+00 2.689275470060928708e+00
-6.957805118847970594e-01 7.542294107384637375e-03 5.288949506846860049e-02 -2.675384938055957118e+00 1.535273620338151845e+00 2.675656559808555546e+00
-6.952606769288470767e-01 7.567533883895759955e-03 5.325999064324492271e-02 -2.662294538987592496e+00 1.535046830336607826e+00 2.662574306512124789e+00
-6.953145096177167916e-01 7.592899298152228776e-03 5.326237827233995525e-02 -2.649115673505612722e+00 1.534817611072429644e+00 2.649403929030499594e+00
-6.953690138972701273e-01 7.618604675491101597e-03 5.340263352125625140e-02 -2.635786230438679656e+00 1.534581834563850444e+00 2.636082958430973733e+00
-6.954233310449681182e-01 7.644086913626120527e-03 5.353949771191303386e-02 -2.622838365776728242e+00 1.534338194816898149e+00 2.623143460651669923e+00
-6.954817963615528287e-01 7.670385188737430249e-03 5.354744927770477281e-02 -2.609718081899532027e+00 1.534060111564394147e+00 2.610031984435386310e+00
-6.955398885789156882e-01 7.696542791180857601e-03 5.354929091305653255e-02 -2.596880433154256096e+00 1.533777664620341596e+00 2.597203040116752959e+00
-6.955989230564842973e-01 7.722750508089785970e-03 5.356757469669178734e-02 -2.584248430729747970e+00 1.533481678109324342e+00 2.584579880496460369e+00
-6.956141366630991252e-01 7.749888513808055046e-03 5.371782927550756981e-02 -2.571437487617828754e+00 1.533150129532496075e+00 2.571778430449498387e+00
-6.955516718713136148e-01 7.776731163400763674e-03 5.441660597947679812e-02 -2.559019578924765170e+00 1.532817383734127237e+00 2.559369920029310297e+00
-6.953354562011877515e-01 7.803310092646380952e-03 5.538381278043050943e-02 -2.546950291167724867e+00 1.532483936879768249e+00 2.547309914817080134e+00
-6.949739129268837079e-01 7.829351581838128044e-03 5.636284187852690086e-02 -2.535340194132595926e+00 1.532157822698586802e+00 2.535708819746695930e+00
-6.943537095420362348e-01 7.854790488144493960e-03 5.742599016162556330e-02 -2.524212506843614978e+00 1.531841380688132359e+00 2.524589790286454694e+00
-6.936798611732715170e-01 7.879739800962872603e-03 5.845997679713094142e-02 -2.513427899468453131e+00 1.531535336433616834e+00 2.513813540471506958e+00
-6.928447961867800764e-01 7.904246347583011173e-03 5.952304105962519243e-02 -2.502949093541192660e+00 1.531238903081135971e+00 2.503342786551181476e+00
-6.917469637229507473e-01 7.928351754448125649e-03 6.066106155874595451e-02 -2.492759951036863875e+00 1.530950502519921042e+00 2.493161416432186694e+00
-6.902367953044937776e-01 7.952174661102425629e-03 6.191245904525184002e-02 -2.482840989901848427e+00 1.530664837889415653e+00 2.483250054593294287e+00
-6.882375473374811037e-01 7.975690503621516575e-03 6.330919214181565668e-02 -2.473195098577448903e+00 1.530382569222157541e+00 2.473611576199032047e+00
-6.858759308967483648e-01 7.998934631420744762e-03 6.469515959445040765e-02 -2.463778907948737551e+00 1.530104110098869263e+00 2.464202624823236043e+00
-6.831564058639172377e-01 8.021912900010277209e-03 6.609705138508549516e-02 -2.454582318665589291e+00 1.529829447044966040e+00 2.455013104474041086e+00
-6.801131505012104617e-01 8.044637619511341847e-03 6.750474430342036369e-02 -2.445590010097836942e+00 1.529558552509882707e+00 2.446027695689485082e+00
-6.767658503797379099e-01 8.067118929257755672e-03 6.889784356958383871e-02 -2.436787878137818275e+00 1.529291496418123675e+00 2.437232296479838745e+00
-6.731771107472170890e-01 8.089377964523924297e-03 7.027136044603993215e-02 -2.428159741031412189e+00 1.529027919236783273e+00 2.428610734501452040e+00
-6.693881482050717535e-01 8.111426199894838235e-03 7.160557639657871842e-02 -2.419694322304431378e+00 1.528767708069175502e+00 2.420151738021552923e+00
-6.654781374851272968e-01 8.133281957316901983e-03 7.289604208883533609e-02 -2.411382885493250861e+00 1.528510370283078013e+00 2.411846586155604211e+00
-6.614992717758652052e-01 8.155010670713249560e-03 7.407278952833612484e-02 -2.403216505443587891e+00 1.528255752756817021e+00 2.403687051468347047e+00
-6.574694106296392615e-01 8.176635640410021694e-03 7.512509250466793687e-02 -2.395181460237560067e+00 1.528004220221968579e+00 2.395659669196327890e+00
-6.534655133079946276e-01 8.203681968004663400e-03 7.609612713032855302e-02 -2.387273304542445018e+00 1.527755275030898474e+00 2.387761598106595606e+00
-6.493974522314421849e-01 8.225272467922820768e-03 7.691615013416071289e-02 -2.379479533265223878e+00 1.527509822145559415e+00 2.379979072201306778e+00
-6.454160356082004890e-01 8.246832901822129941e-03 7.748543236369201392e-02 -2.371779928811275084e+00 1.527267810872319886e+00 2.372292137664007150e+00
-6.415435466557701805e-01 8.268380783145571483e-03 7.782934091716015024e-02 -2.364172316335557245e+00 1.527029016331895805e+00 2.364698801074894163e+00
-6.394745512299936374e-01 8.288966821183175321e-03 7.819921915390881662e-02 -2.356812539853386124e+00 1.526806501886913248e+00 2.357349315285042213e+00
-6.397068274695620893e-01 8.325814071352615614e-03 7.883021361907135982e-02 -2.349218109261790310e+00 1.526595499348980312e+00 2.349767622757888308e+00
-6.402382749670622042e-01 8.346956807922408655e-03 7.928999994552012043e-02 -2.341394002744329406e+00 1.526376411101870501e+00 2.341955071065622729e+00
-6.408303504103672887e-01 8.367819193301078567e-03 7.955698250075521338e-02 -2.333452495023880857e+00 1.526150363722533987e+00 2.334018386494836506e+00
-6.412994119215850164e-01 8.388950716203508878e-03 7.982971836923211106e-02 -2.325236599546310234e+00 1.525923474044049710e+00 2.325807240174255330e+00
-6.417039623767415435e-01 8.410500982999610103e-03 8.020887635606005484e-02 -2.316710783421483288e+00 1.525691905809608118e+00 2.317286076067379241e+00
-6.421727261575563839e-01 8.432466444730165461e-03 8.059569602290225787e-02 -2.307853857416328758e+00 1.525455332450045498e+00 2.308433775407102040e+00
-6.426544927222744841e-01 8.454834737727508903e-03 8.095388953161383738e-02 -2.298685011810991163e+00 1.525213523526389503e+00 2.299269490933335103e+00
-6.431283434746860594e-01 8.477527025397477850e-03 8.126867509070977158e-02 -2.289260557788189931e+00 1.524967313951416603e+00 2.289849496550323771e+00
