-6.960170919297281600e-01 4.044703399999999283e-02 7.892983034687141297e-02 -3.141592653589793116e+00 1.347577416259586158e+00 -3.141592653589793116e+00
-6.960170919297281600e-01 4.017235399999999346e-02 7.892983034687141297e-02 -3.141592653589793116e+00 1.347577416259586158e+00 -3.141592653589793116e+00
-6.960170919297281600e-01 3.974071399999999643e-02 7.892983034687141297e-02 -3.141592653589793116e+00 1.347577416259586158e+00 -3.141592653589793116e+00
-6.960170919297281600e-01 3.915211400000000175e-02 7.892983034687141297e-02 -3.141592653589793116e+00 1.347577416259586158e+00 -3.141592653589793116e+00
-6.960170919297281600e-01 3.840655399999999553e-02 7.892983034687141297e-02 -3.141592653589793116e+00 1.347577416259586158e+00 -3.141592653589793116e+00
-6.955401955038714723e-01 3.368693563693463122e-02 7.761341915613582942e-02 -3.141557694028198622e+00 1.347584613675774312e+00 3.141533325510749375e+00
-6.939533715444035078e-01 2.813160682384080805e-02 7.585391710274126675e-02 3.141577124845477798e+00 1.347593901907145897e+00 3.141553359117874145e+00
-6.917256376998299761e-01 2.195524529895956020e-02 7.388613827260422096e-02 3.141480107656540177e+00 1.347604175441330376e+00 -3.141568118415086985e+00
-6.889506046279393336e-01 1.535497859092392961e-02 7.181285670920192765e-02 3.141341286683870582e+00 1.347614618413823795e+00 -3.141463492475251140e+00
-6.857710007650683615e-01 8.422678303389653093e-03 6.970930170203520904e-02 3.141171884838077855e+00 1.347624997277525161e+00 -3.141328051806069777e+00
-6.857719428478902257e-01 8.429184804548846971e-03 6.970965002690306112e-02 3.141213968226254316e+00 1.347625025908326890e+00 -3.141367712526639266e+00
-6.857783189704090843e-01 8.437874219380445823e-03 6.971075244317617714e-02 3.141487779049501494e+00 1.347624999154775072e+00 3.141547540917406955e+00
-6.857929797974867681e-01 8.449616987905587268e-03 6.971334924231920027e-02 -3.141066476757468084e+00 1.347624934677739805e+00 3.140925537935809864e+00
-6.858128490298360802e-01 8.462960490649058115e-03 6.971729296034492873e-02 -3.140207049770105119e+00 1.347624760280784706e+00 3.140082319880992401e+00
-6.858377127730391765e-01 8.477363927180261299e-03 6.972324450738916213e-02 -3.139121970538629736e+00 1.347624304008063101e+00 3.139027044701634406e+00
-6.858670228156202864e-01 8.493217724321242695e-03 6.973020163582138720e-02 -3.137843388099158748e+00 1.347623449277659535e+00 3.137783031045870086e+00
-6.859007147655536984e-01 8.510492884324715596e-03 6.973814717861591406e-02 -3.136374298126956006e+00 1.347622020798296960e+00 3.136353178831714494e+00
-6.859388873208097648e-01 8.529219833888709162e-03 6.974711101964609083e-02 -3.134710391288994646e+00 1.347619847188920472e+00 3.134733335833689072e+00
-6.859813272994990108e-01 8.549323096869249766e-03 6.975703649449201127e-02 -3.132861105364696641e+00 1.347616721437249865e+00 3.132932652863889000e+00
-6.860282198012841448e-01 8.570856875361628630e-03 6.976795741402430640e-02 -3.130818591061429679e+00 1.347612414958389238e+00 3.130943412921227686e+00
-6.860801218671969126e-01 8.594003401789177682e-03 6.978001132394909267e-02 -3.128558685684615259e+00 1.347606598128441302e+00 3.128742136792814321e+00
-6.861366101661457995e-01 8.618614210757141042e-03 6.979310107034382427e-02 -3.126099871629495652e+00 1.347599022711347683e+00 3.126346838403647688e+00
-6.861981579410224574e-01 8.644837663415897572e-03 6.980733245479785187e-02 -3.123421862174218688e+00 1.347589280490405494e+00 3.123737728748606113e+00
-6.862645081563543137e-01 8.672579920976263707e-03 6.982265008904305070e-02 -3.120535940789474605e+00 1.347577060382262770e+00 3.120925830287482938e+00
-6.863343253718278136e-01 8.701391567395262011e-03 6.983875475305544034e-02 -3.117500304423223234e+00 1.347562272387398563e+00 3.117967927698422237e+00
-6.864077696003993978e-01 8.731315938574849694e-03 6.985567629437537673e-02 -3.114308377600695010e+00 1.347544569288405603e+00 3.114857570805351195e+00
-6.864850843155114735e-01 8.762424099980275355e-03 6.987347671029706109e-02 -3.110949712934986788e+00 1.347523567994885818e+00 3.111584616306391826e+00
-6.865657066141922504e-01 8.794523006495139766e-03 6.989201915473788884e-02 -3.107449117939852901e+00 1.347499083890627114e+00 3.108173199276779375e+00
-6.866494717987047247e-01 8.827552373312747697e-03 6.991127505481974092e-02 -3.103813935694148540e+00 1.347470848376115526e+00 3.104630548026362291e+00
-6.867363612009812490e-01 8.861493659019500230e-03 6.993123306492274316e-02 -3.100045369231148484e+00 1.347438552242097298e+00 3.100957789591511915e+00
-6.868272056784803237e-01 8.896611532657038718e-03 6.995208423690191246e-02 -3.096107747417173872e+00 1.347401523244713850e+00 3.097120161639737912e+00
-6.869219415130689566e-01 8.932876113598237772e-03 6.997381373292202444e-02 -3.092004208700547263e+00 1.347359355811786896e+00 3.093120730029149001e+00
-6.870207804991319556e-01 8.970343093789721195e-03 6.999646913461775311e-02 -3.087726093475326117e+00 1.347311500523510563e+00 3.088951054637420146e+00
-6.871241008963021590e-01 9.009121635023407265e-03 7.002013699981485262e-02 -3.083257572614878761e+00 1.347257265696786499e+00 3.084595715671073712e+00
-6.872318200842465474e-01 9.049173093475918611e-03 7.004480323601727787e-02 -3.078602756398313822e+00 1.347196151690922772e+00 3.080058763979825365e+00
-6.873441627171159585e-01 9.090552628223527026e-03 7.007051499016066221e-02 -3.073752705897788928e+00 1.347127450288310602e+00 3.075331470231903452e+00
-6.874614762497172071e-01 9.133356760435553529e-03 7.009734782366970618e-02 -3.068693252871877331e+00 1.347050307319372475e+00 3.070400012864069605e+00
-6.875836311281104951e-01 9.177527463319287010e-03 7.012527747386573806e-02 -3.063430721869838447e+00 1.346964140997526593e+00 3.065270607513689072e+00
-6.877099322385217262e-01 9.222824827796825137e-03 7.015414618899822041e-02 -3.057996020062938136e+00 1.346868793988313495e+00 3.059973409869398253e+00
-6.878400942237022919e-01 9.269157023115971034e-03 7.018390103522666179e-02 -3.052402178102086694e+00 1.346763896685349238e+00 3.054521235774203536e+00
-6.879751077973068618e-01 9.316788573496281173e-03 7.021475785780802170e-02 -3.046608268431944211e+00 1.346647864172716424e+00 3.048874132876332244e+00
-6.881145614758863438e-01 9.365586288317091085e-03 7.024659780168837631e-02 -3.040632582361852521e+00 1.346520540102507324e+00 3.043049771487818855e+00
-6.882586680527557066e-01 9.415441110776138350e-03 7.030950298581865876e-02 -3.034525733379293655e+00 1.346367293430731138e+00 3.037100987447383105e+00
-6.884059827948043608e-01 9.465851493068149630e-03 7.034267975057868771e-02 -3.028288096812518315e+00 1.346204437893759653e+00 3.031021843002527749e+00
-6.885574825432948520e-01 9.517149882608429839e-03 7.045311897572108240e-02 -3.021912373918755002e+00 1.346022334265984277e+00 3.024808809358154882e+00
-6.887115311153663155e-01 9.569016867139134436e-03 7.048772122599392120e-02 -3.015428496456940000e+00 1.345831333400813623e+00 3.018490297007967449e+00
-6.888709619937730677e-01 9.621862680165498699e-03 7.052304431219484637e-02 -3.008796082510215797e+00 1.345610785017645306e+00 3.012027786734239321e+00
-6.890321255474282092e-01 9.675070448701427600e-03 7.055889281667536428e-02 -3.002088557807326641e+00 1.345382215485169786e+00 3.005492232841169731e+00
-6.891931276861780198e-01 9.728183519509814997e-03 7.059503202527821208e-02 -2.995363344559624164e+00 1.345152662275379996e+00 2.998939513783613897e+00
-6.893554014643419325e-01 9.782171839743145775e-03 7.063111692148656140e-02 -2.988552209885970701e+00 1.344923122543159488e+00 2.992296016448877882e+00
-6.895225348006464028e-01 9.837127417830448389e-03 7.066896250166121440e-02 -2.981527492613200270e+00 1.344680904770584107e+00 2.985448958511963458e+00
-6.896952753809519887e-01 9.893051069914209766e-03 7.070812335660227321e-02 -2.974319683330540087e+00 1.344412165347023569e+00 2.978426886176459121e+00
-6.898761635120520541e-01 9.950483207864072727e-03 7.074839742303801193e-02 -2.966890955484354997e+00 1.344099680885136872e+00 2.971190794143038882e+00
-6.900636031985025731e-01 1.000915283259121505e-02 7.078978871828110753e-02 -2.959264859322887187e+00 1.343754214331074337e+00 2.963763401741652093e+00
-6.902493161193572480e-01 1.006746443952732592e-02 7.083143235192337905e-02 -2.951649320281759081e+00 1.343416099581137724e+00 2.956346079674449179e+00
-6.904338222491720467e-01 1.012518146533595773e-02 7.090717544673644235e-02 -2.944088645756605338e+00 1.343071700571161209e+00 2.948982685411449811e+00
-6.906150049582454598e-01 1.018207840771235065e-02 7.094852313174035419e-02 -2.936605613904780476e+00 1.342732357254571074e+00 2.941694748658254088e+00
-6.907952928810107140e-01 1.023828528575747646e-02 7.098964957126679964e-02 -2.929191920052819142e+00 1.342386380437607718e+00 2.934474717734897542e+00
-6.909732480637235108e-01 1.029348402447650621e-02 7.103025917074026752e-02 -2.921898742614629452e+00 1.342033326539068483e+00 2.927372681655219466e+00
-6.911497410602657210e-01 1.034804875766614715e-02 7.107031347059103443e-02 -2.914693687215482054e+00 1.341671687878379426e+00 2.920355137713030125e+00
-6.913265311628252752e-01 1.040240162610786209e-02 7.111031685284828485e-02 -2.907503837684722647e+00 1.341298043042307375e+00 2.913352000927828644e+00
-6.915041021312655634e-01 1.045642567771560769e-02 7.115079900020145065e-02 -2.900306422696320219e+00 1.340911480735812233e+00 2.906344828600496033e+00
-6.916844374512312044e-01 1.051103710077124984e-02 7.119166119246816971e-02 -2.893027468379378409e+00 1.340507372098229455e+00 2.899256680287192633e+00
-6.918665497088611893e-01 1.056624806860194041e-02 7.123221919502074895e-02 -2.885705489574817317e+00 1.340083857935392642e+00 2.892122013978123629e+00
-6.920489484876590769e-01 1.062091608420607028e-02 7.127321934122350655e-02 -2.878393699085551205e+00 1.339645119071212642e+00 2.885002168332949868e+00
-6.922339835227243610e-01 1.067583346848023293e-02 7.131496953572274977e-02 -2.871018160816855236e+00 1.339194776453708435e+00 2.877820533783312484e+00
-6.924202585110084129e-01 1.073109008856018912e-02 7.135644018181216963e-02 -2.863622561310375847e+00 1.338724764461754591e+00 2.870616402284101198e+00
-6.926108360218181659e-01 1.078745561398622085e-02 7.139832879591979931e-02 -2.856103657666795748e+00 1.338236282968616520e+00 2.863286818473457451e+00
-6.928054114219706072e-01 1.084384186848451684e-02 7.144211208715821326e-02 -2.848453484842063954e+00 1.337724616595049154e+00 2.855839218068595642e+00
-6.930034653829197921e-01 1.090031146188653530e-02 7.148733917616822975e-02 -2.840698575878870091e+00 1.337190777020366594e+00 2.848296432935636169e+00
-6.932042982454809099e-01 1.095706597281234304e-02 7.153317867844734279e-02 -2.832880529126332814e+00 1.336634964124343572e+00 2.840693428756973393e+00
-6.934049164480653449e-01 1.101336123285203208e-02 7.157899204871252807e-02 -2.825105120201931275e+00 1.336067298514105328e+00 2.833132692155313936e+00
-6.935125488196485222e-01 1.106932583482789570e-02 7.168709687621434290e-02 -2.817358931280881329e+00 1.335484944664182994e+00 2.825601428508522250e+00
-6.937055042934583415e-01 1.112503516326722106e-02 7.178588235899802106e-02 -2.809626238841659074e+00 1.334887288759023738e+00 2.818084389150179447e+00
-6.938065416436037802e-01 1.117991946717743559e-02 7.193349226687616171e-02 -2.801991109145319125e+00 1.334286315998317818e+00 2.810662845030887702e+00
-6.936756286404420768e-01 1.123416890309395302e-02 7.209226859150105748e-02 -2.794426878368907019e+00 1.333677568400460922e+00 2.803311074427857985e+00
-6.933027425521847142e-01 1.128787174411573571e-02 7.224130514496818201e-02 -2.786920658815688068e+00 1.333060192583262804e+00 2.796016523447896418e+00
-6.928198048358995553e-01 1.134115532012243757e-02 7.255303625187799199e-02 -2.779460007618449247e+00 1.332428731056892302e+00 2.788767456407880374e+00
-6.918908543671793421e-01 1.139397619624062455e-02 7.308671062368068960e-02 -2.772051980056676079e+00 1.331783950111115944e+00 2.781570707558214561e+00
-6.904443082353276528e-01 1.144629322332301261e-02 7.379549248270880768e-02 -2.764701722638340353e+00 1.331127966310842847e+00 2.774431208981010588e+00
-6.890235411062924920e-01 1.149794904858089314e-02 7.422862146936333450e-02 -2.757436005288743441e+00 1.330459896618811477e+00 2.767375220414839188e+00
-6.892015218105617125e-01 1.154888483059550788e-02 7.427283776300948326e-02 -2.750280103452074076e+00 1.329772342935104490e+00 2.760428009893042489e+00
-6.892348816510046605e-01 1.159994675220655733e-02 7.441972579049351000e-02 -2.743078633975720493e+00 1.329071400635846834e+00 2.753437253341727953e+00
-6.892672839606661661e-01 1.165079793011252959e-02 7.454177801167469197e-02 -2.735890634601914506e+00 1.328356037607777651e+00 2.746460787123454317e+00
-6.891780528635211844e-01 1.170123345584719518e-02 7.470792344895828274e-02 -2.728753438910468621e+00 1.327626266182029502e+00 2.739535189677591021e+00
-6.893794566914286381e-01 1.175182433387858896e-02 7.475380469804208949e-02 -2.721564580481738993e+00 1.326880237016137665e+00 2.732560110733861070e+00
-6.895838245047328785e-01 1.180270469437555078e-02 7.480040487930494919e-02 -2.714308769517137065e+00 1.326112379598152868e+00 2.725521171355507200e+00
-6.897913845569215718e-01 1.185387245292121930e-02 7.484772683740122112e-02 -2.706988708112497921e+00 1.325320289628845405e+00 2.718421240821222273e+00
-6.900021478769309269e-01 1.190531159536673336e-02 7.489577404766747937e-02 -2.699606481156481941e+00 1.324503492092005574e+00 2.711262420712244658e+00
-6.900990378465270414e-01 1.195682778231808505e-02 7.498570774485820156e-02 -2.692193823166557642e+00 1.323664634896752235e+00 2.704075641098361071e+00
-6.897620637434531687e-01 1.200784542058508028e-02 7.522057569894274875e-02 -2.684841525902590398e+00 1.322813559294432784e+00 2.696949006795888781e+00
-6.889501645619618975e-01 1.205834636531812401e-02 7.556061243167301600e-02 -2.677550115060014502e+00 1.321951179949132804e+00 2.689882894044353989e+00
-6.877259401655784199e-01 1.210834743530981791e-02 7.603998316240381805e-02 -2.670317961801737638e+00 1.321077104133936420e+00 2.682875767647157961e+00
-6.861133200468915172e-01 1.215784637287555328e-02 7.663438261823614372e-02 -2.663145246924405907e+00 1.320191873949976280e+00 2.675927769289126790e+00
-6.841289394134871804e-01 1.220685694043753197e-02 7.737185321514127023e-02 -2.656030181664936762e+00 1.319295167673260716e+00 2.669037192510700152e+00
-6.818203913199254451e-01 1.225538758139914017e-02 7.822322766412749540e-02 -2.648971613895283461e+00 1.318387157488637440e+00 2.662202906314992568e+00
-6.792536653450925721e-01 1.230343897193563948e-02 7.912892394153395181e-02 -2.641969099733052495e+00 1.317468375067889053e+00 2.655424439736589814e+00
-6.764765684854906480e-01 1.235101378987521828e-02 8.009401632208110189e-02 -2.635022333107451153e+00 1.316538878218746822e+00 2.648701506944940665e+00
-6.735258299725508380e-01 1.239810849381430338e-02 8.104921113831851931e-02 -2.628131316657260186e+00 1.315599226068421501e+00 2.642034058479187042e+00
-6.704464956703647394e-01 1.244471767264374376e-02 8.197077595248930537e-02 -2.621296764283725267e+00 1.314649921545903988e+00 2.635422759409351112e+00
-6.673266752517965639e-01 1.249085671338305212e-02 8.284219541344005344e-02 -2.614518761597870888e+00 1.313691016034362224e+00 2.628867882830635772e+00
-6.642073616507497835e-01 1.254129558380351686e-02 8.360537008511631507e-02 -2.607797871830501713e+00 1.312723863010195391e+00 2.622373384575771293e+00
-6.613697646467169289e-01 1.258608739383875255e-02 8.428365496287265612e-02 -2.601164642207365318e+00 1.311756839943555519e+00 2.615960696390930540e+00
-6.590095632261150360e-01 1.272205297149585010e-02 8.478557891116747514e-02 -2.594588324131990476e+00 1.310791714847428846e+00 2.609606612450228180e+00
-6.572084558283172173e-01 1.288827745356293727e-02 8.514432123579408762e-02 -2.588058066945585711e+00 1.309826422041389327e+00 2.603299975581227610e+00
-6.559015590966473797e-01 1.300543583495268260e-02 8.531603410257278253e-02 -2.581572695623577829e+00 1.308861399817198734e+00 2.597039057411902885e+00
-6.548911074958454481e-01 1.316355035700012346e-02 8.512668888113793242e-02 -2.575138505999496008e+00 1.307903342092118226e+00 2.590829292195160338e+00
-6.542381769790155399e-01 1.328452861081428835e-02 8.459807109187821028e-02 -2.568754023022453925e+00 1.306952457033614623e+00 2.584669760585523779e+00
-6.539296358557528110e-01 1.333198888078320279e-02 8.374585161766787134e-02 -2.562417720145778954e+00 1.306009230906081564e+00 2.578559049029183647e+00
-6.539488263948931568e-01 1.333054224483682174e-02 8.256859135013071282e-02 -2.556128594296191991e+00 1.305074258632040962e+00 2.572496489472101633e+00
-6.544480961258895002e-01 1.297562656460411398e-02 8.125515517950755717e-02 -2.549882600973161217e+00 1.304150097783797424e+00 2.566483721168705490e+00
-6.550753206743906709e-01 1.283478192477157873e-02 7.975785641030387618e-02 -2.543683751871872456e+00 1.303231751969528229e+00 2.560513335475957941e+00
-6.557617897992402689e-01 1.288720560444956906e-02 7.820668956597409682e-02 -2.537531336547457883e+00 1.302316164729948822e+00 2.554582209480338317e+00
-6.566207501707687078e-01 1.293858362381137758e-02 7.661893144741992179e-02 -2.531427966797444640e+00 1.301407394715272225e+00 2.548700286895351663e+00
-6.576533844218293012e-01 1.301103419083552912e-02 7.495251108869412093e-02 -2.525371315658696325e+00 1.300504991966455526e+00 2.542866674718471387e+00
-6.588454518045442354e-01 1.309709717826553974e-02 7.323280037347758287e-02 -2.519361589165356907e+00 1.299609850901535246e+00 2.537082802488880517e+00
