-368.071425 364.800000 -376.327602 838.535355 483.782511 786.201325 -2.509763
-160.779498 345.970227 -167.694768 813.692213 584.650675 758.133282 -1.718671
-11.125353 334.127947 -17.406211 782.165638 667.110286 729.646712 -0.965965
142.155412 321.354922 136.654927 751.863123 749.729037 701.643186 -0.275157
299.222941 307.537483 294.657737 722.743415 832.519393 674.075405 0.358765
459.697500 292.658361 456.218094 694.718632 915.463653 646.898249 0.940245
622.024647 276.737167 619.746682 667.783208 998.348642 620.089712 1.473366
789.897141 259.433837 789.023122 641.881383 1081.870672 593.569396 1.962206
961.558382 240.935906 962.258348 616.890095 1165.751067 567.319164 2.410719
1137.070833 221.197132 1139.520599 592.779942 1250.024096 541.309778 2.822880
1316.489665 200.166385 1320.870926 569.533251 1334.714423 515.515669 3.202693
1499.889955 177.789626 1506.390979 547.145784 1419.847911 489.917332 3.554198
1687.261825 154.015938 1696.075868 525.608469 1505.421332 464.492669 3.881467
1878.582834 128.796917 1889.908053 504.917454 1591.425164 439.223058 4.188594
2073.844844 102.087029 2087.884710 485.077169 1677.854826 414.095920 4.479846
2272.907350 73.850972 2289.868069 466.077245 1764.657066 389.091921 4.759094
2475.694829 44.056586 2495.786536 447.922253 1851.805978 364.202811 5.030718
2682.031709 12.683056 2705.466634 430.606331 1939.234542 339.416740 5.299064
2891.720511 -20.281177 2918.712150 414.125121 2026.873591 314.726053 5.567976
3101.243258 -54.771365 3131.912036 398.774035 2113.879062 290.184753 5.840871
3313.115207 -91.167206 3347.645187 384.604426 2200.781762 265.747159 6.121214
3529.780674 -129.540094 3568.432807 371.399467 2288.117854 241.373832 6.415681
3748.221631 -169.488603 3791.191134 359.061664 2375.093118 217.087790 6.723618
3967.648360 -210.917822 4015.119431 347.591141 2461.404887 192.917414 7.060283
4188.786040 -253.895177 4240.954562 336.909931 2547.368657 168.790772 7.396676
4425.664371 -290.513765 4482.490220 307.576325 2664.029325 137.292731 8.261636
4599.732869 -336.893349 4660.960568 310.749902 2717.217283 119.143073 8.752474
4660.620913 -378.363955 4725.687157 346.515777 2711.169623 127.589523 11.534588
4932.487332 -429.243458 5002.097270 315.922978 2818.274370 80.382669 9.051564
5101.157550 -475.878457 5175.295602 319.939931 2869.411570 62.585042 9.515997
5254.568933 -520.894271 5332.969419 324.161921 2915.363625 45.396229 9.852445
5429.543090 -571.112319 5513.879008 335.377609 2977.310271 38.279434 13.609627
5564.748348 -611.628167 5650.994853 323.651986 3023.006417 2.873511 9.838995
5641.838022 -661.411794 5729.930069 341.690439 3048.817197 -12.370277 10.684735
5768.151933 -720.481345 5859.403744 360.153469 3089.057596 -29.205888 11.841941
6093.582488 -801.795481 6191.761252 347.768686 3230.338836 -69.577100 14.053750
6071.085568 -846.649857 6169.742400 390.613775 3196.620763 -68.882337 14.602509
6182.724035 -906.653524 6284.280676 410.536452 3233.193337 -85.226408 15.831828
6194.227691 -964.308983 6298.459604 464.347894 3216.677677 -74.224176 20.783797
6696.624672 -1067.482544 6809.569558 412.992734 3443.352755 -152.778074 19.132847
6626.360289 -1100.882034 6738.650452 455.020347 3397.987142 -149.024124 19.566606
6733.854463 -1165.336382 6849.094662 478.678168 3434.300023 -164.896306 20.960397
6849.628960 -1230.681050 6968.009862 501.931406 3474.927273 -181.461253 22.363119
6963.868211 -1297.395515 7085.382271 526.961238 3514.844572 -197.631355 23.711039
7077.130319 -1365.932043 7201.792454 554.194763 3554.030382 -213.308909 25.008089
7188.435444 -1436.280356 7316.246779 583.861467 3591.958606 -228.358265 26.264912
7286.512850 -1507.815444 7417.126314 617.403886 3624.906489 -242.185528 27.539474
7726.174815 -1653.524542 7867.453964 634.079463 3799.591288 -290.316737 31.666342
7770.331766 -1730.669109 7914.918378 698.769842 3809.601999 -283.730892 35.886122
7796.999614 -1790.000490 7941.619982 725.382710 3804.288884 -302.587242 34.109916
7899.419941 -1874.244420 8047.492645 768.800174 3836.583386 -315.106206 36.581391
7971.082738 -1966.041448 8121.764926 826.721011 3853.136723 -323.093275 38.694577
7858.792040 -2033.974953 8008.733669 919.441409 3799.216044 -300.350452 42.395625
7960.038922 -2148.654572 8113.077583 987.284953 3821.911135 -311.866001 45.796473
8228.510013 -2299.496735 8387.778185 1033.688256 3905.527129 -351.781087 48.977647
8284.783364 -2413.688150 8446.567021 1112.851378 3912.063850 -356.582145 53.555437
8344.533851 -2538.148285 8509.148720 1200.201172 3915.415604 -359.659404 58.548460
8396.996081 -2664.345778 8564.367906 1290.163353 3915.188175 -361.656056 63.647108
8441.051591 -2790.754760 8611.060647 1381.562909 3911.411927 -362.695474 68.695033
8510.297577 -2867.703212 8681.749737 1464.868768 3912.562051 -348.561157 75.885026
8449.089410 -3064.151785 8620.769656 1562.360320 3873.038545 -381.079699 74.836363
8798.381350 -3259.265643 8982.014066 1667.137912 3993.319812 -394.002337 85.885036
8473.677676 -3270.474818 8650.109145 1744.738044 3854.276374 -360.906545 85.477028
8427.206907 -3363.919620 8603.699367 1823.034762 3824.729916 -357.843974 87.530812
8324.386652 -3420.991327 8498.992733 1879.712294 3784.806365 -354.946052 87.084611
8172.397926 -3442.099310 8343.358030 1914.120085 3736.352684 -352.540688 84.136541
7969.232496 -3421.736296 8134.635196 1921.877532 3680.118359 -351.252127 78.374899
8153.347825 -3559.888713 8324.404638 1969.279931 3760.680228 -385.595856 78.859954
7482.286724 -3278.896878 7632.748700 1857.494301 3572.818667 -360.747479 59.830501
7210.728036 -3172.081049 7352.695963 1802.563566 3513.008677 -364.747891 48.494539
6513.353523 -2840.141017 6632.161906 1659.350768 3348.467655 -343.297530 25.904648
6340.287806 -2768.523260 6453.454730 1612.679712 3311.444407 -353.094135 16.886255
6541.345301 -2895.324160 6661.975216 1640.229531 3362.469827 -386.668732 18.476445
6294.419025 -2794.628863 6407.099308 1584.625420 3302.280243 -391.326431 10.202525
6143.757075 -2745.062230 6252.001160 1554.889618 3265.416224 -397.217674 4.343519
5720.767304 -2560.248441 5814.882916 1485.156535 3158.023276 -379.624132 -6.559792
5748.385457 -2617.548742 5844.729423 1508.994738 3157.793053 -388.881840 -6.583771
5774.167030 -2681.439930 5872.897129 1537.488743 3154.018764 -397.375658 -5.402405
6307.220738 -2985.063426 6425.405074 1625.176213 3315.162315 -461.383121 1.146271
6076.804488 -2945.175481 6190.015952 1634.807640 3214.072715 -438.455250 2.919302
6121.707431 -3047.994408 6238.720942 1696.821741 3208.167541 -439.594366 5.635601
6089.946054 -3133.552765 6207.865442 1763.563448 3168.523511 -431.667203 7.229067
6231.256519 -3251.630779 6354.191449 1796.676336 3225.389674 -465.191337 5.398924
6121.853433 -3311.041565 6244.464077 1870.621443 3146.552061 -437.479388 10.511681
6187.343570 -3452.250433 6314.585182 1961.923367 3140.170048 -434.736753 13.895608
6198.240168 -3561.999183 6327.917843 2037.577348 3118.064576 -430.465504 16.340475
6227.888607 -3672.707028 6360.612080 2110.074831 3106.721910 -428.467250 17.946961
6260.941159 -3781.348538 6397.099228 2173.911209 3091.725675 -429.716180 19.352067
6288.022485 -3881.188067 6427.395226 2230.644139 3076.134719 -431.741235 20.013191
6254.093909 -3828.222088 6391.400427 2150.618536 3093.955775 -469.700830 7.380334
6238.770536 -3958.622217 6379.738201 2258.250203 3037.049902 -445.249172 14.517514
6262.860675 -4036.534180 6406.741282 2298.867918 3028.720329 -448.381387 12.135504
6242.087284 -4068.383651 6387.015172 2309.257597 3012.507531 -453.396389 8.489513
6215.463909 -4088.191665 6361.160367 2310.803273 2997.297858 -459.353940 4.242714
6187.503075 -4101.706629 6333.896140 2307.257316 2983.564130 -466.118117 -0.209308
6163.694880 -4116.159686 6310.958906 2303.291817 2971.925825 -473.552437 -4.452293
5900.448156 -3960.653398 6037.901752 2227.638749 2903.937231 -465.395147 -11.392663
5990.040405 -4072.489795 6133.217332 2277.813769 2918.470096 -474.583512 -12.974145
6284.392985 -4327.872398 6442.713206 2382.233802 2982.519851 -501.163613 -11.622288
6208.912465 -4201.807161 6363.979652 2244.183056 2990.407108 -546.542944 -21.373593
6191.948992 -4317.062754 6350.107516 2337.364257 2953.375216 -527.943112 -16.936902
6266.351770 -4464.110875 6429.507193 2419.440705 2960.137858 -533.031655 -15.710447
6046.025711 -4378.684808 6201.180109 2390.392622 2891.993835 -522.329856 -17.211435
6154.786556 -4469.372833 6314.597496 2389.078577 2929.967136 -562.612618 -20.880096
6417.340032 -4727.981539 6590.864997 2488.733400 2989.022036 -598.379604 -18.478552
6364.748693 -4840.703507 6539.443849 2584.161091 2943.625200 -579.912211 -13.619555
6418.249646 -5013.376141 6596.746024 2687.962377 2940.309331 -582.855539 -11.314446
6424.505401 -5137.388519 6604.840065 2759.956210 2925.521251 -587.698651 -9.568701
6146.370131 -5016.595322 6315.767842 2714.167662 2835.156758 -573.375444 -10.830786
6531.812003 -5511.152560 6719.436724 2983.245077 2917.615547 -596.109290 -5.272563
6471.222860 -5588.817532 6657.781861 3028.556586 2882.106637 -601.345765 -2.981737
6470.206555 -5750.760005 6657.706599 3131.505837 2861.104592 -602.775128 -0.636266
6202.621318 -5678.146425 6378.798388 3125.205567 2766.801020 -581.941495 -0.944582
6553.209405 -6200.797900 6745.645529 3417.890606 2838.963794 -604.020925 4.431476
6495.981988 -6339.735472 6686.769714 3512.800858 2796.899711 -602.094319 7.438720
6483.197850 -6545.504550 6673.658939 3653.100532 2767.152857 -597.501890 10.088538
6463.552496 -6756.633258 6653.229640 3799.212169 2734.208304 -591.184200 12.703633
6435.793833 -6970.299808 6624.196910 3949.200452 2697.841029 -583.142270 15.232996
6142.656327 -6913.325494 6317.510058 3966.615808 2588.556832 -550.852907 14.946932
9902.165949 -17169.476104 10116.404144 11819.916323 4101.379861 332.441689 -165.008160
15550.554306 -21243.848088 15912.562154 13657.673151 5669.476102 -3.995541 -329.190899
6013.769812 -7461.741588 6182.880773 4330.729524 2455.202989 -536.264869 19.613037
5919.027800 -7558.261807 6084.837792 4391.111270 2399.426739 -536.005547 20.530745
5813.212168 -7739.801014 5974.587009 4553.892828 2340.437600 -503.590840 21.870208
6053.534795 -8344.183993 6225.145377 4931.450696 2367.121320 -502.303324 26.112453
5569.444316 -7910.259132 5721.468406 4709.520606 2207.050890 -459.967207 20.459303
5762.026563 -8332.583113 5923.980564 4924.640453 2218.148768 -485.088549 22.765466
5450.964310 -8025.376430 5603.032441 4733.879516 2103.128916 -471.753753 18.520067
4870.293475 -7180.686615 5002.290276 4220.439932 1932.983152 -440.430455 6.427368
5034.555356 -7732.511823 5172.661409 4587.602969 1954.110093 -426.986325 9.666730
4495.085649 -6819.971461 4615.881876 4026.805369 1808.850227 -397.532838 -2.974431
4636.633771 -7161.708716 4765.075436 4219.024168 1825.718203 -404.475592 -2.431302
4408.296400 -6736.044921 4531.905016 3935.613597 1760.812491 -400.538014 -8.357350
4232.098425 -6359.495717 4352.643022 3677.252456 1716.778866 -402.143453 -13.705392
4099.012186 -6048.658089 4217.888546 3459.417929 1686.081848 -406.183196 -17.621999
4008.518969 -5824.417808 4126.857210 3298.156919 1666.694353 -410.737738 -19.967098
3955.663350 -5694.506158 4074.247710 3200.619307 1655.878887 -414.008237 -20.815776
3932.208299 -5653.943437 4051.433215 3165.242671 1650.679104 -414.496840 -20.397913
3930.684100 -5692.179428 4050.693519 3185.780081 1648.748783 -411.387756 -19.014249
3799.391918 -5580.862654 3913.405244 3130.831237 1613.582734 -396.195555 -16.210058
3849.691466 -5730.641278 3965.572859 3234.052245 1623.525979 -392.110852 -14.227992
3899.710751 -5974.614346 4017.181381 3394.514362 1626.135141 -378.147867 -11.393066
4084.370942 -6440.648443 4209.185519 3685.756849 1661.093347 -365.480899 -9.715382
3964.120847 -6499.649482 4081.480227 3771.679591 1614.270732 -331.122372 -5.170638
4135.933966 -6945.244638 4259.567456 4051.856669 1649.804167 -315.228242 -4.250612
4134.369870 -7208.237752 4255.912891 4253.441084 1631.104317 -280.489944 -1.175011
4130.839995 -7459.090222 4249.848666 4446.431439 1615.862101 -245.767040 1.273614
4132.677806 -7646.242229 4252.360142 4558.725216 1577.020267 -229.969007 4.652998
3944.994675 -7462.621328 4056.893742 4453.142880 1510.894596 -222.701478 8.315952
4051.261099 -7962.709744 4163.224685 4822.670549 1543.468096 -167.639719 7.818909
4007.862885 -8246.309468 4115.308885 5054.584815 1507.294927 -114.744610 9.669593
3948.846940 -8408.168881 4052.010596 5190.243478 1473.988401 -77.468145 11.101447
3879.786402 -8538.655235 3978.563904 5302.914935 1438.007235 -42.420912 12.333783
3679.815445 -8228.363640 3774.121433 5067.885342 1341.293477 -64.886840 15.757415
3734.187765 -8304.266032 3833.029752 5074.828342 1339.475764 -72.246536 16.299480
3494.607721 -8102.948231 3581.665512 4997.186666 1275.578952 -44.079901 16.255310
3563.932933 -8545.839886 3651.266526 5312.534593 1275.324746 11.846160 16.128201
3465.467138 -8422.238982 3550.268959 5219.502506 1229.435639 8.748641 16.306283
3259.120261 -7906.617877 3338.853798 4843.237858 1161.212225 -39.465725 16.095858
3356.007201 -7788.702065 3445.682113 4648.606804 1147.283408 -105.324815 16.996138
3149.137756 -7395.395033 3229.602429 4405.047658 1103.121464 -117.045562 14.677215
3223.483627 -7786.434702 3303.989769 4678.424491 1108.678128 -68.809125 14.231603
3180.801802 -7592.802764 3260.433260 4514.052670 1086.277405 -97.384651 12.587735
3141.029262 -6724.578424 3226.842107 3763.628320 1049.458688 -269.119864 10.063431
3171.377144 -7230.425038 3251.060958 4178.140752 1068.745781 -170.915915 9.467385
3160.781962 -7195.058878 3238.244490 4140.471844 1058.507691 -176.500348 7.587429
3160.633130 -7164.912497 3235.685273 4105.761475 1055.557071 -182.753865 6.063470
3164.249822 -7180.609498 3236.414318 4109.555855 1054.482545 -180.526018 4.768857
3169.244441 -7239.086328 3238.058751 4149.806731 1054.413115 -169.827113 3.753423
3313.364382 -7008.234773 3387.880551 3880.954097 1067.955353 -257.170679 1.752871
3219.613623 -7300.375455 3283.331765 4169.149875 1063.009210 -168.774902 1.977908
3211.041916 -7492.089293 3269.827428 4326.210314 1058.475054 -128.259041 1.932221
3369.737737 -7363.642530 3432.656054 4143.603346 1075.128512 -195.469680 0.247204
3426.086741 -7389.229447 3486.611224 4141.419920 1086.261739 -200.569522 -0.306086
3462.626871 -7498.196272 3519.673245 4213.493781 1089.638596 -185.929297 -0.521466
3260.445020 -7641.168502 3304.675250 4420.303101 1062.755065 -100.130218 1.479345
3413.448452 -7713.646203 3459.427670 4405.492871 1072.858499 -126.734135 0.275354
3353.308010 -8254.249921 3391.087131 4866.054376 1068.837205 -7.224691 2.519146
3330.670307 -8390.245854 3363.590260 4981.994530 1056.349090 29.570561 3.100127
3497.760132 -8332.993537 3531.564097 4861.937480 1070.270595 -20.307358 0.844583
3353.706260 -8545.213931 3378.497160 5089.386915 1053.932197 58.315135 3.831074
3500.226333 -8532.254970 3524.672242 5012.518123 1058.961241 22.560688 1.310697
3355.059688 -8680.384777 3371.375640 5184.456832 1042.239309 87.212466 4.443310
3309.620175 -8789.116545 3321.135386 5279.475974 1024.037642 119.444255 5.037308
3281.675477 -8857.848383 3288.670554 5336.573363 1013.002238 139.652993 5.641829
3194.689051 -8730.696671 3196.458973 5261.800797 993.471900 137.857253 6.462354
3220.396913 -9040.961091 3218.804782 5485.531298 990.331310 186.880247 7.140564
3193.875715 -9061.617788 3188.026696 5502.404140 978.587227 197.742706 7.402419
3101.989889 -8918.708793 3091.428654 5414.582020 958.030919 192.211581 8.121709
3118.059697 -9204.600482 3104.228372 5621.063066 953.594525 238.587736 8.912251
3280.614998 -9241.519557 3263.033514 5589.974299 965.826462 214.746400 5.410426
3315.944925 -9228.306110 3293.660410 5561.218217 969.903398 205.942045 5.411942
3318.528585 -9264.581557 3291.664002 5581.018382 963.020551 212.895546 5.122336
3127.066913 -9217.142442 3096.529890 5589.968985 930.608540 238.212467 8.202721
3250.779967 -9372.320955 3215.477134 5669.648901 933.426903 247.098188 4.770904
3095.204061 -9244.997619 3056.458753 5602.442145 911.417774 248.669578 7.876519
3033.525907 -9283.314349 2991.450595 5641.201847 891.332323 267.288291 7.804341
2996.214713 -9286.930260 2950.544267 5645.218267 878.870450 274.138816 7.849767
2910.794414 -9112.355791 2861.808857 5526.100417 858.534424 257.087348 7.264730
3104.813126 -9506.530278 3049.812488 5775.844478 878.519896 299.995545 4.946867
2960.517581 -9299.216998 2903.156300 5635.809575 856.449999 280.345381 7.116373
2862.402216 -9380.186486 2819.444174 5743.758521 851.631048 252.578059 58.110231
2884.552161 -9252.686834 2820.690205 5599.708000 833.163298 284.592601 8.629010
2829.035661 -9309.355547 2762.702577 5654.698053 814.416970 305.518984 6.412341
2967.851787 -9498.527436 2894.462000 5766.328740 824.613948 324.046448 2.732722
2820.401222 -9283.975161 2746.226360 5619.513206 802.991812 301.009001 5.263756
2892.759613 -9348.757904 2812.497853 5657.552769 799.084406 310.205410 0.093936
2793.775123 -9346.226865 2712.883521 5662.264739 787.652700 319.281276 4.580936
2748.920794 -9342.111747 2665.536660 5664.257505 771.765538 327.931441 3.510185
2884.544348 -9549.609931 2793.196682 5794.967519 781.691332 353.338292 -0.437327
2703.106073 -9156.185089 2612.689227 5516.143833 753.020771 298.670972 0.522420
2861.902900 -9615.735990 2763.618614 5843.978431 767.872438 374.714046 -1.361150
2729.780798 -9359.189142 2631.609476 5654.429984 747.392835 336.430125 0.595021
2683.920363 -9380.116220 2583.964006 5681.198460 733.543500 352.673830 0.030742
2816.994622 -9596.568223 2708.192272 5822.616258 743.191538 382.556238 -4.313404
2680.581785 -9361.659653 2573.030143 5652.932885 723.376120 349.340372 -1.601335
2638.604141 -9384.037846 2529.404185 5681.435840 710.696977 366.243827 -2.186452
2612.143882 -9374.689255 2500.548279 5676.109890 701.953273 370.419319 -2.589824
2585.606776 -9365.838126 2471.725876 5671.357779 693.348536 374.750719 -2.946200
2558.679514 -9356.574013 2442.636363 5666.495138 684.835345 379.072179 -3.252770
2531.644074 -9347.524991 2413.551204 5661.971761 676.443135 383.484467 -3.514717
2504.230977 -9338.185337 2384.214647 5657.404056 668.143279 387.894491 -3.721177
2476.472862 -9328.696681 2354.659926 5652.906696 659.935209 392.337965 -3.872770
2448.559290 -9319.151263 2325.066980 5648.511741 651.835899 396.808889 -3.978146
2420.401995 -9309.399583 2295.353184 5644.094088 643.839731 401.273644 -4.031413
2391.976578 -9299.243801 2265.495056 5639.504894 635.934373 405.697594 -4.038390
2518.092012 -9518.583147 2381.371800 5791.438893 645.587125 442.319334 -8.925313
2492.205523 -9366.398427 2352.909127 5663.979189 635.319942 407.456016 -11.868392
2349.000431 -9209.106762 2215.456751 5562.877883 615.913500 393.474451 -7.446503
2363.585399 -9398.577648 2227.132742 5716.970538 616.738689 443.064607 -5.425050
2338.492872 -9363.568037 2200.535074 5686.591072 608.725078 438.127242 -5.783203
2313.238934 -9351.370846 2174.048634 5680.286193 601.602483 441.815313 -5.907362
2287.958339 -9338.645377 2147.631424 5673.649953 594.577717 445.406488 -6.012775
2262.665624 -9325.521845 2121.298395 5666.777660 587.667868 448.928459 -6.089537
2237.180429 -9311.564679 2094.880298 5659.350100 580.846182 452.305772 -6.134695
2211.737498 -9297.157316 2068.595956 5651.658508 574.140175 455.615792 -6.153701
2333.397893 -9513.573560 2178.929153 5806.124114 583.726002 494.989566 -11.310633
2190.327682 -9265.146711 2043.470254 5614.217140 564.738517 447.575980 -6.983038
2166.943733 -9286.478981 2019.305706 5647.188222 557.858554 467.484425 -7.347512
2287.634018 -9503.954647 2128.360705 5803.612892 567.459823 507.767580 -12.529699
2146.874402 -9253.575983 1995.759884 5608.627960 549.021621 458.806755 -8.204561
2127.162980 -9276.008438 1975.140706 5642.480403 542.818604 478.833741 -8.613226
2105.428781 -9260.660381 1952.767000 5633.735474 537.106136 481.507977 -8.636192
2083.679214 -9244.582578 1930.457648 5624.455774 531.487016 484.019248 -8.621691
2062.123179 -9228.254110 1908.405092 5615.023580 525.993771 486.479301 -8.569477
2040.520851 -9211.166795 1886.387607 5605.040677 520.595279 488.779104 -8.472350
2018.874926 -9193.444826 1864.407435 5594.626393 515.288391 490.959290 -8.329582
1997.361675 -9175.395000 1842.625293 5584.004873 510.091786 493.073672 -8.146744
1938.657341 -9036.262043 1786.598974 5481.830541 498.083259 470.104467 -9.435004
2102.227212 -9420.140788 1934.211123 5775.104129 516.880209 551.277037 -12.489422
1958.102053 -9132.405066 1800.916313 5540.012907 498.737527 487.351573 -7.743583
1945.131454 -9154.172897 1786.985873 5573.848380 494.114743 507.041640 -7.964655
1925.227481 -9134.610591 1766.963675 5561.947929 489.420455 508.586107 -7.730061
1905.448673 -9114.903049 1747.124000 5549.974696 484.821950 510.094226 -7.460258
1885.669022 -9094.683008 1727.350626 5537.626310 480.296831 511.475702 -7.158047
1865.901658 -9074.050680 1707.654494 5524.998871 475.846131 512.764134 -6.823373
1846.283734 -9053.253655 1688.158281 5512.278839 471.482685 514.007286 -6.462494
1953.371531 -9267.965980 1783.106448 5673.199974 480.793517 557.259013 -10.896175
1821.033532 -9002.991128 1662.142898 5461.750023 464.943295 501.947723 -6.304426
1812.502791 -9025.534904 1652.568060 5495.439615 461.321046 520.989178 -6.415345
1794.489436 -9005.021737 1634.720615 5483.252514 457.326776 522.015860 -6.069900
1898.819084 -9219.172036 1726.891432 5644.198835 466.604205 565.330141 -10.333485
1770.847405 -8955.275965 1610.522863 5433.353539 451.315736 510.088096 -5.947982
1764.741392 -8978.890459 1603.252602 5467.623922 448.144154 528.672003 -6.089274
1748.513412 -8959.149756 1587.183719 5455.408223 444.490870 529.579830 -5.801006
1732.521304 -8939.379343 1571.374522 5443.188470 440.906777 530.452681 -5.510154
1680.072201 -8813.216205 1523.006277 5349.402042 431.991556 508.304734 -6.162069
1715.581532 -8942.886779 1553.290976 5457.291837 435.998980 544.445831 -4.842177
1690.791472 -8895.155973 1529.833801 5417.263426 431.332129 535.656364 -4.355301
1675.156349 -8874.024818 1514.513327 5404.146680 427.917693 536.187351 -4.058082
1623.669456 -8749.896864 1467.362411 5312.101144 419.493126 514.445465 -4.591682
1659.513064 -8875.428826 1497.842073 5416.592470 423.322419 549.350901 -3.429593
1635.052325 -8826.519374 1474.872084 5376.288430 418.819876 540.621919 -2.945114
1620.054232 -8804.735804 1460.274821 5362.918009 415.591911 541.029275 -2.650078
1605.227686 -8782.912651 1445.869611 5349.601147 412.412491 541.450371 -2.350675
1590.479708 -8760.848166 1431.572688 5336.186271 409.269076 541.848226 -2.044260
1576.055942 -8739.144468 1417.599837 5323.133413 406.188443 542.345448 -1.735164
1561.739747 -8717.185247 1403.758667 5309.938487 403.141673 542.792984 -1.424696
1649.818872 -8917.955463 1480.704360 5461.240287 412.210577 582.857839 -4.507301
1640.127947 -8880.511343 1471.227154 5422.266946 410.201423 571.158179 -4.526815
1544.425688 -8673.609943 1385.377713 5270.668969 397.480164 537.373824 -1.709528
1543.941880 -8698.543452 1383.657972 5302.597699 395.806116 552.775121 -1.817374
1498.544969 -8584.985842 1342.774956 5220.145832 388.942966 533.919996 -2.157869
-12532.983513 -15389.691074 -12632.269844 10477.598254 -4913.795047 1130.605628 -93.906867
497.024813 -8487.531650 445.798887 5090.665826 143.075077 481.562011 -3.848263
1503.517270 -8634.522862 1343.817746 5265.656851 386.006906 556.932245 -1.006981
1492.475390 -8614.605551 1333.100213 5253.532771 383.477875 557.069817 -0.854482
1449.004310 -8503.651103 1294.183631 5173.526782 377.066894 538.935586 -1.112505
1451.818452 -8524.780397 1295.628023 5195.358700 376.420489 548.726896 -0.967279
1478.501247 -8608.559352 1317.783754 5259.287797 378.438785 568.761698 -0.311065
1459.607814 -8560.830032 1300.306470 5222.050824 374.847433 561.106988 -0.033748
1449.170630 -8540.179565 1290.229884 5208.901651 372.478340 560.564538 0.094786
1438.716511 -8519.094612 1280.160021 5195.302179 370.122475 559.820055 0.227551
1428.468196 -8498.234326 1270.291488 5181.753459 367.809309 559.001603 0.362422
1418.384481 -8477.458770 1260.588500 5168.129635 365.534487 558.069030 0.499261
1408.372829 -8455.682643 1250.976494 5155.491425 363.212290 558.266110 0.629690
1398.454195 -8432.548656 1241.478780 5144.552060 360.813292 560.271645 0.742713
1388.649489 -8409.486419 1232.099939 5133.464165 358.453648 562.102777 0.857415
1378.962801 -8386.519017 1222.843047 5122.245732 356.133293 563.766017 0.973936
1446.806360 -8561.755326 1281.776136 5252.480031 364.725790 597.122481 -0.925991
1334.096187 -8244.655079 1182.592459 5022.850507 348.630881 545.143504 0.729785
1375.936682 -8386.661627 1217.941431 5137.805882 352.945567 579.513029 0.817315
1360.017427 -8338.562363 1203.316194 5104.795104 349.690314 574.773781 1.003879
1351.498259 -8317.322673 1195.170084 5093.777477 347.657877 575.774596 1.078273
1342.976441 -8295.853065 1187.038020 5082.405578 345.645203 576.570621 1.156225
1334.600480 -8274.630255 1179.050074 5071.045490 343.674452 577.254986 1.235071
1326.377125 -8253.662621 1171.210581 5059.700263 341.743415 577.833490 1.316509
1318.203641 -8232.666554 1163.430686 5048.172063 339.838728 578.262144 1.400543
1310.154478 -8211.878433 1155.774434 5036.640232 337.969258 578.588383 1.486530
1302.235137 -8191.286621 1148.246632 5025.108830 336.136191 578.821129 1.574333
1294.414360 -8170.812503 1140.819876 5013.532276 334.334623 578.956416 1.664331
1260.293047 -8074.425525 1110.916548 4948.663572 329.595868 566.297066 1.699514
1289.254834 -8166.110426 1135.083201 5016.928921 332.319164 585.306935 1.806150
1249.764281 -8046.186234 1100.516146 4933.789426 326.592283 568.253788 1.939097
1277.987645 -8135.884526 1124.053214 5000.030474 329.270486 586.456098 2.027116
1264.454476 -8090.494981 1111.689894 4968.950872 326.482146 581.693095 2.199326
1256.973008 -8070.187259 1104.644571 4957.048187 324.828397 581.402715 2.293460
1309.322702 -8220.728740 1150.060277 5063.882438 332.587325 606.304126 1.054646
1244.405064 -8016.112310 1092.648207 4920.414703 321.524251 577.171662 2.288494
1245.115320 -8034.715137 1092.864862 4938.314184 321.552199 583.843979 2.286376
1238.355571 -8015.761993 1086.500359 4927.336187 320.049164 583.687795 2.365563
1288.145946 -8161.256247 1129.680257 5030.142882 327.576194 607.481500 1.216839
1227.248363 -7965.302745 1075.856232 4894.061970 317.014140 580.449429 2.338523
1205.219236 -7916.262403 1056.799287 4865.430562 314.567806 576.414008 2.348899
1231.010248 -7998.969444 1078.293231 4924.791795 317.132648 591.982864 2.332813
1220.021095 -7958.466153 1068.260154 4898.180191 314.772769 588.484679 2.445762
1214.073885 -7940.759698 1062.670119 4888.290990 313.429744 588.605401 2.496023
1207.939315 -7922.293787 1056.928644 4877.892237 312.064831 588.610095 2.548427
1180.601597 -7841.048892 1033.204941 4825.243003 308.321679 579.303858 2.645367
1204.696261 -7918.437795 1053.260254 4880.087005 310.731628 593.437083 2.600773
1194.488088 -7879.163593 1043.947416 4854.704783 308.496051 590.285827 2.702265
1188.616321 -7860.739120 1038.469298 4844.291322 307.189748 590.219558 2.752444
1162.164031 -7781.103776 1015.556708 4793.031721 303.558888 581.318737 2.867115
1211.527065 -7938.126271 1058.311302 4901.195938 311.442937 604.858440 1.919680
1184.537356 -7832.903076 1033.608428 4830.071235 304.775484 593.363443 2.715282
1180.704527 -7827.076913 1030.020401 4828.731811 304.081231 595.099772 2.747987
1175.455772 -7809.976569 1025.131832 4819.140063 302.928448 595.089260 2.785698
1170.129108 -7792.490330 1020.185086 4809.274410 301.770780 595.003428 2.825444
1208.692246 -7912.126061 1053.582573 4890.896566 308.052974 612.646498 2.015658
1204.643207 -7881.540529 1049.645813 4870.817519 306.679816 610.388365 1.944784
1163.992559 -7750.619622 1013.878323 4785.263415 299.539896 595.633656 2.630711
1145.933099 -7708.836857 998.472788 4760.765394 297.684522 592.189869 2.689426
1148.340055 -7720.508483 1000.242548 4770.453556 297.809472 595.866341 2.664674
1165.370495 -7768.313573 1014.237688 4803.097424 299.249129 604.430979 2.587883
1157.243319 -7734.111016 1006.878361 4781.667657 297.516266 602.008378 2.639757
1152.687238 -7718.391109 1002.677446 4772.879243 296.576643 601.967300 2.654803
1148.200223 -7702.815532 998.541534 4764.172419 295.649412 601.925809 2.670416
1143.743331 -7687.269568 994.438287 4755.474934 294.731421 601.869780 2.686639
1139.327716 -7671.802256 990.376884 4746.818437 293.823771 601.805561 2.703630
1134.961781 -7656.441017 986.364207 4738.219967 292.927151 601.736573 2.721419
1130.613773 -7641.084156 982.372483 4729.612432 292.036001 601.650308 2.740548
1146.005199 -7693.075912 996.041951 4765.268543 295.489875 609.200153 2.196514
1113.382858 -7576.711667 967.264936 4690.384719 289.279250 597.047818 2.735871
1132.456370 -7643.196940 983.230251 4734.951573 291.654405 607.156950 2.604045
1125.373963 -7612.312143 976.857233 4715.969632 290.182380 605.139429 2.643364
1121.277555 -7597.640507 973.123461 4707.759283 289.383490 605.038259 2.654445
1117.244846 -7583.119294 969.449072 4699.633927 288.595680 604.938589 2.665986
1113.113600 -7568.248557 965.695386 4691.273122 287.796068 604.780113 2.679782
831.702383 -7064.048471 725.026794 4201.650459 264.919322 460.505539 2.693408
1308.248696 -7388.117064 1123.400323 4508.147873 298.154789 546.655485 2.708095
1101.107897 -7524.788202 954.794419 4666.870985 285.467471 604.344566 2.723599
1082.732570 -7467.083984 939.087537 4631.368638 283.022360 598.924596 2.842595
1129.420857 -7619.049035 979.010283 4729.614252 290.098770 618.062703 2.182024
1093.653030 -7482.105443 947.704548 4642.457028 283.440853 603.976853 2.674856
1123.540563 -7588.557945 973.570148 4711.985369 288.763701 617.458156 2.143993
1091.385596 -7469.727825 945.465899 4636.763463 282.902260 605.469393 2.590388
1077.545195 -7436.202495 933.794865 4617.111597 281.488089 602.806338 2.672445
1092.201014 -7482.744532 945.954760 4647.400297 283.152212 609.619186 2.540052
1073.300779 -7417.417971 929.789376 4607.136292 280.467946 603.480364 2.667832
1087.402373 -7462.119822 941.482411 4636.135659 282.067922 609.984664 2.537798
1068.861458 -7398.135856 925.637716 4596.807050 279.444565 604.028914 2.665419
1082.489401 -7441.267645 936.933076 4624.696360 280.991931 610.260242 2.536853
1076.901864 -7416.222314 931.965228 4609.700904 279.897283 608.805195 2.563460
1073.344999 -7403.089295 928.787213 4602.315933 279.264376 608.600465 2.571311
1096.162024 -7476.542639 948.398677 4649.636347 283.075915 617.850457 2.148532
1068.067218 -7372.749872 923.952009 4584.835477 278.066201 607.836425 2.523615
1067.359504 -7377.090971 923.314996 4588.594730 278.141118 609.425190 2.507324
1064.066815 -7364.755178 920.378381 4581.681580 277.560164 609.256030 2.512442
1061.003017 -7353.153844 917.641068 4575.221517 277.016205 609.154012 2.515018
1082.189188 -7420.940539 935.818016 4618.628794 280.519829 617.580116 2.128773
1056.109250 -7324.748090 913.172277 4558.951398 275.919599 608.494103 2.472457
1044.178635 -7295.077616 903.145978 4541.649250 274.655771 606.243492 2.554031
1044.878606 -7298.729054 903.624849 4544.651764 274.699224 607.693772 2.525065
1067.127708 -7368.353753 922.638803 4588.864749 278.226251 616.176904 2.142564
1067.379794 -7357.266505 922.645446 4582.528860 277.902383 616.208723 2.086100
1047.370666 -7287.766625 905.291584 4539.812818 274.454251 609.970494 2.362001
1059.155439 -7326.992070 915.102755 4564.607743 275.946501 615.156994 2.231520
1054.617463 -7306.463398 911.114688 4552.522798 275.124601 614.065157 2.244829
1051.658081 -7295.398141 908.509974 4546.357409 274.650459 613.913039 2.242364
1014.238372 -7312.270861 875.260755 4616.090362 268.765808 665.134990 6.843137
1038.813078 -7273.022847 897.338834 4533.421653 272.107003 613.186485 2.192852
1042.792623 -7262.225016 900.715881 4527.832631 273.222739 613.395053 2.239840
1060.545128 -7318.365718 915.888971 4563.276936 276.104187 620.151645 1.924236
1049.425718 -7276.109000 906.459896 4538.096453 274.567495 616.791067 1.970879
1032.938995 -7222.753334 892.233889 4505.705710 271.864961 612.241549 2.190760
1043.130322 -7255.961868 900.699383 4526.431722 273.138865 616.531867 2.068812
1039.255043 -7238.351486 897.312193 4516.174286 272.462138 615.670213 2.076663
1036.537484 -7228.157347 894.937847 4510.507087 272.042359 615.522534 2.072221
1033.863436 -7218.129699 892.601917 4504.935677 271.628501 615.381486 2.067920
-19869.554607 -13358.000303 -19814.521946 9184.189598 -7590.909025 1013.567317 -108.652699
904.877116 -7193.925566 781.231364 4469.447561 241.594107 605.400622 1.746188
1025.865279 -7188.206359 885.622401 4488.282710 270.385805 614.914989 2.058700
1041.313731 -7236.270612 898.782808 4518.306919 272.838699 620.570609 1.788880
1031.669267 -7200.178505 890.636528 4497.070834 271.539735 617.856316 1.833297
1025.317876 -7177.028515 884.958439 4483.023172 270.157807 616.351405 1.939895
1023.401755 -7171.332102 883.303825 4480.088652 269.926235 616.557329 1.928594
1020.993966 -7162.240035 881.209874 4475.056595 269.560244 616.443267 1.922587
1017.076057 -7073.295450 878.105088 4447.024459 269.191920 616.318385 1.917271
1018.396746 -7212.859020 878.217646 4484.295722 268.836489 616.213793 1.911221
1013.856234 -7135.381133 875.008033 4460.184170 268.473432 616.086557 1.906263
1011.482293 -7126.494535 872.947635 4455.257410 268.111456 615.955988 1.901685
1009.164407 -7117.798613 870.935361 4450.439806 267.756366 615.834913 1.896958
1015.209163 -7137.658905 876.200453 4463.299850 268.987534 618.521220 1.735208
1000.922608 -7088.144654 863.946433 4433.641875 266.663155 614.448301 1.907986
1008.426771 -7111.187627 870.143839 4447.642501 267.551064 617.307252 1.807107
1005.368284 -7097.677291 867.497768 4439.884983 267.045874 616.707019 1.814142
1003.081566 -7089.205567 865.520640 4435.189799 266.702227 616.572715 1.809597
1015.649768 -7127.094976 876.172007 4458.487606 268.618684 620.894667 1.597178
1000.111875 -7072.692330 862.907394 4426.042765 266.172815 616.386756 1.777152
1013.425812 -7116.489165 874.210201 4452.875412 268.269509 621.212003 1.555302
998.384258 -7063.957350 861.379051 4421.606561 265.914767 616.891742 1.727872
1011.442541 -7106.665247 872.456945 4447.717482 267.958199 621.576580 1.511140
996.864114 -7055.872869 860.030718 4417.542638 265.689300 617.430451 1.676608
989.497898 -7037.315425 853.900113 4407.150985 264.898785 616.333554 1.711699
995.727287 -7054.526846 859.013226 4417.449946 265.572173 618.498614 1.624906
993.203381 -7043.298493 856.837644 4411.061810 265.164331 618.055022 1.628067
991.269150 -7036.052837 855.171413 4407.077843 264.878096 617.975207 1.620456
989.346857 -7028.865442 853.515942 4403.125065 264.593117 617.893737 1.613030
981.482770 -7005.482127 846.942674 4389.824437 263.647416 616.354355 1.659414
987.143192 -7020.789132 851.578753 4398.907554 264.242167 618.270281 1.580205
984.681277 -7010.138191 849.460112 4392.865171 263.850054 617.850300 1.584520
977.070038 -6987.603539 843.102363 4380.076473 262.934124 616.385221 1.628659
988.893401 -7023.192232 853.058487 4401.497106 264.633691 620.196480 1.444596
994.966045 -7034.440496 858.021236 4408.058968 265.206454 621.714017 1.370609
994.580852 -7029.546604 857.662633 4405.425788 265.115204 621.818001 1.347931
989.290628 -7013.420825 853.268461 4396.469690 264.534595 620.960412 1.361553
996.492602 -7032.761646 859.214147 4407.868421 265.364130 623.186906 1.263350
984.861701 -6994.330271 849.368674 4385.391575 263.665251 620.229982 1.383011
983.961657 -6993.030932 848.605303 4384.956026 263.590157 620.634212 1.358249
977.238670 -6973.360879 843.007106 4373.929291 262.808773 619.441372 1.390234
977.115406 -6972.763803 842.869934 4373.813139 262.774117 619.880539 1.361389
981.603559 -6982.805951 846.525282 4379.625132 263.203878 621.187556 1.301102
979.642037 -6974.193929 844.851478 4374.813751 262.908109 620.911692 1.298828
978.036249 -6968.319171 843.482226 4371.618724 262.684765 620.873280 1.286734
986.938169 -6993.458222 850.961920 4386.631861 263.942448 623.587235 1.149064
986.547887 -6988.278101 850.602123 4383.792462 263.842660 623.607615 1.130558
976.599763 -6957.415444 842.212291 4365.960584 262.446991 621.366928 1.218160
975.702089 -6955.816186 841.453298 4365.317717 262.363514 621.701873 1.192380
969.711678 -6938.558558 836.476826 4355.757064 261.680097 620.722257 1.213917
974.082158 -6949.641950 840.047902 4362.137228 262.125364 622.055234 1.153669
972.366771 -6942.196505 838.586684 4357.991368 261.871066 621.840183 1.150437
970.931494 -6936.929002 837.366385 4355.146507 261.674703 621.822738 1.138762
969.512455 -6931.733401 836.159897 4352.340553 261.479908 621.806134 1.127184
39571.163460 -92718.245815 39406.761442 78201.948274 -1547.996047 14412.665311 927.912518
904.408033 -6811.429578 785.754931 4199.775729 269.697708 560.736989 19.217389
968.430178 -6923.454472 835.173593 4348.010404 261.251692 622.317542 1.071231
963.075175 -6908.929657 830.740277 4340.090286 260.668456 621.568972 1.082678
966.885049 -6918.303207 833.846346 4345.407188 261.043715 622.686398 1.032303
961.210373 -6901.167391 829.137568 4335.938781 260.387742 621.697899 1.054499
964.857738 -6910.064331 832.108771 4340.964230 260.742753 622.758304 1.006803
963.210816 -6903.328402 830.714073 4337.235906 260.508663 622.565962 1.003867
961.833175 -6898.459422 829.548380 4334.611559 260.324015 622.540765 0.992870
960.407423 -6893.475845 828.343063 4331.920800 260.133361 622.501460 0.982531
967.251052 -6911.837845 834.059111 4342.627650 261.042339 624.399296 0.890437
963.173154 -6898.532264 830.684308 4335.358678 260.583006 623.724882 0.899643
959.092747 -6848.599892 827.328495 4317.630555 260.019030 623.106051 0.923638
956.214121 -6905.927239 824.482571 4330.782154 259.506999 622.495650 0.927527
958.338352 -6882.483769 826.535236 4326.347907 259.811833 623.394092 0.888773
956.852777 -6876.518796 825.280635 4323.064809 259.604577 623.239251 0.885423
955.564820 -6872.043846 824.194084 4320.661144 259.434317 623.218548 0.874970
954.290739 -6867.621418 823.119116 4318.284598 259.265153 623.197375 0.864726
949.583870 -6854.731684 819.229437 4311.338042 258.750881 622.564478 0.869419
952.535867 -6861.524510 821.623908 4315.059264 259.017016 623.355182 0.837002
951.076384 -6855.840040 820.393240 4311.936299 258.814772 623.205106 0.834258
956.956394 -6871.117833 825.287114 4320.708842 259.564641 624.740559 0.764628
949.562820 -6848.556566 819.105122 4308.021097 258.592174 623.243262 0.814525
948.587954 -6846.229893 818.286517 4306.868488 258.479024 623.388872 0.795500
947.360660 -6842.057765 817.252888 4304.627246 258.316149 623.362153 0.786180
70467.993031 -111485.694590 69988.750174 92931.824057 7128.278543 16196.381497 1135.579878
903.703227 -6813.285025 781.580538 4240.307624 257.826642 585.456005 11.750083
941.707080 -6823.917686 812.551542 4294.924812 257.649487 622.882572 0.766748
941.513089 -6823.992550 812.375606 4295.078970 257.619149 623.187082 0.742439
947.439580 -6838.806629 817.287235 4303.416630 258.332105 624.586971 0.687121
947.769835 -6837.356981 817.537984 4302.597696 258.329690 624.712035 0.680096
944.886824 -6827.590633 815.080892 4296.961871 257.864123 624.151845 0.701658
943.839097 -6824.366001 814.202707 4295.267614 257.734474 624.185185 0.689726
948.897195 -6837.050231 818.396790 4302.424297 258.350328 625.418730 0.638855
942.568817 -6818.325878 813.124952 4292.038916 257.549369 624.249176 0.671291
938.962255 -6809.679902 810.160462 4287.568737 257.185912 623.955600 0.655341
941.285626 -6814.617598 812.035833 4290.160748 257.374668 624.511205 0.636851
943.310630 -6819.311559 813.741872 4293.020174 257.677247 625.171394 0.598405
943.748474 -6818.959340 814.085318 4292.833452 257.696953 625.374865 0.586445
938.549713 -6804.188149 809.754807 4284.693205 257.042285 624.517714 0.603690
938.244917 -6803.237317 809.488699 4284.236261 256.992660 624.699402 0.586719
940.295926 -6806.958157 811.139470 4286.117399 257.147490 625.130912 0.577662
939.165774 -6802.799910 810.193361 4283.875353 256.999755 625.055012 0.572817
938.138118 -6799.439341 809.333440 4282.096247 256.869454 625.050274 0.563198
937.091942 -6796.044934 808.458377 4280.297844 256.736939 625.039750 0.553739
936.085575 -6792.769659 807.616393 4278.563872 256.608951 625.034540 0.544136
940.313851 -6802.970396 811.108693 4284.202883 257.098065 625.989723 0.511876
934.893050 -6787.505215 806.610155 4275.764006 256.440739 625.092342 0.527854
934.031821 -6785.311973 805.891055 4274.655643 256.338353 625.178009 0.511931
930.783814 -6776.984390 803.225361 4270.351551 256.009460 624.870429 0.497620
930.374101 -6775.505667 802.872116 4269.572744 255.941203 624.973475 0.485779
937.030964 -6790.989547 808.331853 4277.808165 256.628944 626.180957 0.466849
936.724011 -6788.338360 808.066094 4276.348247 256.568905 626.168073 0.466263
931.817290 -6775.159708 804.002662 4269.246004 255.992657 625.464958 0.469939
935.771921 -6785.085115 807.262832 4274.687687 256.441794 626.369368 0.441293
930.899431 -6771.459247 803.228024 4267.325368 255.865569 625.617151 0.449193
934.779335 -6781.130859 806.424746 4272.609697 256.302591 626.490852 0.422843
930.046958 -6767.956032 802.508081 4265.508996 255.746567 625.773344 0.428909
929.324479 -6766.078630 801.905268 4264.563212 255.660033 625.856933 0.414393
928.488875 -6763.383336 801.207583 4263.144892 255.554146 625.862492 0.405387
925.694116 -6756.371894 798.919398 4259.576824 255.280062 625.636849 0.387109
927.322126 -6759.445574 800.223644 4261.064523 255.390211 625.957400 0.387082
930.761322 -6767.004918 803.049003 4265.105909 255.756412 626.617809 0.376358
926.360177 -6754.964914 799.412207 4258.665509 255.249316 625.985929 0.377263
929.864842 -6763.445737 802.291789 4263.231048 255.627891 626.728822 0.360304
925.594153 -6751.812255 798.764531 4257.023322 255.138822 626.127001 0.359746
924.925990 -6750.049785 798.207158 4256.130755 255.057401 626.198902 0.346743
924.188374 -6747.674364 797.591419 4254.883324 254.963140 626.210220 0.338457
923.439883 -6745.282755 796.966828 4253.627089 254.867696 626.218297 0.330283
926.671446 -6752.535802 799.616255 4257.469425 255.202635 626.834635 0.322954
922.667365 -6741.776177 796.313190 4251.763544 254.751067 626.296214 0.318837
920.299381 -6736.365084 794.379924 4249.090874 254.530639 626.181857 0.293699
920.005685 -6735.228136 794.125878 4248.479489 254.477333 626.257233 0.286301
921.364674 -6737.379782 795.209187 4249.436493 254.555747 626.470417 0.295196
920.615094 -6734.804426 794.584562 4248.070911 254.459624 626.446328 0.290019
919.906910 -6732.583666 793.994392 4246.907728 254.369996 626.453904 0.282228
919.201726 -6730.379342 793.406770 4245.752927 254.280704 626.460385 0.274540
918.500336 -6728.193604 792.822347 4244.607653 254.191832 626.465937 0.266956
921.338253 -6734.370627 795.142026 4247.819855 254.471771 626.970195 0.267064
921.212245 -6733.119087 795.028604 4247.130916 254.438225 627.012788 0.265463
921.164059 -6732.396480 794.979919 4246.741167 254.416420 627.102141 0.260434
921.138868 -6731.730846 794.950183 4246.380741 254.397082 627.193662 0.255607
917.767214 -6723.255057 792.177756 4241.977472 254.034883 626.828486 0.241122
917.240816 -6721.820868 791.738524 4241.247105 253.968481 626.886769 0.230992
915.192385 -6716.921428 790.069149 4238.832759 253.780461 626.775280 0.208086
914.958119 -6715.962474 789.865405 4238.309862 253.734602 626.838200 0.202971
919.339766 -6725.158859 793.423977 4242.873472 254.117725 627.422087 0.228352
916.086065 -6716.612171 790.751200 4238.428763 253.770243 627.034104 0.217091
918.704047 -6722.425138 792.885635 4241.413739 254.018852 627.491946 0.220581
918.669318 -6721.508491 792.847934 4240.900420 253.996063 627.542300 0.220055
918.689130 -6720.997332 792.855591 4240.616431 253.981676 627.629110 0.216668
917.375023 -6717.765596 791.788268 4239.062050 253.868534 627.608836 0.196723
916.105720 -6714.082670 790.724102 4237.035155 253.689858 627.475157 0.197870
914.347882 -6710.025009 789.295294 4235.076768 253.536156 627.413920 0.173507
914.198871 -6709.288988 789.162828 4234.670953 253.501118 627.480237 0.169596
915.311798 -6710.951790 790.046431 4235.356725 253.556711 627.623044 0.184976
914.827493 -6709.253974 789.643181 4234.466028 253.494110 627.630843 0.180559
914.370522 -6707.776749 789.262470 4233.699694 253.435304 627.658116 0.174490
912.673371 -6703.824667 787.883792 4231.795002 253.287693 627.595608 0.150520
913.725668 -6705.505316 788.718163 4232.498768 253.338472 627.740601 0.165051
914.743197 -6707.490411 789.553972 4233.566631 253.447916 627.973896 0.161030
916.206706 -6709.831772 790.723137 4234.578195 253.535154 628.138830 0.181578
913.582541 -6703.379067 788.576120 4231.310290 253.272418 627.902743 0.162399
913.195020 -6702.295308 788.253330 4230.763720 253.223483 627.957858 0.154495
912.777480 -6700.952665 787.905792 4230.070228 253.170035 627.986503 0.148859
912.368474 -6699.636473 787.565313 4229.390373 253.117546 628.015290 0.143321
911.955778 -6698.319152 787.221955 4228.710483 253.064927 628.042851 0.137779
911.547195 -6697.018821 786.882072 4228.039620 253.012901 628.070121 0.132284
911.144083 -6695.737058 786.546739 4227.378277 252.961523 628.097065 0.126876
910.739381 -6694.458766 786.210232 4226.719175 252.910196 628.123046 0.121474
910.343558 -6693.206484 785.881034 4226.073220 252.859794 628.149086 0.116192
-14904.511257 -10294.343706 -15030.875822 6079.024150 -6010.837923 107.848328 -164.682763
903.609716 -6691.251136 780.073477 4225.472504 251.176597 628.679122 0.151635
909.623670 -6690.453642 785.274469 4224.631538 252.751797 628.271083 0.104904
909.251711 -6689.275327 784.965096 4224.023969 252.704193 628.296997 0.099956
908.882801 -6688.109686 784.658280 4223.423000 252.656978 628.322459 0.095080
908.515647 -6686.953878 784.352980 4222.827390 252.610056 628.347413 0.090247
908.151363 -6685.810301 784.050099 4222.238264 252.563522 628.371959 0.085475
907.789582 -6684.678109 783.749339 4221.655181 252.517356 628.396049 0.080764
907.427735 -6683.551945 783.448624 4221.075558 252.471348 628.419457 0.076082
907.070716 -6682.441872 783.151910 4220.504083 252.425891 628.442541 0.071490
906.713697 -6681.337334 782.855280 4219.935657 252.380572 628.464860 0.066933
908.428008 -6684.600547 784.238451 4221.473459 252.512205 628.671601 0.086995
908.430294 -6684.095177 784.232881 4221.177068 252.496105 628.709175 0.088854
906.441559 -6679.549662 782.613829 4218.954725 252.312945 628.587580 0.064543
906.142477 -6678.700233 782.364738 4218.523769 252.274175 628.626743 0.059180
905.828412 -6677.709706 782.103474 4218.013514 252.233460 628.650855 0.055169
905.521258 -6676.737947 781.847838 4217.512300 252.193347 628.674741 0.051312
905.213064 -6675.769438 781.591465 4217.013289 252.153335 628.697993 0.047446
904.905296 -6674.807754 781.335542 4216.518242 252.113548 628.720802 0.043583
903.765188 -6672.326292 780.414926 4215.376621 252.024869 628.712210 0.020296
904.475159 -6673.298889 780.972189 4215.716657 252.045949 628.776886 0.039446
904.162635 -6672.280778 780.712721 4215.190009 252.006023 628.790690 0.036408
903.859818 -6671.350398 780.461183 4214.712351 251.967331 628.812065 0.032623
903.556391 -6670.423709 780.209236 4214.236956 251.928739 628.832814 0.028842
905.021555 -6673.100428 781.386750 4215.454952 252.031316 628.985922 0.051590
905.029959 -6672.692555 781.386605 4215.209574 252.016548 629.017730 0.054143
903.335814 -6668.933669 780.011304 4213.407768 251.868233 628.935690 0.029160
903.079509 -6668.202072 779.797877 4213.036204 251.834641 628.968516 0.024911
902.814360 -6667.372945 779.577306 4212.609626 251.799909 628.990404 0.021714
902.552789 -6666.555547 779.359693 4212.189008 251.765581 629.012033 0.018591
902.290715 -6665.741823 779.141763 4211.770728 251.731381 629.033171 0.015460
903.654552 -6668.181088 780.235622 4212.859123 251.822076 629.164055 0.039436
902.076567 -6664.650275 778.956212 4211.173906 251.686720 629.087390 0.015440
903.428507 -6667.129531 780.040051 4212.284749 251.775951 629.222218 0.038911
903.460848 -6666.813561 780.059522 4212.085149 251.763586 629.252130 0.042215
901.969786 -6663.562027 778.851315 4210.547786 251.637484 629.193595 0.017698
901.767228 -6662.955354 778.681919 4210.237062 251.609175 629.225186 0.014582
901.558579 -6662.272201 778.507642 4209.883154 251.580114 629.247960 0.012346
902.842000 -6664.522382 779.535054 4210.867873 251.661242 629.361012 0.037410
901.424416 -6661.390066 778.387324 4209.388732 251.542906 629.303107 0.013970
902.692993 -6663.665719 779.402393 4210.388736 251.622407 629.419390 0.038502
901.319966 -6660.641587 778.291187 4208.965069 251.508689 629.366448 0.015275
901.151426 -6660.112769 778.149619 4208.692077 251.483670 629.397538 0.012871
900.977454 -6659.517822 778.003764 4208.381988 251.458136 629.420933 0.011209
900.246492 -6657.678285 780.454050 4213.185191 251.036554 629.135575 0.009591
901.031797 -6659.165243 778.030122 4208.603368 251.434497 629.705398 0.007958
900.469988 -6657.783736 777.578307 4207.478088 251.383562 629.489748 0.006448
899.705913 -6656.200714 776.964555 4206.781618 251.330593 629.505524 -0.013537
900.260071 -6656.896304 777.397023 4206.991743 251.341075 629.538168 0.006696
899.509516 -6655.315001 776.794350 4206.293440 251.289343 629.550704 -0.012679
900.045266 -6655.978444 777.212096 4206.489568 251.298668 629.581479 0.007337
-18767.322959 -12203.067618 -18684.790435 8458.825137 -7138.225574 1008.923426 -100.103461
892.637631 -6655.218797 770.894274 4204.420654 249.562134 628.784474 -0.051904
899.656280 -6654.485637 776.882264 4205.691720 251.232877 629.641859 0.006516
898.942098 -6653.029294 776.309329 4205.058804 251.184927 629.660400 -0.013096
899.436782 -6653.623496 776.694317 4205.225421 251.191847 629.686926 0.006417
899.267571 -6653.056623 776.553341 4204.932846 251.168686 629.704462 0.005031
899.100957 -6652.526093 776.414499 4204.660930 251.145935 629.725260 0.003234
898.936363 -6652.002631 776.277341 4204.392685 251.123448 629.745852 0.001471
898.258606 -6650.636408 775.734130 4203.804159 251.078982 629.765847 -0.017786
898.717964 -6651.172543 776.090984 4203.946230 251.083920 629.788274 0.001291
898.551834 -6650.631185 775.952838 4203.668492 251.061705 629.805214 -0.000186
898.389478 -6650.124916 775.817762 4203.410306 251.039947 629.825062 -0.001997
898.227645 -6649.622816 775.683178 4203.154512 251.018371 629.844636 -0.003816
898.069443 -6649.130569 775.551571 4202.903527 250.997175 629.864036 -0.005566
897.909930 -6648.639028 775.418991 4202.653439 250.976052 629.883099 -0.007373
897.282454 -6647.394635 774.916765 4202.124204 250.936319 629.904575 -0.026096
897.694758 -6647.854626 775.236196 4202.234526 250.938732 629.921676 -0.007694
897.535016 -6647.351250 775.103686 4201.978290 250.918024 629.937707 -0.009278
897.379756 -6646.879681 774.974795 4201.739387 250.897769 629.956136 -0.011106
897.783979 -6647.513474 775.297287 4202.008557 250.920999 630.008112 -0.003150
896.903018 -6645.697579 774.587891 4201.191232 250.855425 629.999692 -0.022899
897.293722 -6646.135831 774.890255 4201.295150 250.856972 630.015663 -0.004971
897.147072 -6645.670970 774.768505 4201.058117 250.837709 630.031485 -0.006322
896.998035 -6645.224035 774.644927 4200.832601 250.818560 630.049464 -0.008117
896.850007 -6644.781883 774.522215 4200.609701 250.799596 630.067257 -0.009908
896.705129 -6644.347729 774.402058 4200.390559 250.780899 630.084830 -0.011615
896.557633 -6643.912386 774.279909 4200.171847 250.762258 630.102257 -0.013460
896.408634 -6643.477767 774.156646 4199.954278 250.743711 630.119539 -0.015401
895.866275 -6642.431530 773.723523 4199.519240 250.711442 630.142734 -0.032880
895.810711 -6642.164641 773.674109 4199.367174 250.696752 630.159473 -0.031519
896.146770 -6642.493986 773.933192 4199.423763 250.695652 630.167616 -0.014289
895.999350 -6642.057402 773.811447 4199.205179 250.677669 630.182486 -0.016034
63980.947975 -101045.920854 63516.919936 84303.034361 6569.058134 14804.234669 1018.235484
890.681881 -6637.362262 769.476081 4191.434317 250.545295 626.003397 1.202035
895.566731 -6640.824595 773.454165 4198.592070 250.625041 630.231486 -0.021890
895.423827 -6640.421044 773.336225 4198.391870 250.607818 630.247417 -0.023853
895.282135 -6640.021945 773.219301 4198.193969 250.590772 630.263116 -0.025800
894.778863 -6639.074051 772.818112 4197.807064 250.562371 630.286711 -0.042894
894.717299 -6638.815639 772.764419 4197.662838 250.548407 630.301241 -0.041837
895.006358 -6639.079112 772.986384 4197.695462 250.545395 630.305787 -0.025746
894.862863 -6638.675084 772.868310 4197.495981 250.528812 630.319488 -0.027698
894.720910 -6638.287809 772.751493 4197.305901 250.512436 630.334461 -0.029836
894.578863 -6637.902606 772.634650 4197.117144 250.496160 630.349199 -0.031995
894.100955 -6637.015804 772.254090 4196.759428 250.470086 630.372767 -0.048756
894.366438 -6637.257843 772.457456 4196.787096 250.466228 630.376924 -0.033476
894.224863 -6636.870173 772.341178 4196.597252 250.450344 630.389957 -0.035532
894.080968 -6636.491361 772.223099 4196.413479 250.434488 630.404096 -0.037881
894.663733 -6637.335770 772.681823 4196.710330 250.454068 630.422124 -0.016139
893.940899 -6635.967431 772.104334 4196.135599 250.410190 630.431492 -0.037493
894.512629 -6636.805316 772.554127 4196.430954 250.428913 630.449856 -0.016065
893.810332 -6635.481080 771.993254 4195.876889 250.386736 630.460144 -0.037091
894.373047 -6636.300852 772.435736 4196.163351 250.404661 630.477037 -0.015663
893.691164 -6635.019789 771.891358 4195.629343 250.364125 630.488166 -0.036341
893.573047 -6634.710164 771.794058 4195.478578 250.350279 630.503193 -0.038234
894.118333 -6635.484077 772.222510 4195.742251 250.366843 630.516375 -0.016751
893.464539 -6634.262977 771.700828 4195.236133 250.328564 630.528586 -0.036952
893.353696 -6633.969689 771.609428 4195.092905 250.315340 630.543164 -0.038649
892.958974 -6633.256074 771.295820 4194.812539 250.295349 630.566473 -0.053508
892.910487 -6633.053453 771.253438 4194.699043 250.284037 630.577556 -0.052319
893.761673 -6634.258524 771.920787 4195.093429 250.306574 630.574671 -0.015361
893.144003 -6633.111212 771.428456 4194.621956 250.271532 630.587752 -0.034976
893.037908 -6632.833613 771.341084 4194.487182 250.259110 630.601810 -0.036666
892.932270 -6632.547848 771.254141 4194.347622 250.246807 630.614363 -0.038179
892.827256 -6632.264849 771.167735 4194.209561 250.234628 630.626744 -0.039693
892.722408 -6631.983867 771.081504 4194.072714 250.222554 630.638960 -0.041228
892.618403 -6631.705947 770.995980 4193.937447 250.210605 630.651002 -0.042753
893.089151 -6632.348781 771.364674 4194.143350 250.222211 630.657262 -0.022461
892.270182 -6630.965185 770.716447 4193.619137 250.186264 630.683765 -0.053901
892.227023 -6630.794524 770.678684 4193.523350 250.176126 630.694470 -0.052843
892.181431 -6630.607185 770.639077 4193.418820 250.165997 630.703343 -0.051646
892.680679 -6631.283805 771.029673 4193.630613 250.177342 630.705326 -0.029255
892.974496 -6631.576421 771.255899 4193.677645 250.175533 630.701088 -0.011865
892.440928 -6549.355910 770.831490 4193.296712 250.147486 630.718380 -0.030312
892.110936 -6630.459544 770.569196 4193.081517 250.132330 630.742154 -0.043923
892.300134 -6630.201635 770.713909 4193.082644 250.126933 630.740571 -0.030945
892.206752 -6629.950916 770.637226 4192.961005 250.116385 630.751441 -0.032289
892.111694 -6629.704161 770.559248 4192.842361 250.105859 630.762847 -0.033821
892.021127 -6629.466027 770.484851 4192.727268 250.095590 630.774047 -0.035196
891.934955 -6629.236181 770.413959 4192.615557 250.085569 630.785027 -0.036412
892.111159 -6629.453347 770.551699 4192.681925 250.089304 630.797760 -0.029332
892.154786 -6629.411735 770.582713 4192.632019 250.083035 630.804120 -0.024600
891.934957 -6628.929090 770.404449 4192.408924 250.063444 630.809525 -0.028468
891.639423 -6628.423639 770.170631 4192.221063 250.050684 630.831816 -0.041022
891.600773 -6628.270259 770.137031 4192.135812 250.042006 630.840446 -0.040015
891.559542 -6628.110347 770.101457 4192.047842 250.033350 630.848604 -0.039075
891.517161 -6627.950032 770.065017 4191.960180 250.024745 630.856752 -0.038218
891.473418 -6627.789092 770.027551 4191.872797 250.016196 630.864910 -0.037458
-20788.888342 -13293.270136 -20912.144166 8368.280448 -7977.999694 326.276109 -170.268592
890.178113 -6628.318479 768.870781 4191.833961 249.556907 630.753933 -0.020679
892.004914 -6628.272945 770.435120 4191.928020 250.009023 630.866597 -0.004535
891.567067 -6627.525731 770.088189 4191.643907 249.988841 630.886921 -0.021471
891.484918 -6627.324379 770.020972 4191.549126 249.980129 630.898092 -0.023051
891.216419 -6626.873659 769.808936 4191.385329 249.969407 630.919494 -0.034961
891.174413 -6626.727069 769.773075 4191.306507 249.961471 630.927664 -0.034377
891.722972 -6627.425872 770.199598 4191.496013 249.967802 630.912346 -0.005227
891.308151 -6626.718366 769.871278 4191.228876 249.949465 630.931876 -0.021571
891.228389 -6626.526686 769.806148 4191.139524 249.941300 630.942645 -0.023199
891.149022 -6626.332318 769.741381 4191.048554 249.933247 630.952692 -0.024751
890.896859 -6625.915256 769.542471 4190.899276 249.923692 630.973404 -0.036225
891.026588 -6625.997771 769.640162 4190.883474 249.917773 630.970264 -0.025920
900.007678 -6694.882670 780.915611 4261.799647 251.934580 651.997262 -0.027522
891.163478 -6625.425508 769.730868 4190.525768 249.883392 630.945036 -0.029182
890.622719 -6625.214221 769.317656 4190.563868 249.893257 631.009682 -0.040514
890.743834 -6625.287682 769.408687 4190.546255 249.887315 631.006329 -0.030626
890.502971 -6624.893509 769.218910 4190.407025 249.878674 631.026125 -0.041814
890.457360 -6624.755517 769.180648 4190.335817 249.871609 631.033442 -0.041702
890.411369 -6624.615782 769.142131 4190.263844 249.864617 631.040430 -0.041586
890.520223 -6624.672928 769.223672 4190.241697 249.858617 631.036910 -0.032281
890.783937 -6624.982134 769.427946 4190.315397 249.859861 631.032543 -0.017563
890.764476 -6624.881119 769.410427 4190.257191 249.854030 631.039119 -0.016411
890.259347 -6624.117075 769.013985 4190.003863 249.839542 631.070064 -0.040746
890.216141 -6623.991301 768.977782 4189.939515 249.832955 631.077395 -0.040728
890.171669 -6623.859727 768.940641 4189.872370 249.826434 631.084072 -0.040697
890.126015 -6623.727574 768.902610 4189.805439 249.819965 631.090752 -0.040753
890.222576 -6623.772942 768.974698 4189.781590 249.814060 631.087217 -0.032126
890.143921 -6623.598759 768.911127 4189.704157 249.807480 631.095996 -0.034151
890.065807 -6623.428289 768.848003 4189.628770 249.800976 631.104897 -0.036214
889.986881 -6623.257847 768.784280 4189.553829 249.794535 631.113757 -0.038350
890.078545 -6623.349925 768.854954 4189.571248 249.794217 631.118540 -0.033408
890.220096 -6623.458433 768.962229 4189.566780 249.789302 631.112440 -0.022440
890.198464 -6623.365841 768.943277 4189.514988 249.784035 631.118434 -0.021604
890.046530 -6623.116908 768.823606 4189.428207 249.778674 631.134407 -0.029015
889.895112 -6622.823750 768.702164 4189.304357 249.768190 631.142524 -0.033231
889.697291 -6622.516981 768.546802 4189.202277 249.762269 631.160708 -0.043187
890.068250 -6622.948600 768.833229 4189.296256 249.761866 631.143068 -0.020351
889.767839 -6622.474853 768.596867 4189.132436 249.751807 631.162460 -0.034163
889.700655 -6622.330693 768.542558 4189.069131 249.746171 631.170796 -0.035971
889.633783 -6622.185785 768.488531 4189.005355 249.740616 631.178758 -0.037744
889.445656 -6621.896874 768.340909 4188.910454 249.735276 631.196190 -0.047367
889.524607 -6621.930103 768.399558 4188.887342 249.729743 631.192527 -0.039822
889.722399 -6622.145374 768.551929 4188.928431 249.728706 631.186105 -0.027454
889.586066 -6621.924993 768.444716 4188.852973 249.724275 631.200530 -0.034281
889.449907 -6621.667702 768.335746 4188.746446 249.715373 631.208474 -0.038338
889.528451 -6621.742594 768.396029 4188.757431 249.714458 631.211327 -0.033663
889.648411 -6621.829517 768.486648 4188.749209 249.709584 631.204995 -0.023821
889.632269 -6621.755372 768.472277 4188.706812 249.705106 631.209828 -0.022916
889.507334 -6621.555638 768.374047 4188.639208 249.701100 631.223804 -0.029280
899.159612 -6688.012154 780.124025 4257.129812 251.656952 651.579631 -0.026734
889.710196 -6621.501553 768.526569 4188.501000 249.691907 631.195739 -0.016962
889.330667 -6621.159670 768.230736 4188.460411 249.685011 631.243665 -0.033047
889.298609 -6621.070754 768.204032 4188.415839 249.680458 631.249201 -0.033111
889.268070 -6620.982376 768.178539 4188.371021 249.675979 631.254321 -0.033060
889.239100 -6620.896673 768.154285 4188.327177 249.671564 631.259300 -0.032936
889.211714 -6620.813653 768.131282 4188.284307 249.667211 631.264139 -0.032737
889.185923 -6620.733325 768.109539 4188.242412 249.662921 631.268842 -0.032464
889.161742 -6620.655697 768.089066 4188.201491 249.658694 631.273410 -0.032116
889.139183 -6620.580778 768.069873 4188.161545 249.654529 631.277844 -0.031692
889.118261 -6620.508575 768.051972 4188.122574 249.650426 631.282149 -0.031191
889.098988 -6620.439097 768.035371 4188.084578 249.646386 631.286325 -0.030613
889.081377 -6620.372353 768.020082 4188.047558 249.642408 631.290375 -0.029957
-18670.742421 -12211.604253 -18586.298667 8414.849218 -7098.895824 1010.735408 -99.284893
887.978554 -6620.130583 767.080281 4187.804044 249.385447 631.219166 -0.033302
889.038653 -6620.188603 767.982184 4187.942349 249.630845 631.301791 -0.027514
889.027826 -6620.132876 767.972241 4187.909232 249.627114 631.305358 -0.026539
889.018727 -6620.079925 767.963661 4187.877090 249.623444 631.308811 -0.025483
889.011371 -6620.029757 767.956454 4187.845925 249.619836 631.312151 -0.024346
889.005770 -6619.982381 767.950629 4187.815736 249.616290 631.315380 -0.023125
889.001939 -6619.937805 767.946197 4187.786524 249.612804 631.318501 -0.021822
888.999889 -6619.896039 767.943169 4187.758288 249.609380 631.321515 -0.020435
888.999635 -6619.857090 767.941553 4187.731030 249.606016 631.324426 -0.018963
889.001189 -6619.820967 767.941361 4187.704749 249.602714 631.327234 -0.017407
889.004565 -6619.787678 767.942603 4187.679446 249.599472 631.329943 -0.015764
889.009777 -6619.757232 767.945289 4187.655120 249.596291 631.332555 -0.014036
889.016837 -6619.729638 767.949429 4187.631772 249.593170 631.335072 -0.012220
884.756024 -6614.744846 764.662798 4186.594689 249.605965 631.696849 -0.297154
