66.486435 33.593721 60.797807 1088.402993 28.906898 329.698322 -30.077900
109.740514 -733.053395 103.942246 1549.318251 31.370392 283.203562 -24.734329
-47.066676 -1625.459495 -45.458358 1406.929962 -11.112903 -306.481351 -19.437248
30.841985 -606.101883 36.189199 977.729895 9.746141 -125.059413 -14.452712
19.849546 -817.680565 28.667511 955.862201 3.758221 -265.728273 -9.857203
9.590226 -1015.334883 21.622972 936.737337 -1.996977 -398.358261 -5.684813
0.639877 -1197.075315 15.641155 924.380002 -7.241218 -517.929872 -1.970216
-7.807907 -1367.710657 9.893805 911.455410 -12.386311 -632.903592 1.280401
-15.365620 -1524.141750 4.780437 900.098665 -17.198462 -739.654152 4.103877
-21.973715 -1666.196039 0.368114 890.054360 -21.642421 -838.158612 6.498768
-27.604139 -1793.926506 -3.306002 880.999078 -25.689994 -928.577795 8.473752
-32.230554 -1907.485766 -6.206534 872.627162 -29.312665 -1011.112968 10.033147
-35.827437 -2007.123612 -8.299097 864.656192 -32.481100 -1086.000225 11.176817
-38.370977 -2093.200372 -9.550882 856.839353 -35.165477 -1153.509486 11.901434
-39.841809 -2166.210106 -9.932883 848.982569 -37.336732 -1213.945488 12.202748
-40.771046 -2226.903253 -10.006752 841.693491 -38.693789 -1267.648600 12.078583
-39.100182 -2275.896906 -7.416702 831.990681 -40.325359 -1314.993748 11.532257
-37.797308 -2314.290725 -5.724499 824.421458 -40.544928 -1356.386360 10.576064
-35.060360 -2343.418312 -2.588259 816.159720 -40.482338 -1392.254853 9.234356
-31.418080 -2364.583582 1.318067 808.266431 -39.874156 -1423.040038 7.545649
-26.994948 -2379.285536 5.886506 801.141694 -38.759214 -1449.182569 5.563247
-21.945281 -2389.093614 10.979629 795.265984 -37.194013 -1471.110216 3.353974
-16.442343 -2395.591810 16.441623 791.174488 -35.249108 -1489.226959 0.994952
-10.662442 -2400.328555 22.114739 789.430506 -33.002986 -1503.905583 -1.431245
-4.766793 -2404.780362 27.858157 790.602540 -30.534437 -1515.484664 -3.842346
14.340111 -2268.360519 45.047600 741.171531 -22.256353 -1489.795933 -11.853975
9.034459 -2276.239113 38.653914 754.948788 -23.630418 -1489.122778 -11.530077
10.868244 -2355.087749 41.477391 815.326279 -22.251888 -1488.661129 -10.688466
12.680672 -2476.578832 44.579942 877.238302 -21.243671 -1512.601684 -9.897895
15.117254 -2587.904244 48.306247 945.924825 -19.854586 -1523.943091 -8.880523
-0.888162 -2925.153530 34.787220 1081.549203 -25.818597 -1603.512579 -3.317732
30.888484 -2823.877574 68.088750 1116.661906 -12.979749 -1526.290263 -7.323901
18.672891 -2993.042079 56.045257 1251.429041 -16.650509 -1513.575685 -3.354051
32.983535 -3140.998044 72.881969 1285.365251 -10.707532 -1568.486888 -4.881087
33.064004 -3237.185117 73.599635 1318.963835 -9.995641 -1587.933839 -3.753131
37.651107 -3367.873186 79.672587 1371.112133 -7.520374 -1611.939095 -2.926041
43.109280 -3490.227550 86.515737 1420.115000 -4.616971 -1633.511193 -2.346553
49.462588 -3604.256887 94.169741 1465.448745 -1.286183 -1653.092247 -1.984834
56.334143 -3712.138804 102.265802 1509.669836 2.313370 -1669.726585 -1.690643
64.316866 -3814.271977 111.472293 1551.179689 6.394244 -1685.094103 -1.548903
72.911367 -3910.645384 121.247404 1590.988655 10.755130 -1698.258818 -1.449959
82.351996 -4003.730199 131.888269 1630.103805 15.468191 -1709.838313 -1.384325
92.627913 -4094.223610 143.393932 1668.749008 20.517966 -1720.039062 -1.337990
103.782221 -4182.393935 155.816301 1707.468577 25.913264 -1728.571952 -1.302693
87.966632 -4606.618198 141.238822 1930.812390 21.018333 -1770.217355 4.040434
140.922518 -4426.867436 198.168844 1858.299738 41.743971 -1723.798696 -0.486279
143.914739 -4461.881026 200.375752 1861.937124 44.793027 -1730.491113 -0.759385
158.878023 -4553.078917 216.867106 1906.777953 51.634778 -1734.748552 -0.792234
163.258990 -4752.074474 222.244781 2077.827661 54.846783 -1695.675747 1.929601
197.815433 -4868.174202 261.017413 2092.742912 68.383324 -1739.937827 -0.051072
197.686460 -4985.131226 260.208505 2216.880098 70.353432 -1692.364046 2.245202
234.316355 -5101.016781 301.189990 2233.901829 84.452142 -1733.502584 0.217568
243.958159 -5118.390591 310.885058 2239.512642 90.297230 -1726.240169 -0.353124
271.520170 -5202.302190 340.532565 2284.118309 101.189278 -1724.387144 -0.682309
291.067188 -5301.302603 361.369306 2344.801274 109.996509 -1718.714659 -1.216529
314.346105 -5393.027848 386.327532 2400.297474 120.005742 -1712.293891 -1.791758
338.587304 -5482.303020 412.222051 2455.356973 130.356395 -1704.441649 -2.455825
363.621050 -5569.063216 438.864082 2509.851926 140.972269 -1695.184448 -3.190810
389.355558 -5653.262036 466.155794 2563.744633 151.798153 -1684.491374 -3.983043
415.707111 -5734.188149 494.003963 2616.718214 162.781337 -1672.207290 -4.827434
442.526370 -5812.055130 522.251974 2668.665234 173.835479 -1658.514558 -5.708723
469.642423 -5886.522972 550.715627 2719.563016 184.865264 -1643.254448 -6.611018
496.969411 -5956.939586 579.306395 2768.837999 195.800504 -1626.526178 -7.536983
524.055851 -6026.647386 607.556087 2818.372456 206.427384 -1608.654697 -8.412621
1173.447067 -6976.663471 1286.912633 3361.806098 413.952162 -1674.278054 6.219479
787.198790 -7089.136730 903.185144 3631.859471 300.320054 -1516.776299 0.602662
617.682519 -6307.075751 706.127131 3049.026554 240.467166 -1528.105088 -10.851314
612.620205 -6433.121477 698.476625 3207.497292 239.065357 -1458.905531 -8.788624
666.922558 -6491.243271 757.092657 3202.968566 256.534147 -1470.660380 -11.353135
674.362292 -6477.274878 762.785549 3199.625476 259.045464 -1447.120795 -11.922888
694.962620 -6538.917697 783.589992 3252.681145 264.925700 -1419.109964 -12.484346
713.662346 -6596.812885 802.256884 3304.358498 269.783071 -1389.764144 -13.068214
710.292342 -7122.011732 798.190395 3701.127944 268.007525 -1338.439929 -7.879881
765.330031 -6890.482491 856.543513 3635.894720 279.397446 -1253.290506 -11.968649
776.531472 -6903.619470 866.376651 3599.966836 282.856364 -1263.938978 -14.123055
765.674675 -6880.581443 851.950175 3595.536687 277.871522 -1235.060699 -14.836565
773.964320 -7236.015102 859.833466 3814.214298 280.262148 -1223.261261 -12.463380
791.948891 -6876.123515 876.982709 3636.730834 277.775855 -1158.504604 -16.987250
763.885811 -6945.973954 843.904502 3700.699279 267.962046 -1124.784028 -17.809439
755.839558 -6969.019331 833.211024 3733.422137 261.975601 -1089.805410 -18.705506
743.256236 -6984.238922 817.599968 3759.915995 254.528262 -1055.450301 -19.630073
734.485299 -7239.550716 806.492891 4038.880634 249.022548 -955.537566 -18.471368
738.285361 -7124.072558 809.190040 3910.198349 243.643933 -968.693182 -20.838713
694.020210 -7062.732380 758.851824 3876.468858 228.723204 -942.463633 -21.744200
668.725842 -7050.894995 729.711095 3880.984248 217.684267 -911.599910 -22.543318
641.236173 -7030.095064 698.298007 3877.375634 206.200898 -882.764566 -23.260190
612.548157 -7003.097660 665.702780 3867.335305 194.654901 -856.124462 -23.856459
583.852905 -6970.550724 633.215907 3851.074453 183.440026 -831.930946 -24.312454
556.415963 -6934.289148 602.193241 3829.989014 172.972945 -810.143144 -24.621948
531.339327 -6895.999774 573.806750 3804.941053 163.598091 -790.970901 -24.781711
509.697293 -6857.315664 549.187112 3777.259768 155.628249 -774.266707 -24.798356
492.193386 -6820.172323 529.061484 3748.264357 149.250686 -759.980104 -24.684018
479.321884 -6786.115030 513.927109 3719.298498 144.569345 -747.854547 -24.460261
471.313817 -6757.054066 503.997944 3692.186666 141.595270 -737.427757 -24.153961
467.793146 -6734.631968 498.843617 3668.085697 140.171854 -728.515676 -23.787318
597.989618 -7254.222386 635.177482 4172.104352 173.958917 -581.795574 -24.182175
510.197363 -6796.902326 540.619426 3719.467857 152.019046 -688.870548 -23.188751
511.753726 -6841.725842 540.812081 3747.185003 151.696073 -673.816565 -22.848918
522.246447 -6861.219126 550.257191 3752.953349 154.623295 -663.798146 -22.542906
533.652210 -6888.807023 560.601116 3764.695256 157.850299 -653.303485 -22.265857
545.152229 -6923.219832 570.983934 3781.567211 161.140945 -642.286966 -22.017080
579.543767 -7252.474884 605.322556 4005.905212 170.950618 -601.687628 -21.008192
563.264750 -6885.695051 586.378132 3731.384694 166.571714 -636.289123 -21.744657
570.343855 -7018.737063 592.106714 3832.473019 168.543024 -607.674174 -21.541699
579.053407 -7077.619951 599.418652 3869.843769 171.171729 -592.560123 -21.370725
586.301763 -7138.548815 605.189524 3909.539127 173.411188 -576.562098 -21.209712
592.100089 -7201.258280 609.445514 3951.313997 175.264997 -559.705076 -21.050883
596.361520 -7264.268402 612.112335 3993.849060 176.710923 -542.300986 -20.885479
599.350028 -7326.822818 613.474803 4036.778665 177.799771 -524.321100 -20.716580
601.383521 -7389.639287 613.870653 4080.633827 178.601429 -505.670239 -20.540714
602.373550 -7450.277523 613.220500 4123.287354 179.091139 -486.899704 -20.352733
602.738278 -7509.858005 611.959536 4165.637372 179.355452 -467.841186 -20.152533
602.576635 -7567.266201 610.194636 4206.634906 179.415556 -448.818432 -19.937433
601.873017 -7621.296425 607.915999 4245.046164 179.270718 -430.266192 -19.700718
601.746793 -7675.345402 606.250989 4284.581756 179.147186 -410.943459 -19.476808
691.845909 -7990.097299 694.817692 4651.542776 196.353407 -264.183628 -23.187269
618.537762 -7825.328049 620.039578 4426.028621 182.586845 -343.879383 -19.908976
619.562943 -7878.215007 619.581273 4463.052671 181.700042 -327.212333 -19.629179
620.331195 -7922.504987 618.881453 4496.619244 181.397135 -308.572399 -19.412531
621.153449 -7962.909401 618.256067 4526.988276 181.066474 -290.825498 -19.181997
622.096429 -7999.919471 617.768963 4554.582877 180.733060 -273.886779 -18.939810
635.087264 -8221.893651 629.201491 4709.538344 183.501900 -234.308150 -17.923546
619.082575 -7974.563883 611.991644 4529.147336 178.956711 -259.374596 -18.602062
680.872495 -8202.257763 671.058545 4824.954202 187.482262 -128.204863 -22.133957
636.694063 -8133.575774 626.563318 4685.605729 181.004531 -187.699724 -18.863101
638.858202 -8153.111667 627.317526 4694.609358 180.486153 -179.187614 -18.579075
641.113028 -8177.851167 628.176250 4712.961269 180.353377 -165.194580 -18.343154
690.112660 -8279.755184 674.232062 4898.019012 185.531219 -63.677342 -21.850640
655.958839 -8260.635450 639.934708 4805.660264 181.569241 -110.044013 -18.719985
658.842985 -8270.240385 641.392252 4807.236667 181.266130 -103.620286 -18.499000
661.892906 -8291.691422 643.022037 4824.206336 181.282897 -90.024523 -18.311935
566.935343 -8185.809069 548.929865 4723.793757 168.858687 -104.511960 -18.145863
734.766336 -8210.242008 710.655192 4743.334197 189.166825 -95.049627 -17.969303
681.877551 -8510.802352 658.304479 4984.051612 184.187162 -27.261347 -17.059702
670.794827 -8302.235653 646.402722 4832.083116 180.759585 -51.242466 -17.782895
676.435241 -8359.660108 650.521673 4884.853489 181.287671 -27.357171 -17.591474
679.786585 -8376.921944 652.466443 4899.292895 181.468272 -14.789226 -17.419026
683.128634 -8393.122311 654.405670 4913.080233 181.660998 -2.416895 -17.250159
686.473579 -8408.776717 656.351520 4926.564344 181.872422 9.828726 -17.081207
689.744576 -8423.373637 658.232275 4939.232358 182.092961 21.768692 -16.909459
692.976930 -8436.906385 660.081512 4951.195483 182.322148 33.477923 -16.739240
696.176081 -8449.989741 661.905439 4962.799177 182.569426 44.989170 -16.564135
699.346580 -8462.195314 663.708310 4973.795452 182.828213 56.279821 -16.389276
702.462537 -8473.420322 665.466590 4984.083843 183.095727 67.312072 -16.213718
705.511845 -8483.975737 667.170206 4993.778922 183.377343 78.058703 -16.032235
708.543883 -8493.555510 668.864543 5002.849363 183.667395 88.603434 -15.854049
711.515080 -8502.280948 670.510344 5011.264212 183.967598 98.882371 -15.673588
723.743404 -8646.537044 680.778762 5114.739140 186.693459 130.202292 -14.785475
713.539534 -8464.476532 670.178856 4981.608756 183.814404 106.461926 -15.449043
718.703045 -8502.742153 673.879630 5019.412994 184.531198 125.633781 -15.244294
721.597278 -8509.484939 675.494672 5026.294372 184.894232 135.113146 -15.056264
724.440646 -8515.547190 677.072250 5032.610713 185.269719 144.334426 -14.865308
739.093515 -8421.691558 689.006781 5028.656033 183.097417 179.939886 -17.419412
734.236780 -8540.989185 683.955539 5080.089714 185.909806 181.918891 -15.077936
736.008079 -8519.629984 684.566626 5057.678208 185.975178 180.152072 -14.910210
738.968145 -8523.306654 686.280397 5063.198843 186.363825 189.216383 -14.756717
741.863769 -8526.330014 687.945481 5068.148077 186.762878 198.010262 -14.600268
744.716457 -8528.548759 689.580840 5072.510904 187.167598 206.572423 -14.445398
747.568427 -8530.534986 691.225218 5076.719764 187.587579 215.016783 -14.289723
750.346113 -8531.864414 692.813220 5080.320783 188.017950 223.169035 -14.130493
753.093000 -8532.401391 694.382707 5083.390073 188.452026 231.124839 -13.974769
755.792868 -8532.715637 695.921530 5086.181016 188.903983 238.871909 -13.813570
758.459622 -8532.416765 697.440712 5088.508440 189.363469 246.414171 -13.653298
761.091774 -8531.673111 698.939538 5090.485599 189.833715 253.774854 -13.492206
763.655292 -8530.415546 700.388559 5091.966659 190.315602 260.874752 -13.327354
766.207522 -8528.648549 701.837387 5093.127429 190.803983 267.835357 -13.165379
768.700798 -8526.429566 703.245519 5093.879027 191.303868 274.574515 -13.001070
771.177177 -8523.999550 704.650054 5094.439260 191.817814 281.166740 -12.835245
773.591528 -8521.157521 706.011900 5094.579257 192.344550 287.519198 -12.666072
775.976973 -8517.797639 707.358809 5094.353037 192.877347 293.704883 -12.498690
778.314333 -8514.087880 708.675383 5093.808293 193.422124 299.701145 -12.329383
780.608132 -8509.974640 709.965363 5092.917458 193.976779 305.507103 -12.159192
784.428230 -8370.089477 711.835615 5036.372639 190.269254 317.281432 -14.113507
787.947021 -8516.498705 714.985188 5118.887922 195.148458 330.628159 -12.170421
788.295288 -8476.751636 714.484749 5085.621842 194.904000 325.868638 -12.097488
790.665500 -8472.481648 715.883863 5085.526882 195.482377 331.912487 -11.950830
792.896832 -8466.317228 717.167959 5083.643339 196.033594 337.281004 -11.805894
795.123921 -8460.389020 718.461262 5081.855329 196.605240 342.562647 -11.656493
797.286672 -8453.794673 719.708585 5079.548763 197.175555 347.626686 -11.508986
799.472906 -8447.515200 720.988325 5077.451673 197.764468 352.661374 -11.358634
801.524358 -8440.006301 722.160699 5074.403872 198.341659 357.357140 -11.212162
803.616953 -8432.988062 723.381380 5071.708871 198.940940 362.062391 -11.062480
805.668191 -8425.685790 724.577030 5068.747885 199.545501 366.607822 -10.912062
807.674830 -8418.019470 725.744657 5065.496225 200.153187 370.997406 -10.762223
807.630060 -8266.893165 724.141674 4993.893821 195.813334 374.778344 -12.426652
814.164199 -8409.980953 730.236396 5079.562293 201.362974 390.606883 -10.854686
813.963168 -8373.388775 729.371505 5049.434193 201.107698 386.174208 -10.712893
824.674072 -8453.702374 738.254989 5107.625140 203.607044 405.269998 -10.061479
814.171074 -8321.190217 728.373928 5014.417715 201.390850 387.053192 -10.538924
818.541611 -8332.205972 731.727653 5028.965345 202.573995 396.456458 -10.426498
820.510320 -8323.466264 732.923522 5025.342937 203.159330 400.447340 -10.296402
822.461746 -8314.807204 734.115282 5021.698625 203.754543 404.334582 -10.163559
824.388713 -8305.853622 735.293371 5017.841833 204.344831 408.111326 -10.032144
826.281849 -8296.621830 736.450590 5013.782728 204.932364 411.776055 -9.901972
828.166699 -8287.490042 737.610731 5009.748526 205.528046 415.365448 -9.769969
830.027572 -8278.220236 738.758627 5005.580114 206.123544 418.849594 -9.637605
831.850022 -8268.682352 739.881623 5001.196819 206.715820 422.212530 -9.505895
833.686410 -8259.461642 741.026921 4996.986328 207.320594 425.537660 -9.371277
830.692913 -8103.595146 736.751842 4916.805655 202.254029 423.900046 -10.732970
839.573869 -8248.427704 745.284467 5004.918639 208.742582 439.960087 -9.442636
838.920002 -8208.730170 744.050282 4975.398331 208.108485 436.244299 -9.311348
840.731017 -8198.228089 745.188802 4970.768225 208.637875 439.474275 -9.201148
842.539078 -8187.743325 746.332044 4966.165605 209.166120 442.671016 -9.091573
844.329169 -8177.125144 747.466090 4961.486056 209.688168 445.811660 -8.983000
854.675833 -8242.155673 756.103793 5007.468281 212.090188 460.503035 -8.429717
844.166318 -8125.043073 746.384944 4929.094444 209.720512 446.412523 -8.823974
848.298775 -8133.055707 749.695326 4939.595848 210.999550 453.193947 -8.739461
850.061014 -8122.565728 750.829419 4934.918433 211.502520 456.111881 -8.625702
851.815634 -8112.211810 751.963523 4930.235177 212.007133 458.937352 -8.508055
853.527911 -8101.337995 753.061559 4925.164767 212.486672 461.619201 -8.391669
855.217663 -8090.526886 754.147307 4920.029891 212.967674 464.184295 -8.272410
865.393921 -8151.027256 762.665491 4961.483593 215.336715 476.844903 -7.734801
854.938591 -8039.339938 753.019430 4888.164598 212.862277 464.174711 -8.077539
858.932908 -8047.118818 756.263837 4897.098876 214.154207 469.680094 -7.979061
860.622979 -8036.578791 757.363454 4891.711849 214.606159 471.802035 -7.848842
862.302448 -8026.192035 758.459593 4886.265396 215.059846 473.787095 -7.714318
863.952163 -8015.520203 759.530759 4880.511485 215.495790 475.607228 -7.578687
865.606772 -8005.157423 760.612745 4874.795356 215.939764 477.306965 -7.438044
867.239043 -7994.563660 761.675719 4868.798218 216.366960 478.845651 -7.295542
868.863540 -7984.173261 762.738110 4862.764466 216.799058 480.247297 -7.148347
870.467764 -7973.696725 763.785359 4856.520809 217.222174 481.489628 -6.998012
872.083563 -7936.269047 764.840294 4850.262615 217.650099 482.602798 -6.842695
873.522409 -7978.314191 765.821513 4846.503353 218.032101 486.434000 -6.783306
874.994038 -7938.485685 766.759499 4842.835179 218.394116 490.531565 -6.740391
876.458931 -7926.262274 767.734996 4839.298591 218.776058 494.478530 -6.692065
877.885001 -7913.859487 768.680038 4835.431693 219.149263 498.198329 -6.641710
879.295125 -7901.583405 769.617808 4831.431289 219.528125 501.725347 -6.588397
880.734567 -7889.824090 770.588479 4827.535857 219.925151 505.105926 -6.529560
882.124354 -7877.710053 771.517145 4823.228344 220.305127 508.264422 -6.470076
883.530529 -7866.140100 772.470173 4819.050393 220.708564 511.282466 -6.405488
884.877359 -7853.916785 773.368407 4814.313832 221.079673 514.077924 -6.342631
886.294760 -7843.200259 774.349552 4810.267745 221.520117 516.810350 -6.269006
887.658754 -7831.888130 775.280160 4805.688691 221.928378 519.330547 -6.195293
888.956858 -7820.683279 776.154409 4800.897914 222.347320 521.684859 -6.119479
890.427490 -7810.136131 777.194630 4796.700093 222.773510 524.010794 -6.040094
891.697317 -7799.252014 778.069257 4791.804206 223.211463 526.099902 -5.958121
893.006924 -7788.577781 778.979220 4787.013944 223.647644 528.098006 -5.874773
894.331452 -7778.333235 779.910512 4782.357483 224.101687 530.013900 -5.788001
888.328627 -7643.999707 772.973997 4708.122137 218.549095 523.913233 -6.492226
898.296113 -7766.967299 783.081585 4781.173975 225.507606 535.626643 -5.800965
897.399778 -7729.480557 781.697218 4758.377428 224.486675 534.326982 -5.692242
898.679563 -7719.063944 782.594449 4753.346968 224.899471 535.910112 -5.608632
899.950185 -7708.789319 783.489030 4748.346054 225.315824 537.441746 -5.524556
901.204510 -7698.556800 784.373778 4743.334594 225.731040 538.927435 -5.441145
902.465742 -7688.655046 785.271835 4738.495083 226.158341 540.402146 -5.357265
903.707747 -7678.766918 786.157188 4733.656658 226.582755 541.852579 -5.274772
904.946889 -7669.040732 787.045253 4728.926881 227.010632 543.306637 -5.193681
906.203541 -7659.726043 787.956152 4724.462920 227.453202 544.795841 -5.112801
907.418231 -7650.127690 788.831252 4719.871004 227.878150 546.272866 -5.035884
915.808185 -7690.318227 796.012944 4744.677284 230.088252 552.785698 -4.663936
907.066482 -7609.669334 788.029914 4697.667881 227.799708 547.152906 -4.921780
909.905380 -7615.264778 790.502586 4702.828189 228.970808 550.131010 -4.870548
918.128415 -7654.377407 797.552450 4726.827695 231.158586 556.379945 -4.505747
909.613935 -7576.528261 789.780224 4681.789631 228.919729 551.162490 -4.753289
912.348157 -7581.997138 792.168463 4686.716567 230.058217 554.002904 -4.699060
906.431595 -7469.109260 785.544059 4624.165548 225.219353 548.552939 -5.238922
915.577310 -7571.681075 794.797749 4684.215234 231.239179 557.945727 -4.695852
914.917139 -7541.014477 793.734458 4666.454063 230.462483 557.394255 -4.598844
916.011933 -7532.136926 794.530940 4662.241445 230.836789 558.743352 -4.527848
917.082364 -7523.254918 795.309010 4658.004081 231.205532 560.057972 -4.458316
918.130564 -7514.421664 796.071405 4653.774932 231.571557 561.343243 -4.390115
919.167216 -7505.830655 796.830232 4649.663329 231.945093 562.612185 -4.322079
913.243378 -7400.519887 790.300843 4591.658976 227.368706 557.716174 -4.825380
921.913751 -7494.238713 799.045193 4645.841316 232.923814 565.889961 -4.331815
921.261903 -7465.684661 798.032724 4629.507966 232.216193 565.430365 -4.246939
922.204560 -7456.768168 798.708012 4625.175283 232.531672 566.580267 -4.187575
923.121502 -7447.948127 799.365711 4620.882623 232.847238 567.707757 -4.129018
930.205914 -7479.317243 805.451232 4639.364859 234.762244 572.290272 -3.817829
922.681505 -7413.322436 798.592529 4602.251291 232.717608 568.464114 -4.044494
924.775528 -7416.333872 800.420146 4605.079045 233.586777 570.489520 -4.005907
925.659730 -7408.160880 801.062712 4601.091599 233.903341 571.557481 -3.947754
926.526884 -7400.113314 801.694489 4597.158201 234.220819 572.607008 -3.889844
933.270949 -7429.665022 807.497637 4614.326554 236.072833 576.762941 -3.590653
926.093784 -7367.921155 800.969320 4579.877875 234.133698 573.339863 -3.807628
928.043142 -7370.962775 802.679218 4582.542120 234.963099 575.197545 -3.768141
928.853780 -7363.294920 803.272257 4578.766691 235.270424 576.176073 -3.712149
929.655702 -7355.887872 803.863789 4575.124895 235.585791 577.146350 -3.656251
930.455487 -7348.765378 804.458974 4571.626008 235.910010 578.109746 -3.599626
931.205272 -7341.431176 805.010979 4567.995748 236.218451 579.034918 -3.545083
931.943393 -7334.327262 805.558645 4564.482498 236.533634 579.950903 -3.490740
932.665800 -7327.338465 806.096077 4561.020140 236.849107 580.851508 -3.436640
1653.722376 -8640.697283 1486.962756 5900.041347 389.740775 976.682033 -18.917674
912.168957 -7238.449073 788.826445 4457.400711 234.685797 541.041427 -2.299724
934.699884 -7306.856575 807.614058 4550.829358 237.790197 583.449902 -3.277205
935.338517 -7300.226887 808.093195 4547.520935 238.103750 584.286200 -3.225078
941.172225 -7325.355741 813.140471 4561.628139 239.793420 587.496005 -2.956240
934.787145 -7273.825271 807.382918 4533.395987 238.140160 584.927228 -3.151323
936.278195 -7276.239227 808.711428 4535.354376 238.851725 586.376498 -3.114220
936.868200 -7270.069176 809.159204 4532.258887 239.162442 587.162734 -3.062916
937.443795 -7264.037342 809.598396 4529.231410 239.475146 587.938580 -3.012033
938.002545 -7258.140411 810.027000 4526.268528 239.789913 588.702657 -2.961323
938.533980 -7252.275264 810.434815 4523.313821 240.101526 589.448973 -2.911350
939.055575 -7246.562934 810.837668 4520.433947 240.415672 590.186342 -2.861402
939.549645 -7240.883771 811.219683 4517.563275 240.727006 590.906749 -2.812087
914.910346 -7201.863252 791.171583 4471.191371 238.015237 573.772863 -2.451212
964.390276 -7264.085871 831.834335 4554.675603 244.454433 609.876900 -3.000601
940.939195 -7224.502622 812.305376 4509.260211 241.665525 593.002787 -2.665224
941.367286 -7219.219562 812.643121 4506.573750 241.978054 593.678394 -2.616806
941.765553 -7213.917461 812.957134 4503.870460 242.284993 594.336773 -2.569379
942.158041 -7208.808443 813.270340 4501.265772 242.597132 594.990847 -2.521701
940.935978 -7169.179215 811.527692 4480.004002 240.880302 594.042389 -2.685824
941.415305 -7188.999954 812.532776 4491.157958 242.675698 595.744934 -2.555300
941.517009 -7180.237984 812.525814 4486.446150 242.766307 596.124550 -2.507558
935.951323 -7117.845154 807.011120 4453.119907 239.967447 593.620387 -2.857430
942.079837 -7170.660175 812.977081 4481.969363 243.228283 597.483868 -2.520765
941.513815 -7155.823709 812.327568 4473.774071 243.034818 597.400890 -2.465024
941.764391 -7150.528600 812.516049 4471.045554 243.276854 597.952849 -2.427368
-20847.158262 -13548.768928 -20772.493161 9245.142498 -7951.404748 979.718325 -118.954991
878.337843 -7124.292467 757.440433 4443.714584 228.038906 589.079525 -2.794458
942.450255 -7135.221512 813.038085 4463.145621 244.001439 599.565595 -2.315307
942.646207 -7130.237084 813.187901 4460.567223 244.238856 600.084507 -2.278681
942.828988 -7125.329458 813.328417 4458.025928 244.475117 600.595486 -2.242310
943.009511 -7120.571895 813.469549 4455.560039 244.714073 601.102604 -2.205587
943.156930 -7115.727152 813.582628 4453.043306 244.943565 601.592615 -2.170153
943.310471 -7111.102610 813.704299 4450.640835 245.179330 602.083505 -2.134141
943.435068 -7106.420361 813.801761 4448.203936 245.407338 602.559692 -2.099145
943.548890 -7101.818161 813.891828 4445.807203 245.634313 603.029632 -2.064527
943.658107 -7097.350697 813.980504 4443.479014 245.863552 603.495943 -2.029707
938.350284 -7046.485425 808.880846 4416.646154 243.547186 601.579021 -2.342330
943.577189 -7088.030992 813.901004 4438.932412 246.163907 604.489522 -2.048915
943.005403 -7076.473454 813.311309 4432.587298 246.059313 604.456907 -2.003179
943.033719 -7071.889664 813.329535 4430.191732 246.254265 604.877976 -1.973323
943.059418 -7067.407228 813.346929 4427.846993 246.449265 605.295001 -1.943434
937.844718 -7019.765313 808.377763 4402.831212 244.258041 603.543391 -2.247418
942.767387 -7057.819100 813.083236 4423.118633 246.670289 606.173490 -1.968951
942.178646 -7046.994538 812.491354 4417.194677 246.569821 606.144495 -1.928813
942.130766 -7042.429729 812.444394 4414.803206 246.732422 606.520434 -1.903818
942.076179 -7037.938883 812.392869 4412.448354 246.893748 606.891042 -1.878997
942.006256 -7033.450504 812.328589 4410.092893 247.049976 607.253117 -1.854855
941.933698 -7029.062154 812.263447 4407.788272 247.206338 607.611899 -1.830703
941.853976 -7024.740761 812.193319 4405.516977 247.361381 607.965676 -1.806659
941.761739 -7020.435298 812.112922 4403.252608 247.512225 608.312370 -1.783146
941.664712 -7016.210014 812.029634 4401.029299 247.662400 608.655334 -1.759769
941.555094 -7012.005274 811.936157 4398.816076 247.808797 608.991449 -1.736984
941.447709 -7007.919581 811.846007 4396.663835 247.956709 609.325699 -1.714001
941.325542 -7003.842840 811.743828 4394.515383 248.100538 609.652555 -1.691581
936.423579 -6963.998924 807.162155 4373.853508 246.226244 608.292555 -1.970681
940.674626 -6994.651133 811.179480 4389.918226 248.205488 610.327118 -1.722701
940.086084 -6985.786604 810.618785 4385.089855 248.132308 610.317833 -1.691301
939.914893 -6981.691914 810.472721 4382.931374 248.249609 610.615422 -1.672720
939.731990 -6977.606334 810.316917 4380.776596 248.362803 610.906449 -1.654592
939.554686 -6973.627516 810.166688 4378.675235 248.476929 611.195904 -1.636124
939.353438 -6969.609194 809.996457 4376.554455 248.584670 611.476889 -1.618670
939.153971 -6965.667034 809.828155 4374.472330 248.691572 611.755438 -1.601291
938.954055 -6961.806502 809.660432 4372.432063 248.798596 612.031442 -1.583848
938.740528 -6957.930929 809.480990 4370.384020 248.900333 612.300622 -1.567164
938.527135 -6954.144551 809.302722 4368.382371 249.002512 612.567991 -1.550488
938.312772 -6950.417406 809.124083 4366.410363 249.103607 612.831939 -1.533848
938.087081 -6946.694829 808.935968 4364.440828 249.200664 613.090158 -1.517806
937.862036 -6943.049423 808.749130 4362.510682 249.297590 613.346105 -1.501750
937.599008 -6939.278207 808.529644 4360.519109 249.383508 613.591003 -1.487653
933.148477 -6907.109762 804.441839 4344.097685 247.826074 612.608176 -1.739800
936.716137 -6930.838579 807.770959 4356.263239 249.394977 614.103998 -1.521323
936.154926 -6923.836899 807.257570 4352.467997 249.340558 614.114770 -1.497892
935.879521 -6920.176299 807.025706 4350.532707 249.410629 614.342343 -1.485827
935.606315 -6916.579839 806.796004 4348.629438 249.480089 614.567414 -1.473664
935.327617 -6913.012314 806.561875 4346.741250 249.547160 614.788651 -1.461786
935.048279 -6909.498662 806.327559 4344.880633 249.613170 615.007275 -1.449981
934.763623 -6906.005863 806.088737 4343.030793 249.676338 615.221915 -1.438521
934.473583 -6902.536407 805.845417 4341.193361 249.736787 615.432867 -1.427444
934.183020 -6899.121174 805.602055 4339.383925 249.796361 615.641468 -1.416446
933.889555 -6895.743567 805.356484 4337.594033 249.854254 615.847025 -1.405637
933.599422 -6892.430229 805.114043 4335.836363 249.911950 616.050593 -1.394701
933.297975 -6889.100558 804.861742 4334.071254 249.964998 616.249062 -1.384466
933.001003 -6885.850037 804.613815 4332.346586 250.018723 616.446496 -1.374068
932.694868 -6882.591076 804.357863 4330.618225 250.068339 616.639227 -1.364255
932.393973 -6879.411476 804.106901 4328.930234 250.118774 616.831002 -1.354231
932.090597 -6876.259259 803.853878 4327.256238 250.167283 617.019595 -1.344385
931.784989 -6873.140798 803.599130 4325.599940 250.214195 617.205511 -1.334739
931.477909 -6870.052840 803.343137 4323.959246 250.259313 617.388593 -1.325276
931.166995 -6866.989915 803.084021 4322.332143 250.302434 617.568830 -1.316107
930.853194 -6863.953547 802.822524 4320.719186 250.343629 617.746311 -1.307203
930.550462 -6861.014359 802.570946 4319.154319 250.387053 617.923488 -1.297710
930.233962 -6858.036267 802.307229 4317.571133 250.425060 618.095407 -1.289072
929.920560 -6855.117244 802.046449 4316.018218 250.463029 618.266063 -1.280395
929.606642 -6852.235006 801.785420 4314.484387 250.499982 618.434472 -1.271798
929.289461 -6849.369176 801.521534 4312.959389 250.534678 618.599937 -1.263495
928.975924 -6846.559100 801.260998 4311.462493 250.569438 618.763923 -1.255055
928.663351 -6761.061945 800.999599 4309.979729 250.602750 618.925398 -1.246747
930.165292 -6854.857718 802.303398 4312.166414 251.089034 619.307007 -1.129003
927.586536 -6835.807702 800.087581 4305.831042 250.549198 619.138749 -1.248034
927.369554 -6834.227834 799.918137 4305.007070 250.613642 619.371480 -1.244972
927.067478 -6831.616904 799.667266 4303.610632 250.644157 619.524728 -1.236587
926.764967 -6829.035331 799.416099 4302.229547 250.673569 619.675918 -1.228313
926.464768 -6826.494929 799.167008 4300.869241 250.702598 619.825412 -1.219969
926.156072 -6823.940985 798.910476 4299.503736 250.728082 619.971556 -1.212236
925.854741 -6821.456220 798.660533 4298.172673 250.754816 620.117091 -1.204146
925.556127 -6819.010475 798.412984 4296.860969 250.781271 620.260794 -1.195923
925.252044 -6816.566186 798.160703 4295.551359 250.805212 620.401793 -1.188122
924.953170 -6814.174965 797.913017 4294.268138 250.829602 620.541693 -1.180105
924.649663 -6811.784801 797.661232 4292.986484 250.851518 620.678866 -1.172470
924.348883 -6809.436928 797.411933 4291.726500 250.873354 620.814784 -1.164790
924.040141 -6807.070863 797.155532 4290.459077 250.891591 620.947377 -1.157803
923.748291 -6804.826570 796.914390 4289.251959 250.914644 621.081279 -1.149867
923.451397 -6802.570668 796.668577 4288.039405 250.934729 621.211755 -1.142322
923.153914 -6800.338470 796.422302 4286.839608 250.953739 621.340522 -1.134957
922.856711 -6798.130753 796.176252 4285.652504 250.971787 621.467504 -1.127682
922.564208 -6795.966886 795.934265 4284.486905 250.990080 621.593203 -1.120188
922.268883 -6793.807063 795.689667 4283.323939 251.006296 621.716506 -1.112962
921.973963 -6791.674608 795.445499 4282.175567 251.021841 621.838467 -1.105814
921.681032 -6789.569644 795.202954 4281.040969 251.036757 621.958837 -1.098629
921.420783 -6787.652010 794.989405 4279.995859 251.060987 622.082122 -1.089271
921.106440 -6785.469652 794.727733 4278.826384 251.067232 622.195575 -1.083600
920.817191 -6783.449084 794.488434 4277.736179 251.080498 622.312301 -1.076568
920.529371 -6781.448353 794.250297 4276.655771 251.093164 622.427001 -1.069442
920.245499 -6779.486309 794.015639 4275.594838 251.106159 622.540661 -1.062152
919.957088 -6777.519448 793.776937 4274.532955 251.116852 622.652154 -1.055288
919.675215 -6775.601620 793.543909 4273.495085 251.128450 622.762875 -1.048118
919.393107 -6773.699220 793.310637 4272.465610 251.139080 622.871953 -1.041064
919.110378 -6771.811110 793.076769 4271.444081 251.148590 622.979531 -1.034163
918.829961 -6769.950180 792.844860 4270.436387 251.157803 623.085885 -1.027227
918.550717 -6768.112034 792.613974 4269.440780 251.166553 623.190977 -1.020340
918.277660 -6766.317728 792.388437 4268.466559 251.176143 623.295164 -1.013154
917.998898 -6764.512958 792.157908 4267.489215 251.183341 623.397368 -1.006505
917.726169 -6762.752585 791.932613 4266.533740 251.191383 623.498848 -0.999601
917.452889 -6761.004611 791.706813 4265.585428 251.198471 623.598837 -0.992866
917.183288 -6759.288306 791.484171 4264.652961 251.205725 623.697787 -0.986015
916.913880 -6757.586326 791.261624 4263.728312 251.212138 623.795319 -0.979277
916.646432 -6755.905708 791.040663 4262.814450 251.218092 623.891615 -0.972513
916.381535 -6754.250387 790.821868 4261.913462 251.223915 623.986843 -0.965684
916.115682 -6752.603374 790.602160 4261.017629 251.228597 624.080658 -0.959054
915.854215 -6750.990815 790.386260 4260.139068 251.233774 624.173687 -0.952251
915.597000 -6749.409497 790.174005 4259.275940 251.239334 624.265713 -0.945260
915.334990 -6747.818323 789.957498 4258.409807 251.242736 624.356043 -0.938753
916.154691 -6750.303150 790.658304 4259.227596 251.489421 624.465930 -0.849668
914.583495 -6743.617649 789.330281 4256.227869 251.195949 624.510745 -0.939627
914.362231 -6742.484725 789.150657 4255.603607 251.209659 624.625197 -0.934881
914.120899 -6741.024824 788.951561 4254.801252 251.214675 624.711228 -0.927497
913.866518 -6739.527317 788.741344 4253.985218 251.216011 624.795884 -0.921259
913.640866 -6738.150106 788.555422 4253.220707 251.223038 624.880020 -0.912977
911.374160 -6727.670152 786.588086 4248.402621 250.653003 624.820058 -1.060190
912.824359 -6734.187003 787.866826 4251.213256 251.131197 625.054044 -0.932553
912.543428 -6732.273475 787.629587 4250.172999 251.116463 625.097780 -0.923452
912.295290 -6730.841911 787.423702 4249.392501 251.113640 625.176079 -0.917784
912.050159 -6729.433061 787.220345 4248.623549 251.110874 625.253543 -0.912033
911.805254 -6728.034190 787.017103 4247.860418 251.107422 625.329941 -0.906401
911.564799 -6726.664757 786.817678 4247.111869 251.104519 625.405638 -0.900571
912.249598 -6728.629429 787.399002 4247.691266 251.301819 625.473892 -0.819264
910.885557 -6723.080936 786.250257 4245.254024 251.053250 625.541241 -0.902438
910.674279 -6722.039523 786.076913 4244.677390 251.056836 625.633553 -0.898005
910.445284 -6720.746968 785.886853 4243.967482 251.053431 625.704903 -0.891920
910.219622 -6719.477253 785.699604 4243.269013 251.050231 625.775519 -0.885727
909.997908 -6718.230922 785.515659 4242.581862 251.047324 625.845268 -0.879351
909.775127 -6716.987826 785.330715 4241.897509 251.043468 625.914078 -0.873183
909.557250 -6715.773609 785.149948 4241.227139 251.040271 625.982243 -0.866774
909.337229 -6714.558190 784.967279 4240.557786 251.035923 626.049442 -0.860678
909.121501 -6713.368890 784.788266 4239.901292 251.032102 626.115994 -0.854404
908.908356 -6712.197943 784.611444 4239.254261 251.028403 626.181781 -0.848074
908.695076 -6711.034318 784.434470 4238.611988 251.024127 626.246749 -0.841910
908.484389 -6709.887775 784.259638 4237.978299 251.019847 626.310880 -0.835687
908.276423 -6708.761088 784.087151 4237.354938 251.015821 626.374410 -0.829410
908.070306 -6707.646920 783.916132 4236.737937 251.011540 626.437009 -0.823112
907.866199 -6706.547551 783.746769 4236.128615 251.007168 626.498890 -0.816787
907.662042 -6705.455049 783.577313 4235.523755 251.002238 626.560052 -0.810609
907.460636 -6704.380203 783.410158 4234.927807 250.997435 626.620511 -0.804354
907.261355 -6703.319956 783.244765 4234.339446 250.992611 626.680229 -0.798068
907.064070 -6702.274630 783.081057 4233.759029 250.987816 626.739309 -0.791773
906.871252 -6701.252434 782.921107 4233.189621 250.983560 626.797658 -0.785249
906.675768 -6700.226776 782.758861 4232.620556 250.978225 626.855367 -0.779105
906.484963 -6699.225121 782.600546 4232.062842 250.973467 626.912386 -0.772724
906.294809 -6698.233915 782.442830 4231.511522 250.968577 626.968831 -0.766477
906.107239 -6697.258528 782.287278 4230.968228 250.963822 627.024545 -0.760179
905.922506 -6696.299950 782.134112 4230.433389 250.959288 627.079579 -0.753802
905.736624 -6695.342236 781.979905 4229.900314 250.953961 627.133923 -0.747676
905.555369 -6694.407617 781.829582 4229.378100 250.949218 627.187619 -0.741306
905.374834 -6693.479892 781.679785 4228.859894 250.944084 627.240596 -0.735002
905.196549 -6692.566337 781.531863 4228.349018 250.939027 627.293024 -0.728650
905.020561 -6691.665917 781.385824 4227.844779 250.933996 627.344808 -0.722225
904.846197 -6690.777158 781.241142 4227.346863 250.928944 627.396055 -0.715799
904.673186 -6689.899310 781.097604 4226.855077 250.923860 627.446741 -0.709415
904.501248 -6689.031995 780.955001 4226.369456 250.918740 627.496963 -0.703111
904.332482 -6688.181157 780.815052 4225.891877 250.913927 627.546537 -0.696677
904.165919 -6687.343232 780.676942 4225.420946 250.909221 627.595516 -0.690201
903.999572 -6686.510874 780.538981 4224.953719 250.904159 627.643966 -0.683858
903.835428 -6685.691102 780.402843 4224.492899 250.899169 627.691842 -0.677468
902.420170 -6680.179840 779.199181 4222.139553 250.593050 627.756548 -0.781508
-18613.296145 -12617.489194 -18554.923628 8826.209795 -7114.817387 1134.558908 -111.197703
892.556078 -6678.112047 770.798165 4216.542776 248.332470 624.908654 -0.790602
902.942283 -6681.584198 779.655035 4222.334772 250.814203 627.879560 -0.675728
902.791801 -6680.834097 779.530125 4221.909159 250.809685 627.924216 -0.669114
902.617259 -6679.997165 779.384685 4221.450193 250.799091 627.968862 -0.664782
902.455917 -6679.215799 779.250459 4221.015392 250.791235 628.013087 -0.659480
902.297407 -6678.447806 779.118605 4220.587174 250.783685 628.056672 -0.654041
902.138524 -6677.682391 778.986403 4220.161308 250.775700 628.099770 -0.648763
901.982591 -6676.931975 778.856680 4219.742737 250.768056 628.142319 -0.643352
901.827500 -6676.188622 778.727649 4219.328310 250.760280 628.184371 -0.638004
901.673629 -6675.453690 778.599628 4218.918568 250.752451 628.225940 -0.632694
901.523010 -6674.733768 778.474317 4218.515934 250.744982 628.266918 -0.627232
900.288107 -6670.129863 777.429419 4216.597254 250.488731 628.345309 -0.721751
34839.331670 -81897.215233 34709.154549 69028.320716 -1236.471605 12764.595147 846.002006
892.967363 -6654.855624 771.860324 4195.745350 251.809266 619.806481 1.869412
900.710349 -6671.152068 777.793796 4216.650709 250.660522 628.432671 -0.627530
900.559720 -6670.448777 777.668171 4216.261685 250.650833 628.471220 -0.623003
900.406411 -6669.740789 777.540303 4215.872656 250.640340 628.509648 -0.618913
900.257545 -6669.051732 777.416156 4215.492241 250.630494 628.547433 -0.614570
900.109579 -6668.369580 777.292773 4215.116019 250.620603 628.584804 -0.610317
899.963255 -6667.696841 777.170767 4214.744875 250.610799 628.621741 -0.606081
899.819085 -6667.034016 777.050522 4214.378592 250.601091 628.658099 -0.601786
899.675798 -6666.377434 776.930998 4214.016021 250.591273 628.694052 -0.597568
899.534838 -6665.731581 776.813391 4213.658726 250.581617 628.729505 -0.593279
64571.062019 -102040.880822 64108.407964 85117.709100 6615.310068 14928.344106 1029.731787
892.340604 -6658.596559 770.949672 4201.879554 250.493557 622.480427 1.189061
899.117226 -6663.828623 776.464797 4212.607422 250.551895 628.833497 -0.580797
898.980910 -6663.210743 776.351007 4212.266010 250.542095 628.867392 -0.576677
898.846487 -6662.602836 776.238824 4211.929886 250.532512 628.900897 -0.572543
898.714612 -6662.005911 776.128750 4211.599008 250.523171 628.933861 -0.568304
898.582486 -6661.411342 776.018465 4211.270431 250.513557 628.966569 -0.564253
898.452924 -6660.827898 775.910300 4210.947152 250.504190 628.998781 -0.560100
898.323068 -6660.245796 775.801856 4210.625522 250.494472 629.030681 -0.556119
898.196375 -6659.677043 775.696049 4210.310096 250.485162 629.062102 -0.551980
898.068737 -6659.107486 775.589422 4209.995561 250.475386 629.093289 -0.548078
897.944511 -6658.551999 775.485640 4209.687478 250.466075 629.123998 -0.543987
64363.508951 -101700.600136 63900.993379 84837.624297 6598.118846 14884.233384 1025.856868
891.765264 -6652.459961 770.449336 4199.626450 250.385088 623.786393 0.983021
897.577859 -6656.919968 775.179238 4208.783105 250.437950 629.214093 -0.531962
897.459484 -6656.393145 775.080281 4208.490214 250.428882 629.243285 -0.527843
897.338954 -6655.863047 774.979563 4208.197801 250.419282 629.272537 -0.524117
897.221964 -6655.346556 774.881776 4207.911350 250.410140 629.301220 -0.520168
897.105969 -6654.835267 774.784802 4207.627852 250.400968 629.329532 -0.516253
896.991328 -6654.330900 774.688958 4207.348112 250.391879 629.357529 -0.512354
896.877209 -6653.830634 774.593547 4207.071077 250.382703 629.385267 -0.508552
896.766947 -6653.344499 774.501327 4206.800066 250.374046 629.412399 -0.504485
896.654049 -6652.853104 774.406940 4206.528706 250.364769 629.439639 -0.500857
896.882261 -6653.302710 774.591285 4206.539273 250.409367 629.420412 -0.458133
896.365209 -6651.684172 774.166649 4205.928631 250.336030 629.500581 -0.500721
896.261136 -6651.250924 774.079643 4205.685780 250.327863 629.528774 -0.497055
896.157316 -6650.795485 773.992719 4205.431379 250.319382 629.554082 -0.493059
896.054431 -6650.345374 773.906579 4205.180053 250.310934 629.579133 -0.489108
895.953149 -6649.902200 773.821763 4204.932189 250.302606 629.603819 -0.485116
896.168296 -6650.315999 773.994940 4204.934714 250.342956 629.583197 -0.444144
895.688003 -6648.835789 773.601108 4204.382476 250.276140 629.660276 -0.484354
895.592896 -6648.438911 773.521477 4204.158182 250.268510 629.685909 -0.480519
895.802904 -6648.838847 773.690227 4204.158059 250.307005 629.664499 -0.440296
895.341880 -6647.428348 773.312475 4203.634484 250.243490 629.739701 -0.479171
895.252558 -6647.052532 773.237582 4203.420147 250.236313 629.763868 -0.475102
-18738.344303 -12266.840745 -18655.408619 8448.643330 -7126.628851 1008.420525 -100.399819
890.267646 -6645.682253 768.987264 4201.874466 249.076552 629.196795 -0.512150
894.988630 -6645.889125 773.015998 4202.759107 250.214327 629.828700 -0.462176
895.186668 -6646.257350 773.174584 4202.752471 250.249139 629.806416 -0.423628
894.759372 -6644.969506 772.825006 4202.279621 250.191477 629.878396 -0.460181
894.677718 -6644.624824 772.756428 4202.081410 250.184779 629.900414 -0.456010
894.872075 -6644.983928 772.911844 4202.073766 250.218184 629.877488 -0.418065
894.461752 -6643.755954 772.576396 4201.625200 250.163375 629.947657 -0.453397
894.384584 -6643.427884 772.511492 4201.435105 250.156983 629.968464 -0.449087
894.575628 -6643.779048 772.664058 4201.426823 250.189107 629.944934 -0.411704
894.181366 -6642.607608 772.341986 4201.001165 250.137002 630.013350 -0.445879
894.369268 -6642.965242 772.491935 4200.999428 250.168178 629.991080 -0.409242
894.243411 -6642.490408 772.387514 4200.765505 250.154460 630.016518 -0.410707
893.867491 -6641.395958 772.080714 4200.372455 250.105466 630.084407 -0.443651
893.803311 -6641.112220 772.026461 4200.201970 250.100416 630.102353 -0.438572
893.739979 -6640.818434 771.972850 4200.025980 250.095313 630.118569 -0.433264
893.677238 -6640.527844 771.919736 4199.851845 250.090222 630.134580 -0.428008
893.614102 -6640.237473 771.866302 4199.678574 250.084961 630.150501 -0.422911
893.554801 -6639.959710 771.816038 4199.510177 250.080282 630.165841 -0.417497
893.495293 -6639.682356 771.765599 4199.342598 250.075451 630.181067 -0.412199
893.437211 -6639.410756 771.716349 4199.177755 250.070802 630.196046 -0.406847
893.609325 -6639.714208 771.852979 4199.161369 250.097374 630.171603 -0.372338
893.275405 -6638.748992 771.581038 4198.817083 250.055299 630.232944 -0.401894
893.221545 -6638.504812 771.535322 4198.666087 250.051157 630.248244 -0.396578
893.168315 -6638.252776 771.490096 4198.510972 250.046996 630.262210 -0.391085
893.116340 -6638.005767 771.445915 4198.358275 250.042989 630.275945 -0.385540
893.065919 -6637.764332 771.403012 4198.208035 250.039163 630.289376 -0.379898
893.015003 -6637.523398 771.359738 4198.058958 250.035247 630.302859 -0.374425
892.965519 -6637.287503 771.317635 4197.912084 250.031472 630.316039 -0.368865
892.916855 -6637.055228 771.276215 4197.767110 250.027776 630.329042 -0.363301
892.869313 -6636.827327 771.235724 4197.624226 250.024200 630.341825 -0.357693
892.821132 -6636.598874 771.194717 4197.481933 250.020456 630.354634 -0.352245
892.776739 -6636.382317 771.156828 4197.344039 250.017284 630.366869 -0.346442
892.731902 -6636.165759 771.118588 4197.206913 250.013993 630.379117 -0.340774
892.687393 -6635.951401 771.080628 4197.071220 250.010704 630.391275 -0.335152
892.643822 -6635.741010 771.043453 4196.937517 250.007530 630.403264 -0.329505
892.601488 -6635.535264 771.007302 4196.805934 250.004509 630.415023 -0.323792
892.558571 -6635.329037 770.970684 4196.674930 250.001345 630.426813 -0.318231
892.518786 -6635.132823 770.936654 4196.547678 249.998657 630.438107 -0.312381
892.070470 -6633.822471 770.568506 4196.092193 249.930168 630.508740 -0.355407
892.362362 -6634.548643 770.805747 4196.243733 249.980381 630.472575 -0.310663
892.502668 -6634.766927 770.916050 4196.210487 249.999383 630.448258 -0.280763
892.241858 -6634.049147 770.704794 4195.963729 249.969396 630.500554 -0.304604
892.203351 -6633.869006 770.671856 4195.846766 249.966567 630.511991 -0.299218
892.341131 -6634.093589 770.780115 4195.819815 249.984933 630.488857 -0.269997
891.710593 -6632.389454 770.267223 4195.291880 249.896951 630.597353 -0.339102
892.156911 -6633.461601 770.627228 4195.516310 249.963081 630.528581 -0.273172
900.845100 -6701.910664 781.649295 4266.330624 251.957717 651.607037 -0.295579
892.093098 -6631.839461 770.543958 4194.796574 249.871427 630.561231 -0.312371
891.738013 -6632.189089 770.284616 4194.996667 249.914834 630.615359 -0.298292
891.702130 -6632.013232 770.253819 4194.883903 249.911797 630.624639 -0.293121
891.667329 -6631.844593 770.223941 4194.774719 249.908938 630.634051 -0.287959
891.633080 -6631.678382 770.194527 4194.666852 249.906131 630.643334 -0.282809
891.599821 -6631.515635 770.165925 4194.560547 249.903429 630.652416 -0.277612
891.223727 -6630.458898 769.858544 4194.207387 249.849257 630.716501 -0.315120
891.469927 -6631.037901 770.057201 4194.311689 249.888093 630.681227 -0.275779
891.436108 -6630.868759 770.028135 4194.203664 249.885080 630.689396 -0.270783
891.071179 -6629.851693 769.730153 4193.866774 249.833115 630.752485 -0.307489
-18566.855517 -11803.695864 -18493.881069 7898.689350 -7090.054498 800.745673 -107.747824
889.387326 -6630.180196 768.274363 4193.797850 249.402525 630.710820 -0.268793
890.918038 -6629.252679 769.601394 4193.535123 249.816520 630.788284 -0.300743
891.144366 -6629.772542 769.783473 4193.621902 249.850982 630.754344 -0.263852
890.795852 -6628.808341 769.499327 4193.306412 249.802279 630.815303 -0.299342
890.705547 -6628.520805 769.424648 4193.178400 249.790793 630.834238 -0.302760
890.919616 -6628.999016 769.596553 4193.251651 249.822661 630.800536 -0.267436
890.881253 -6628.828482 769.563892 4193.150102 249.818483 630.809046 -0.263950
890.843303 -6628.666071 769.531600 4193.053003 249.814372 630.818121 -0.260602
890.806298 -6628.506956 769.500088 4192.957409 249.810371 630.827021 -0.257207
890.769693 -6628.349841 769.468918 4192.863019 249.806415 630.835857 -0.253832
890.733602 -6628.195037 769.438183 4192.769916 249.802521 630.844610 -0.250462
890.697757 -6628.041925 769.407669 4192.677959 249.798663 630.853317 -0.247135
890.662797 -6627.892041 769.377891 4192.587508 249.794924 630.861858 -0.243766
890.349497 -6627.053663 769.123271 4192.322529 249.752915 630.919662 -0.276690
890.541492 -6627.474586 769.276863 4192.381565 249.780099 630.888287 -0.244287
890.505943 -6627.320884 769.246626 4192.290700 249.776133 630.896256 -0.241162
890.470773 -6627.173835 769.216719 4192.203455 249.772213 630.904656 -0.238150
890.435951 -6627.028393 769.187104 4192.117155 249.768313 630.912966 -0.235164
890.401097 -6626.883542 769.157469 4192.031517 249.764374 630.921250 -0.232250
890.368113 -6626.744072 769.129358 4191.947794 249.760668 630.929184 -0.229163
890.334869 -6626.604688 769.101047 4191.864633 249.756908 630.937145 -0.226178
890.302330 -6626.467808 769.073318 4191.782653 249.753223 630.944967 -0.223167
890.270053 -6626.332404 769.045818 4191.701622 249.749566 630.952735 -0.220190
890.238293 -6626.199004 769.018746 4191.621621 249.745961 630.960389 -0.217211
890.206882 -6626.067230 768.991971 4191.542565 249.742391 630.967965 -0.214252
890.176022 -6625.937577 768.965652 4191.464549 249.738880 630.975412 -0.211285
890.145614 -6625.809656 768.939717 4191.387514 249.735421 630.982784 -0.208331
890.223701 -6625.906090 768.999517 4191.348424 249.742166 630.965908 -0.189315
890.064137 -6625.511530 768.871559 4191.226841 249.726603 631.001938 -0.205540
890.035971 -6625.393210 768.847457 4191.154260 249.723351 631.009010 -0.202531
890.008014 -6625.273885 768.823537 4191.081319 249.720122 631.015796 -0.199518
889.980617 -6625.156506 768.800078 4191.009310 249.716947 631.022460 -0.196491
889.953705 -6625.040936 768.777022 4190.938214 249.713821 631.029021 -0.193459
889.706112 -6624.410651 768.576980 4190.750332 249.683419 631.078373 -0.220605
889.858977 -6624.720963 768.698150 4190.779653 249.702340 631.050225 -0.193442
889.831456 -6624.603177 768.674641 4190.708839 249.699080 631.056502 -0.190659
889.590783 -6623.995653 768.480371 4190.529861 249.669913 631.104959 -0.217288
889.737234 -6624.290261 768.596343 4190.499728 249.687761 631.045619 -0.191081
889.500736 -6623.694011 768.405561 4190.399128 249.659416 631.136725 -0.217382
889.642484 -6623.977057 768.517719 4190.404975 249.676394 631.098287 -0.191901
889.409963 -6623.394560 768.330275 4190.235863 249.648712 631.145376 -0.217957
889.547053 -6623.665353 768.438610 4190.256776 249.664872 631.119094 -0.193176
889.608089 -6623.727284 768.484833 4190.216341 249.668969 631.104538 -0.177393
889.469874 -6623.398023 768.374360 4190.120012 249.656156 631.136532 -0.192130
889.441912 -6623.290154 768.350629 4190.057985 249.652682 631.143124 -0.190214
889.414099 -6623.181689 768.327026 4189.995813 249.649215 631.149513 -0.188302
889.386771 -6623.074965 768.303825 4189.934489 249.645801 631.155799 -0.186378
889.359884 -6622.969806 768.280987 4189.873940 249.642430 631.161982 -0.184443
729.924205 -6704.772358 626.432641 4316.344683 216.142245 694.603048 3.942346
889.116641 -6622.717199 768.073382 4189.657010 249.587880 631.114996 -0.184957
889.280659 -6622.661424 768.213712 4189.696691 249.632484 631.180257 -0.178782
889.254925 -6622.561407 768.191858 4189.639132 249.629250 631.186195 -0.176916
889.310284 -6622.617317 768.233610 4189.602213 249.632452 631.172805 -0.162452
889.187978 -6622.332378 768.136055 4189.520951 249.621617 631.201694 -0.175677
889.163882 -6622.238907 768.115548 4189.466514 249.618547 631.207371 -0.173790
889.218003 -6622.293164 768.156331 4189.430378 249.621531 631.194134 -0.159657
889.100790 -6622.021744 768.062895 4189.353487 249.611291 631.221975 -0.172383
889.078366 -6621.933328 768.043751 4189.301304 249.608368 631.227239 -0.170436
889.056100 -6621.844677 768.024746 4189.249129 249.605460 631.232349 -0.168499
889.034043 -6621.756977 768.005918 4189.197536 249.602572 631.237409 -0.166583
889.012435 -6621.670735 767.987459 4189.146608 249.599727 631.242362 -0.164652
888.991066 -6621.585553 767.969204 4189.096287 249.596911 631.247256 -0.162738
888.970188 -6621.501852 767.951348 4189.046596 249.594138 631.252027 -0.160797
888.949467 -6621.419032 767.933630 4188.997481 249.591387 631.256761 -0.158884
888.928955 -6621.337166 767.916091 4188.948943 249.588660 631.261451 -0.156989
888.908828 -6621.256612 767.898870 4188.901040 249.585973 631.266058 -0.155087
888.888881 -6621.176924 767.881804 4188.853686 249.583307 631.270627 -0.153207
888.869288 -6621.098450 767.865030 4188.806936 249.580677 631.275122 -0.151324
888.850386 -6621.021814 767.848812 4188.760858 249.578109 631.279460 -0.149384
888.830960 -6620.944703 767.832198 4188.715152 249.575509 631.283932 -0.147575
888.812240 -6620.869472 767.816152 4188.670117 249.572973 631.288242 -0.145705
888.793768 -6620.795199 767.800314 4188.625609 249.570463 631.292495 -0.143843
888.775446 -6620.721705 767.784607 4188.581601 249.567973 631.296714 -0.142003
888.757622 -6620.649667 767.769305 4188.538179 249.565531 631.300812 -0.140132
888.718373 -6620.535112 767.737128 4188.488584 249.561176 631.309793 -0.141578
888.698569 -6620.459929 767.720275 4188.445420 249.558513 631.314306 -0.140109
888.679181 -6620.385857 767.703762 4188.402735 249.555892 631.318702 -0.138621
888.660210 -6620.313081 767.687590 4188.360628 249.553313 631.323004 -0.137115
897.801114 -6688.973219 779.094372 4258.998101 251.564148 652.261368 -0.135591
888.759539 -6620.140901 767.757665 4188.244960 249.540276 631.320147 -0.134048
888.605825 -6620.102598 767.641145 4188.237756 249.545839 631.335343 -0.132485
888.588550 -6620.035072 767.626362 4188.197946 249.543440 631.339269 -0.130901
888.571705 -6619.968875 767.611932 4188.158710 249.541089 631.343102 -0.129296
888.555293 -6619.904011 767.597858 4188.120046 249.538787 631.346843 -0.127668
888.539318 -6619.840488 767.584141 4188.081953 249.536535 631.350491 -0.126018
888.523782 -6619.778311 767.570785 4188.044431 249.534335 631.354048 -0.124344
888.508687 -6619.717487 767.557791 4188.007479 249.532187 631.357514 -0.122645
888.494037 -6619.658022 767.545162 4187.971097 249.530093 631.360888 -0.120920
888.479835 -6619.599922 767.532901 4187.935283 249.528055 631.364173 -0.119170
888.466082 -6619.543193 767.521009 4187.900038 249.526072 631.367367 -0.117392
-18538.531657 -11782.241742 -18464.892073 7886.081708 -7078.340096 801.954855 -107.318542
887.840236 -6619.416092 766.984413 4187.825376 249.375658 631.381728 -0.113613
888.427550 -6619.381297 767.487574 4187.797702 249.520473 631.376414 -0.111890
888.415624 -6619.330116 767.477184 4187.764722 249.518727 631.379252 -0.109996
888.404162 -6619.280337 767.467175 4187.732306 249.517043 631.382003 -0.108072
888.393166 -6619.231967 767.457550 4187.700454 249.515423 631.384666 -0.106115
888.382639 -6619.185011 767.448312 4187.669166 249.513866 631.387242 -0.104126
888.372584 -6619.139476 767.439461 4187.638440 249.512375 631.389732 -0.102104
888.363004 -6619.095369 767.431002 4187.608276 249.510951 631.392135 -0.100048
885.932334 -6614.715421 765.535255 4187.171140 249.345899 632.001600 -0.493220
