5525.358002 -478.422613 5495.893672 519.307537 2754.454360 383.468653 30.448670
5887.125449 -484.797454 5852.156744 498.519522 2865.694716 382.689535 24.157429
6281.447761 -492.448354 6240.515077 479.088106 2983.936192 384.057255 17.116086
6680.140351 -499.973397 6633.195806 460.864259 3101.117858 387.141498 9.613624
7083.413013 -507.357918 7030.412729 443.828381 3217.266857 391.973456 1.637669
7491.570859 -514.593028 7432.473543 427.961779 3332.432014 398.587512 -6.825668
7905.006817 -521.674993 7839.772560 413.246914 3446.681427 407.021487 -15.791783
8324.195955 -528.604724 8252.785302 399.667630 3560.100685 417.316910 -25.277582
8749.691691 -535.387386 8672.065028 387.209375 3672.791654 429.519328 -35.301514
9182.124014 -542.032113 9098.241301 375.859431 3784.871799 443.678691 -45.883654
9608.131240 -550.478314 9518.222759 367.181298 3893.337323 459.187242 -56.511500
9614.525924 -614.077797 9526.686081 404.283903 3907.076435 455.840490 -51.534849
9656.598301 -683.565858 9570.249393 448.203985 3925.285154 456.579208 -48.705636
9665.082614 -752.936179 9580.819934 492.894160 3935.502907 456.269812 -45.433450
9579.006388 -815.959814 9498.416447 535.398118 3924.657614 451.842618 -41.917198
9542.068839 -879.582100 9464.285857 576.040918 3924.976235 449.474545 -38.007103
9475.098636 -937.231940 9400.571659 612.056780 3919.347924 445.276496 -33.690439
9388.041460 -988.401765 9317.035219 642.649883 3910.247580 439.524775 -29.003473
9279.841933 -1031.890107 9212.617428 666.902990 3897.639592 432.018943 -24.039108
9159.833845 -1067.473446 9096.484724 684.318305 3883.778747 423.079001 -18.835230
9028.899176 -1094.538321 8969.488537 694.644933 3868.751803 412.798144 -13.615192
8893.461637 -1113.241014 8837.941498 698.035682 3853.855942 401.567734 -8.546753
8760.514307 -1124.127508 8708.724559 694.995740 3840.404870 389.890272 -3.809647
8637.241056 -1128.101878 8588.914828 686.353136 3829.659604 378.353440 0.414066
8530.623283 -1126.361142 8485.398154 673.199153 3822.765155 367.596554 3.949808
8121.131997 -1042.193435 8083.872870 571.336915 3791.809366 315.740191 16.720331
8094.572611 -1053.083077 8058.453098 585.461859 3777.590509 322.412242 15.025830
8231.745773 -1088.639838 8194.620645 613.868635 3799.144255 339.385531 10.591439
8208.570108 -1171.735132 8172.533051 680.688289 3766.011385 348.393185 13.111319
8381.500401 -1270.111901 8344.154732 760.154495 3779.870152 373.602841 10.147187
8498.665472 -1373.630847 8460.740398 843.813511 3777.238621 395.448492 7.853557
8653.663234 -1480.480863 8614.798773 928.287999 3786.009322 419.461965 5.240385
8798.781774 -1584.799525 8759.188386 1009.571551 3794.619668 442.105588 2.846382
9368.099155 -1779.287783 9322.213907 1141.246484 3885.740226 487.274663 -6.649094
8871.505644 -1750.514775 8833.404678 1138.283622 3774.108327 469.122743 1.832185
8993.300200 -1844.071879 8954.980582 1206.855030 3785.690112 486.998869 0.874009
88220.543532 -60191.130055 87853.064677 21821.674108 28388.101375 -9661.284473 -1086.627761
14083.788128 -3529.685578 13998.704340 2092.211477 4834.390146 665.720988 -25.179910
9025.948374 -2056.359828 8990.863281 1353.028585 3758.139623 507.085118 2.907138
9380.380767 -2288.708548 9342.166669 1569.283926 3753.034482 581.926815 -8.152897
9107.962459 -2235.030043 9074.324952 1484.038975 3739.793396 531.964598 2.018163
9056.317864 -2280.682797 9024.453706 1512.131591 3723.119890 530.986572 3.782366
9493.844264 -2460.282880 9458.347458 1625.923401 3795.020301 565.320790 -2.565591
8907.757246 -2377.395216 8879.941853 1574.085317 3674.782751 528.303307 7.329064
8965.050207 -2457.335966 8937.966006 1628.428677 3676.516048 538.744150 7.435798
9233.672577 -2668.896608 9205.084892 1823.656838 3665.316208 604.801648 -0.879600
9087.915899 -2644.014682 9062.089804 1763.519576 3666.021443 567.526341 5.503973
9058.494047 -2691.636025 9034.141329 1792.235084 3651.626169 568.193056 6.268747
9279.442769 -2900.716811 9254.351234 1984.998476 3630.678224 630.955119 -1.463670
9088.486473 -2874.553366 9066.211918 1924.157111 3612.837981 589.502556 5.144517
9036.760759 -2919.404094 9016.119407 1949.935197 3593.125003 587.548984 6.265325
9016.356755 -2978.183982 8997.121723 1985.516616 3578.596407 589.022588 7.108017
8955.548498 -3030.866832 8937.956019 2016.479633 3552.201867 586.732186 7.962189
8909.038602 -3079.207149 8893.000888 2042.920173 3532.983877 584.380568 9.111192
8866.998405 -3121.693246 8852.481746 2063.853473 3517.569270 581.182798 10.482678
9076.269677 -3330.036848 9061.961269 2254.982883 3505.922237 644.190033 2.687813
8900.291362 -3257.216092 8888.094326 2151.872623 3502.846726 594.279059 10.680950
8838.044500 -3268.930627 8827.419638 2147.703648 3489.753981 585.478217 12.247371
8819.631240 -3294.606769 8810.144448 2153.033658 3481.230530 581.335324 13.002076
9063.001524 -3517.744416 9053.773585 2356.378971 3475.051119 650.569718 3.757423
8784.384820 -3428.205517 8777.054898 2236.238113 3431.419307 586.287000 13.039457
8724.899154 -3448.873274 8718.830810 2238.468906 3412.999214 577.846083 14.285555
8708.331639 -3489.845104 8703.335099 2256.715204 3402.896964 575.303301 15.158846
9114.075663 -3721.484808 9107.790977 2407.948692 3458.308457 616.030720 8.455624
8559.781698 -3504.915915 8557.372905 2243.914039 3367.179248 555.950928 18.550531
8569.626482 -3577.328477 8568.098783 2288.085164 3354.684676 559.270016 18.505293
8578.131364 -3626.273923 8577.482826 2313.861325 3350.671474 560.279981 18.852094
8592.638606 -3677.053469 8592.838469 2341.714099 3348.169802 562.452794 19.103521
8614.018314 -3730.005624 8615.026154 2371.593863 3347.389460 565.673210 19.277280
8639.439262 -3784.400832 8641.227686 2403.175963 3347.651908 569.818339 19.394877
8923.719305 -4092.809377 8926.595429 2681.212245 3353.384475 658.691838 10.229081
8829.604082 -4002.001826 8832.757796 2564.671622 3363.053280 611.570464 16.446737
8819.163671 -4029.510542 8823.079058 2575.917064 3358.600645 610.112053 17.123100
8879.373333 -4079.635582 8883.924296 2625.195244 3366.499743 631.647731 17.015402
9202.748532 -4341.344663 9206.893116 2757.420270 3414.666939 639.778180 13.832335
8816.380622 -4164.418176 8822.420080 2663.710298 3341.476528 624.703008 17.480056
8922.648159 -4278.995131 8929.203112 2746.941353 3356.393529 645.732132 17.342299
8952.263018 -4349.696096 8959.344655 2796.422991 3353.962075 656.203486 17.227903
9315.579945 -4603.691045 9322.290504 2966.947776 3412.218430 699.076555 13.991684
8866.482619 -4415.652682 8874.614706 2842.353007 3317.498565 661.502062 17.587780
8954.292770 -4538.724465 8962.800241 2934.783875 3325.068875 684.493793 17.418066
8960.563921 -4613.483303 8969.399456 2989.513995 3313.264824 695.635957 17.139519
8960.283631 -4690.320459 8969.395539 3046.714005 3298.761785 707.343638 16.753001
8955.878850 -4771.165257 8965.209117 3107.842263 3281.961608 720.046916 16.212655
9040.568669 -4987.734007 9051.333423 3313.553904 3271.765994 783.999400 14.018117
9026.129491 -5032.446200 9035.939410 3320.764356 3256.185554 774.068714 13.627624
10505.243759 -12785.792774 10513.640565 9967.556252 3449.337449 2180.377585 31.875464
30471.408738 -16276.525320 30490.958476 12721.992474 9825.194587 4307.831616 187.771726
8929.485891 -5300.802236 8939.265388 3535.293189 3174.043777 820.374962 10.406447
8905.947090 -5418.492472 8915.616357 3631.567954 3144.674253 842.848890 8.777812
8876.223746 -5540.825063 8885.728747 3732.227399 3112.672372 866.404885 6.993763
8840.139982 -5667.311242 8849.428460 3836.745957 3078.111824 890.883948 5.059912
8794.392849 -5795.272492 8803.414450 3942.839153 3040.368436 915.533474 3.020068
9284.134088 -6353.639484 9293.999276 4425.474910 3121.909000 1071.524984 -4.975196
8620.084610 -6058.203630 8628.673739 4170.833571 2937.590835 966.540057 -0.690239
8558.186272 -6161.887211 8566.387035 4257.597724 2903.540515 988.104147 -2.324459
8473.475011 -6284.619234 8481.241077 4358.805443 2854.827603 1009.837861 -4.533434
8373.794199 -6399.561436 8381.083953 4452.899130 2802.547085 1028.862929 -6.677116
8259.970118 -6505.707021 8266.747209 4538.796918 2747.097063 1044.815399 -8.719222
8131.255578 -6600.671777 8137.485172 4614.124962 2688.474493 1056.821996 -10.598117
7986.652000 -6681.575099 7992.302866 4676.078556 2626.675360 1063.855146 -12.232728
7826.134810 -6746.069949 7831.180900 4722.303988 2561.956507 1065.043081 -13.543799
7649.238886 -6791.171595 7653.659787 4749.858996 2494.510330 1059.285260 -14.432332
7455.818718 -6813.636841 7459.595842 4755.431426 2424.602253 1045.320621 -14.797821
7246.577857 -6810.801947 7249.699435 4736.350984 2352.771180 1022.163057 -14.545552
7023.715488 -6781.077172 7026.171917 4690.795677 2279.847413 989.113145 -13.611303
6788.519252 -6722.155295 6790.308832 4616.525967 2206.548012 945.375760 -11.910285
6542.703596 -6631.786430 6543.825901 4511.206297 2133.623559 890.090629 -9.371190
6292.949642 -6513.242752 6293.403911 4377.689917 2062.812491 824.385846 -6.064030
6577.806078 -6902.957200 6577.446500 4721.755970 2002.722764 872.042482 -2.035917
5213.960531 -5939.288615 5214.086049 3807.358269 1951.774642 613.476996 2.587031
5574.431415 -6026.151995 5572.862075 3844.293089 1876.278191 579.428761 7.513011
5369.990025 -5848.216747 5367.709272 3649.619227 1827.472285 492.521738 12.511472
5195.717122 -5682.812268 5192.680749 3466.407484 1787.139694 410.660572 17.223796
5277.104474 -5989.376192 5274.323870 3771.041239 1810.561546 518.564673 15.977422
5069.306056 -5655.373416 5064.683358 3390.429166 1755.050271 352.968810 22.803591
4951.133470 -5499.148338 4945.592063 3223.287353 1731.029520 284.894937 25.975149
4914.331099 -5483.170876 4907.706114 3185.324924 1720.293552 260.422682 27.616733
4903.238238 -5510.461501 4895.418145 3189.924198 1713.414483 252.455137 28.407326
4911.566319 -5577.991449 4902.444862 3234.431813 1708.896818 259.902813 28.499199
4932.697596 -5679.452477 4922.166479 3312.550704 1705.170153 280.199531 28.073133
4960.560326 -5808.201643 4948.522276 3417.976715 1701.097051 310.919206 27.328701
4989.723505 -5956.844440 4976.088059 3543.475244 1695.609973 349.258345 26.433436
5016.481000 -6119.645187 5001.171483 3683.470635 1688.207314 393.076298 25.533549
5037.447563 -6290.358391 5020.395706 3831.780337 1678.279065 439.990516 24.707933
5103.648745 -6696.459946 5085.882264 4234.266193 1700.719617 581.131861 29.223438
5107.912143 -6798.795356 5087.336960 4289.459660 1664.636080 587.098801 24.699002
5076.852192 -6881.958093 5054.468351 4361.499962 1644.443049 611.500232 24.802183
5061.471442 -7046.716765 5037.186248 4506.124457 1624.027016 656.879386 24.763805
5080.532660 -7472.265742 5055.493475 4927.992376 1635.559442 802.233607 32.420142
5038.204061 -7493.332614 5010.242417 4908.667897 1587.540721 783.745506 26.730059
4948.599827 -7561.221972 4919.035313 4954.240855 1549.329715 788.466442 26.014653
4942.832315 -7630.453801 4910.715883 5027.776816 1536.089851 822.487030 27.679622
4850.796901 -7725.716528 4817.031698 5093.260452 1494.999058 829.752593 26.299218
4773.764612 -7768.252023 4738.015122 5116.743904 1459.701345 828.016707 25.104904
4689.601798 -7774.023777 4651.805521 5102.304174 1422.697199 811.126647 23.098498
4601.287344 -7741.931459 4561.345714 5048.444544 1384.924814 778.339379 20.187322
4512.899313 -7674.471276 4470.665711 4957.236337 1347.623310 730.291952 16.365340
4429.484016 -7578.287573 4384.753166 4834.953171 1312.284398 669.317219 11.743081
4355.881510 -7464.063522 4308.398147 4692.304826 1280.430838 599.605767 6.586091
4296.179093 -7345.480090 4245.652237 4543.250997 1253.367546 526.701032 1.269258
4253.308921 -7236.906062 4199.425011 4402.497041 1231.953926 456.475283 -3.813423
4227.349367 -7149.922843 4169.813542 4282.509929 1216.378284 394.071313 -8.274139
3278.607148 -4012.628790 3226.031442 1324.755011 1423.558393 -578.456985 166.876451
4392.816958 -9889.777523 4334.713298 6789.976444 1232.855886 1148.485657 0.510924
4298.367289 -7433.634069 4228.407066 4431.174493 1211.384327 385.214260 -10.520463
4204.674325 -7129.317327 4131.637661 4157.900970 1197.270089 289.909464 -13.008347
4226.762957 -7216.269601 4149.530992 4209.343673 1201.260196 291.168228 -12.173972
4255.558689 -7316.454542 4173.816805 4279.376811 1205.485360 303.323296 -11.157031
4284.881747 -7433.865281 4198.577515 4367.640661 1210.124727 322.814600 -9.648122
4313.071077 -7564.491421 4222.183983 4470.201487 1214.663915 348.120136 -7.757717
4339.441289 -7705.468892 4243.963206 4583.928649 1218.764709 377.923754 -5.602594
4362.672176 -7852.561920 4262.625053 4704.800773 1222.076400 410.750475 -3.273061
4468.239965 -8177.543328 4361.427831 4956.295743 1234.149689 476.207471 -1.967865
4386.796959 -8101.145798 4277.668686 4916.287303 1223.405065 471.805961 1.245370
4391.600118 -8270.594324 4278.542326 5058.224043 1223.591706 510.066847 4.211171
4398.007147 -8415.346436 4280.653522 5180.104367 1222.052540 544.251410 6.450308
4399.395906 -8552.491775 4277.836007 5295.390139 1219.060983 576.288096 8.506165
4396.509313 -8680.685168 4270.811382 5402.477749 1214.680123 605.539534 10.305514
4388.698843 -8797.984606 4258.964432 5499.726924 1208.901306 631.497597 11.863774
4376.592832 -8904.034639 4242.910586 5586.612974 1201.806046 653.962195 13.142967
4360.749848 -8998.380024 4223.196611 5662.659709 1193.531498 672.793387 14.129625
4340.766010 -9081.351034 4199.456498 5728.369587 1184.174535 688.220243 14.893062
4392.037090 -9317.897885 4244.334320 5903.567801 1182.473825 729.286978 14.657993
4284.255668 -9167.728380 4135.581362 5793.647795 1161.283773 700.765717 15.310910
4248.926979 -9243.572073 4097.399756 5852.256580 1149.653095 712.703450 16.112562
4222.336718 -9273.923188 4068.157974 5881.028061 1137.717956 717.953938 16.245727
4179.805356 -9353.074620 4022.240073 5923.758436 1124.900881 723.272251 16.168568
4149.133543 -9370.509454 3988.044801 5940.161666 1111.946262 725.167712 15.991343
4113.247389 -9401.359999 3949.145180 5959.552244 1098.811392 726.597618 15.694421
4076.500749 -9427.107186 3909.463269 5974.569208 1085.511675 726.868013 15.275105
4039.078956 -9448.045956 3869.181351 5985.483444 1072.096399 726.066923 14.737495
4001.147513 -9464.386301 3828.461144 5992.493667 1058.599792 724.260067 14.080471
3963.521303 -9476.951689 3788.075225 5996.169691 1045.110970 721.582313 13.275160
3925.138196 -9483.302542 3747.015504 5994.776924 1031.535770 717.619442 12.342678
3888.660633 -9490.774573 3707.828385 5993.950176 1018.262784 713.855187 11.325975
3852.105856 -9493.083223 3668.610188 5989.040952 1005.007104 709.163555 10.191163
3815.678658 -9493.448317 3629.583101 5982.678494 991.889422 704.244685 9.024804
3780.146578 -9492.477897 3591.465268 5975.417501 978.969637 699.317442 7.792958
3745.275430 -9490.410260 3554.042503 5967.490244 966.282464 694.434343 6.544872
3711.338904 -9488.071253 3517.574012 5959.632280 953.856980 689.831737 5.281564
3678.148111 -9485.325459 3481.883129 5951.786799 941.693200 685.498052 4.023226
3645.538162 -9482.507138 3446.819474 5944.270424 929.787159 681.522512 2.791440
3613.783707 -9479.982226 3412.639139 5937.410377 918.164655 678.011831 1.576558
3582.621163 -9477.626463 3379.097933 5931.112210 906.817942 674.920266 0.402280
3552.492028 -9476.259693 3346.607270 5926.032828 895.785276 672.436585 -0.743915
3523.056840 -9475.293671 3314.848583 5921.692482 885.037989 670.405489 -1.848694
3494.336016 -9474.991359 3283.840726 5918.306895 874.568015 668.883029 -2.914653
3515.061516 -9617.213004 3299.382943 6022.171193 872.031010 695.237219 -2.214711
3435.552220 -9435.166603 3220.403066 5880.588427 852.946284 657.963433 -5.828047
3402.354327 -9451.697636 3185.801185 5894.404170 843.195320 662.366668 -6.227943
3550.626269 -9483.888719 3320.293266 5930.817514 851.745135 678.627424 -7.169966
3209.617721 -9504.677239 3003.009734 5938.098756 810.081323 672.271125 -8.081798
3372.303605 -9594.429787 3146.452614 5997.446402 822.970471 690.365146 -7.002540
3090.059660 -9209.703505 2882.420476 5700.652285 786.684676 606.913822 -0.978060
3192.445151 -9447.476023 2973.009233 5901.437955 785.601195 672.290126 -9.215188
2988.024740 -9199.001061 2782.159939 5697.256867 764.990996 608.753253 0.371374
3096.193847 -9420.298705 2877.735602 5883.033594 764.523758 669.771186 -8.227727
3096.761170 -9384.140477 2874.536531 5842.771943 762.283345 654.831463 -8.239338
3069.888617 -9384.782254 2846.458878 5843.480358 753.960898 656.238770 -8.640558
3043.453432 -9384.903600 2818.855682 5843.853273 745.760814 657.619639 -9.039716
3058.297935 -9508.204584 2829.572706 5936.680388 744.564484 683.568345 -7.151180
2988.380584 -9346.701560 2761.506352 5812.234087 728.454727 650.802751 -10.584743
2998.785021 -9482.002199 2768.449815 5918.441008 727.288106 681.928645 -8.364558
2726.923617 -9105.528614 2517.716228 5625.708785 692.939448 598.839753 -1.909699
2839.883867 -9342.994421 2617.347862 5832.281891 695.598590 669.049859 -10.193109
2830.119275 -9301.546357 2605.334449 5786.295366 692.004188 651.498454 -9.807519
2803.446956 -9297.936788 2578.170169 5783.840589 684.424105 652.299203 -9.969701
2777.316480 -9293.988302 2551.569066 5781.111601 676.958844 653.051823 -10.179140
2751.249308 -9289.252284 2525.100211 5777.699430 669.582968 653.608293 -10.400998
2725.696719 -9284.286104 2499.168746 5774.094044 662.326066 654.135509 -10.671778
2700.319280 -9278.551743 2473.467673 5769.828202 655.164759 654.475622 -10.971886
2675.148605 -9272.254552 2448.025638 5765.097212 648.103104 654.699128 -11.298267
2650.301544 -9265.459964 2422.946432 5759.954204 641.150998 654.821544 -11.653198
2426.181650 -9024.920064 2219.196984 5566.880622 614.583368 598.085570 -3.224715
2598.937659 -9366.680865 2372.217652 5856.321457 629.140574 693.315285 -9.237863
2565.762358 -9276.976457 2339.638637 5765.699512 621.911784 660.345431 -9.067892
2491.184153 -9139.458007 2269.821424 5661.292449 607.315794 632.802302 -11.367774
2467.162889 -9149.641896 2246.078252 5674.727410 601.382561 640.264059 -11.525217
2441.307859 -9139.358539 2220.648732 5666.710322 595.030963 639.654835 -11.513410
2415.863358 -9128.802579 2195.658070 5658.504948 588.814671 639.028322 -11.470014
2390.836604 -9117.945701 2171.111328 5650.060580 582.737283 638.357104 -11.389176
2366.236757 -9106.791264 2147.014807 5641.387095 576.798156 637.646092 -11.271043
2342.156221 -9095.420081 2123.448592 5632.561640 571.003601 636.921066 -11.122844
2318.068560 -9083.179775 2099.943144 5623.044617 565.300052 636.015174 -10.920810
2296.886398 -9073.989401 2079.082980 5616.110262 559.982166 635.942277 -10.793737
2272.155370 -9058.770695 2055.135599 5604.035200 554.389283 634.251300 -10.463783
2249.979270 -9046.862289 2033.516650 5595.104291 549.133248 633.699878 -10.209010
1287387.884594 156758.927205 1205254.652218 216431.752276 294101.929406 216033.449815 -90321.957601
112.671177 -7101.815014 177.144259 3241.723574 499.529174 -407.449878 321.013830
2185.972222 -9008.514061 1971.247558 5566.043306 534.107134 631.376732 -9.309277
2207.696913 -9094.803964 1988.771827 5633.724527 535.239953 653.322193 -7.773690
2131.442441 -8942.408112 1919.462911 5510.616090 522.604594 617.997940 -8.745705
2119.845165 -8954.130186 1907.564114 5526.292749 519.190728 626.653912 -8.663692
2101.451205 -8941.724565 1889.680547 5517.355931 514.828127 626.308056 -8.344690
2083.815326 -8929.632660 1872.509468 5508.753447 510.593609 626.089569 -8.048779
2066.613548 -8917.292198 1855.762930 5500.013111 506.446648 625.849463 -7.773276
2050.061508 -8905.113881 1839.628100 5491.486188 502.406961 625.694844 -7.529332
1953.683373 -8869.112463 1751.369122 5431.826780 476.172602 590.643510 -10.855256
1914.951513 -8645.722041 1719.350257 5297.061916 493.927064 583.022930 1.433247
1994.786124 -8890.030484 1786.438095 5499.082763 490.070810 641.077721 -6.281433
1959.498896 -8819.916703 1754.205671 5430.865670 484.318413 618.600765 -5.316937
1944.376261 -8806.683210 1739.536712 5421.727924 480.640802 618.306403 -5.116032
1929.733668 -8793.496784 1725.320143 5412.604617 477.042415 617.984847 -4.942324
1760.763830 -8538.476939 1576.264931 5208.520834 457.256361 562.598411 1.585445
1895.425957 -8790.011441 1692.488471 5426.599000 469.598945 631.878943 -4.026945
1861.355868 -8718.918710 1661.557618 5359.364885 464.046286 610.564460 -3.185796
1847.218321 -8704.564617 1647.928806 5349.254117 460.646959 609.863843 -3.006089
1833.908282 -8691.104884 1635.049616 5339.808981 457.362736 609.304128 -2.858620
1820.934542 -8677.565016 1622.491141 5330.201471 454.138262 608.630294 -2.732477
1808.423393 -8664.278620 1610.362237 5320.390452 450.985659 607.969476 -2.630557
1796.538256 -8651.581101 1598.803768 5311.706889 447.931521 607.245456 -2.554797
1648.151307 -8406.650932 1468.462237 5119.207791 429.930430 557.070359 2.753256
1769.243009 -8646.759660 1572.603502 5325.537819 441.506363 621.250597 -1.868602
1606.131745 -8345.266691 1429.721490 5084.344836 421.403829 556.813306 3.735319
1723.216370 -8582.326813 1530.359808 5286.149082 432.854560 618.612021 -0.600665
1692.728771 -8509.585741 1502.885817 5225.374262 427.494640 602.741173 0.016840
1680.768785 -8492.878969 1491.442554 5217.109492 424.405687 604.139596 0.160990
1669.210460 -8476.578892 1480.371002 5208.988660 421.395658 605.469398 0.289483
1657.961336 -8460.409251 1469.592917 5200.810852 418.455504 606.674193 0.394208
1685.295179 -8530.926602 1491.931726 5257.556717 419.669298 625.269412 0.718768
1621.368414 -8388.310612 1435.941239 5151.298714 410.893666 599.298245 0.662202
1620.162741 -8401.487581 1433.946187 5168.200776 409.460273 607.677227 0.554819
1610.230475 -8386.690341 1424.401593 5160.413219 406.807810 608.578179 0.621484
1600.778631 -8372.591538 1415.293755 5153.022587 404.243842 609.492351 0.672188
1594.715488 -8364.678554 1409.144061 5150.232137 402.115293 611.488130 0.606264
1477.962242 -8142.210656 1307.115147 4983.481581 386.749192 571.954108 4.178674
1464.805594 -8144.533266 1294.851906 4995.120064 384.144362 579.973927 4.656026
1545.207462 -8311.615779 1363.675352 5126.092957 392.704179 615.612482 1.938577
1520.460660 -8244.890775 1341.467261 5072.789582 388.122657 602.774582 2.314828
1510.840335 -8229.599538 1332.347191 5063.899744 385.727131 602.922314 2.419530
1501.510672 -8214.661801 1323.497363 5055.204625 383.392267 603.068135 2.516502
1492.320345 -8199.755281 1314.787457 5046.479012 381.099893 603.162798 2.608053
1483.358972 -8185.124454 1306.293597 5037.925990 378.859064 603.267743 2.694055
1474.684957 -8170.878926 1298.065610 5029.639549 376.675122 603.413275 2.772837
4072.500435 -12233.875049 3794.503813 9126.993682 964.243507 1806.944671 -11.305824
709.667859 -7577.517745 641.369509 4316.537323 253.380211 306.745165 4.472289
1449.726937 -8129.021701 1274.404749 5005.478356 370.372827 603.954448 2.976837
1441.942624 -8115.787794 1267.011759 4998.035537 368.371197 604.294777 3.030473
1434.180353 -8102.332813 1259.653742 4990.482317 366.385919 604.622667 3.081081
1426.661359 -8089.212912 1252.520138 4983.240636 364.443404 605.044523 3.124136
1419.431469 -8076.463554 1245.650057 4976.320191 362.548186 605.555894 3.156763
1330.193060 -7886.993687 1168.033258 4839.378998 350.076240 575.437834 5.521415
1402.969655 -8069.264817 1230.257619 4979.337613 359.015616 611.521469 3.538149
1384.332732 -8012.196228 1213.560504 4937.085249 355.271761 602.911941 3.726904
1377.121125 -7998.615849 1206.760977 4929.650626 353.420404 603.313615 3.766582
1370.040464 -7985.036388 1200.085823 4922.203356 351.595917 603.698772 3.803085
1363.111130 -7971.530033 1193.554388 4914.803875 349.806057 604.080174 3.834607
1356.325389 -7958.106382 1187.159438 4907.452326 348.050075 604.455340 3.862859
1349.670611 -7944.750966 1180.890939 4900.139501 346.328988 604.820605 3.887759
1343.193476 -7931.601897 1174.787781 4892.960744 344.647410 605.197747 3.909986
1336.855227 -7918.570878 1168.816949 4885.852474 343.001289 605.571654 3.930047
1330.624792 -7905.606663 1162.951707 4878.779210 341.387010 605.934495 3.948587
1324.634578 -7893.045613 1157.303938 4871.978343 339.818714 606.340993 3.964048
1318.439523 -7879.792293 1151.497327 4864.679921 338.249048 606.614129 3.980277
1312.671173 -7867.483436 1146.067409 4858.044342 336.749785 607.019808 3.990053
1306.950328 -7855.072825 1140.688569 4851.313405 335.268590 607.385763 3.999970
1301.282340 -7842.646184 1135.368195 4844.563675 333.812939 607.729513 4.007722
1295.849971 -7830.654956 1130.261615 4838.110755 332.404408 608.120827 4.010153
1290.389065 -7818.428255 1125.141860 4831.475785 331.006725 608.453838 4.012912
1285.087795 -7806.484895 1120.170800 4825.032303 329.647005 608.811410 4.011789
1197.451239 -7734.436490 1045.292068 4733.592643 315.916147 571.045590 5.525271
1352.135676 -7847.878407 1175.941225 4896.727742 338.241861 646.952318 2.754008
1269.871458 -7771.509620 1105.910948 4806.216914 325.744707 609.889588 3.992891
1264.969623 -7760.021623 1101.325483 4800.037297 324.497389 610.231841 3.982096
1260.198104 -7748.746721 1096.861883 4793.991940 323.282077 610.584368 3.968532
1255.511240 -7737.562614 1092.480318 4787.993619 322.091182 610.929065 3.953562
1250.940068 -7726.558719 1088.208158 4782.107797 320.930805 611.279750 3.935941
1246.425360 -7715.587031 1083.994452 4776.231055 319.792531 611.614733 3.917037
1241.893561 -7704.490468 1079.775537 4770.255246 318.665385 611.912453 3.899147
1237.679251 -7694.115702 1075.837923 4764.768026 317.595352 612.296027 3.874569
1182.352335 -7558.708926 1028.145715 4673.147611 309.553099 594.876399 5.072522
1226.691289 -7683.704671 1065.865236 4761.656150 315.519358 614.712302 4.028509
1216.196927 -7643.909819 1056.514357 4735.151179 313.293217 610.619979 4.065526
1211.847343 -7632.980689 1052.493886 4729.228518 312.246584 610.852700 4.054095
1207.462647 -7621.862976 1048.451607 4723.163250 311.206061 611.040816 4.043877
1203.285745 -7611.218735 1044.594188 4717.409623 310.203640 611.278387 4.030318
1199.095999 -7600.432992 1040.734062 4711.546602 309.210537 611.478314 4.017064
1194.976741 -7589.775329 1036.941836 4705.759534 308.237828 611.679047 4.003032
1190.927563 -7579.228952 1033.217569 4700.037485 307.286147 611.878042 3.987728
1186.969540 -7568.844450 1029.577406 4694.411270 306.354763 612.082473 3.971568
1183.066558 -7558.529464 1025.991691 4688.821145 305.441212 612.279880 3.954611
1179.178815 -7548.196492 1022.426418 4683.208207 304.540246 612.458560 3.937808
1175.429461 -7538.170415 1018.985755 4677.791265 303.667070 612.662802 3.918894
1171.705216 -7528.131929 1015.573408 4672.354406 302.806618 612.849289 3.899837
1168.017890 -7518.143354 1012.199082 4666.940161 301.960260 613.026856 3.880763
1164.439181 -7508.386885 1008.923195 4661.670293 301.136411 613.220046 3.860323
1160.896184 -7498.659592 1005.684691 4656.410097 300.327163 613.401662 3.839323
1157.406571 -7489.025973 1002.497663 4651.201595 299.533328 613.580464 3.817918
1153.931163 -7479.386509 999.328834 4645.979091 298.749870 613.743826 3.796870
1150.563132 -7469.990410 996.257140 4640.909041 297.988805 613.924574 3.774322
1147.225510 -7460.616510 993.216856 4635.842541 297.239061 614.093677 3.751815
1143.911248 -7451.269510 990.202364 4630.784365 296.500787 614.252024 3.729420
1140.719391 -7442.205725 987.297247 4625.904698 295.786110 614.433060 3.705165
1137.457020 -7432.908665 984.338185 4620.860525 295.070290 614.570043 3.682760
1134.352664 -7424.012479 981.517786 4616.071931 294.381425 614.745020 3.658201
1131.312637 -7415.217919 978.757112 4611.341049 293.707636 614.919728 3.632662
1128.216678 -7406.243609 975.954547 4606.482529 293.034366 615.058160 3.608704
1125.239636 -7397.574557 973.257302 4601.815370 292.383108 615.221453 3.583216
1122.262076 -7388.860610 970.565011 4597.109680 291.739448 615.365431 3.558017
1119.360310 -7380.327141 967.941990 4592.514224 291.113033 615.518863 3.531841
1116.518012 -7371.908881 965.373011 4587.983095 290.498761 615.673712 3.505429
1113.685425 -7363.487408 962.817112 4583.441415 289.892585 615.815519 3.479370
1110.887808 -7355.143948 960.295398 4578.942365 289.297468 615.954577 3.453345
1108.002513 -7346.561410 957.704085 4574.277930 288.697535 616.051627 3.429947
1105.459683 -7338.871847 955.406282 4570.190363 288.147095 616.247515 3.400358
1102.809474 -7330.801235 953.021411 4565.843382 287.586591 616.384863 3.373300
1100.119105 -7322.648031 950.606975 4561.435083 287.027557 616.500409 3.347922
1097.548617 -7314.812705 948.297509 4557.225999 286.488976 616.643459 3.320967
1094.974558 -7306.933910 945.989094 4552.980947 285.955289 616.770061 3.294542
1092.455305 -7299.191206 943.730578 4548.816436 285.433482 616.902072 3.267721
1089.989305 -7291.567707 941.520614 4544.721587 284.923171 617.037603 3.240405
1087.514534 -7283.905012 939.306793 4540.593274 284.416438 617.157465 3.213907
1085.145377 -7276.510018 937.184816 4536.629536 283.926435 617.298689 3.186132
1082.748346 -7269.018342 935.043445 4532.597188 283.438639 617.418002 3.159219
1080.344881 -7261.522929 932.901183 4528.557815 282.956965 617.526765 3.132801
1078.036790 -7254.269876 930.841404 4524.665463 282.489451 617.654022 3.105468
1075.735657 -7247.011034 928.790442 4520.761676 282.026451 617.770446 3.078614
1073.457378 -7239.814187 926.762267 4516.891787 281.571434 617.884121 3.051801
1071.238334 -7232.767433 924.786905 4513.111227 281.127742 618.005357 3.024411
1069.035088 -7225.750339 922.827927 4509.342901 280.690163 618.120131 2.997212
1066.870961 -7218.831751 920.904564 4505.630461 280.260995 618.236521 2.969866
1064.715632 -7211.931887 918.991638 4501.923638 279.837115 618.345427 2.942864
1062.601124 -7205.139099 917.115803 4498.278807 279.422039 618.457254 2.915640
1060.506623 -7198.391930 915.259368 4494.656249 279.012777 618.564946 2.888642
1288.316732 -5510.964678 987.462680 3427.636854 32.424309 618.676893 2.861342
1090.239682 -7282.559029 941.060776 4541.461620 287.662458 618.787615 2.834026
1054.425068 -7178.652701 909.874877 4484.070097 277.829565 618.891064 2.807297
1052.423146 -7172.167654 908.103359 4480.572683 277.447458 618.995357 2.780503
1050.500908 -7165.807894 906.403535 4477.188676 277.070442 619.095343 2.754013
1048.587120 -7159.550477 904.717018 4473.834226 276.705539 619.210478 2.726552
1046.651746 -7153.203321 903.011405 4470.423622 276.338396 619.302377 2.700572
1044.773113 -7147.020063 901.355367 4467.110850 275.980786 619.404404 2.674152
1042.919179 -7140.898053 899.722431 4463.831822 275.629340 619.505236 2.647704
1041.083435 -7134.824349 898.106693 4460.577206 275.282518 619.603238 2.621494
1039.268192 -7128.810864 896.510477 4457.355885 274.941409 619.700072 2.595349
1037.497580 -7122.912770 894.953282 4454.201061 274.607514 619.801744 2.568922
1035.696460 -7116.941120 893.372881 4450.995033 274.273245 619.887380 2.543589
1033.956858 -7111.143119 891.845859 4447.893354 273.948837 619.984633 2.517567
1032.239412 -7105.396832 890.339120 4444.818601 273.629114 620.079949 2.491629
1030.539992 -7099.702806 888.849440 4441.771952 273.314183 620.173568 2.465814
1028.854284 -7094.051090 887.373059 4438.746863 273.003291 620.264388 2.440236
1027.183818 -7088.445419 885.911117 4435.745733 272.696411 620.352970 2.414859
1025.541223 -7082.918937 884.474240 4432.789902 272.395185 620.443177 2.389397
1023.918250 -7077.446231 883.055297 4429.862705 272.098177 620.532110 2.364074
1022.334359 -7072.080028 881.670816 4426.998527 271.808237 620.625967 2.338374
1020.753756 -7066.722029 880.290278 4424.133607 271.519989 620.713514 2.313223
1019.179950 -7061.396293 878.917252 4421.285038 271.235216 620.797780 2.288423
1017.657092 -7056.209193 877.588217 4418.518468 270.958253 620.890254 2.263118
1016.104001 -7050.951105 876.235647 4415.703193 270.680130 620.968198 2.238935
1014.605478 -7045.848237 874.929936 4412.979913 270.410074 621.056068 2.214198
1013.140027 -7040.828501 873.653182 4410.303697 270.145475 621.146155 2.189265
1011.642636 -7035.736885 872.351314 4407.578251 269.879301 621.221823 2.165473
1010.182804 -7030.759455 871.082086 4404.919522 269.619254 621.303252 2.141419
1008.736181 -7025.820909 869.825251 4402.281094 269.362463 621.382753 2.117570
1007.332205 -7020.996920 868.605075 4399.709439 269.111845 621.468300 2.093347
1005.930127 -7016.181765 867.387635 4397.138740 268.862851 621.548470 2.069566
1004.534075 -7011.399220 866.176747 4394.585122 268.616838 621.626073 2.046044
1003.172839 -7006.715961 864.996027 4392.088852 268.376353 621.707946 2.022242
1001.805185 -7002.025702 863.811267 4389.584484 268.136970 621.782987 1.998982
1000.472124 -6997.436675 862.656464 4387.138862 267.903108 621.862677 1.975447
999.150108 -6992.881947 861.511954 4384.710273 267.671921 621.939923 1.952139
997.843383 -6988.376732 860.381254 4382.308283 267.443919 622.016451 1.928980
996.549922 -6983.915667 859.262672 4379.929699 267.218870 622.091801 1.906012
995.219870 -6979.379204 858.114841 4377.500976 266.991467 622.153507 1.884263
993.929396 -6974.963910 857.001052 4375.143767 266.770189 622.222317 1.862136
992.749773 -6970.821247 855.979976 4372.949403 266.561681 622.313389 1.838202
991.510290 -6966.529863 854.910600 4370.660976 266.348719 622.383507 1.815818
990.292370 -6962.315942 853.859940 4368.415878 266.139364 622.455852 1.793475
989.094742 -6958.163707 852.827189 4366.205570 265.933769 622.529259 1.771136
987.907803 -6954.045695 851.804097 4364.012494 265.730345 622.600855 1.749042
986.738306 -6949.981937 850.796346 4361.849386 265.530016 622.672897 1.727060
985.571601 -6945.935659 849.791725 4359.693518 265.331090 622.741599 1.705512
984.426825 -6941.956451 848.806131 4357.575506 265.135707 622.812174 1.683994
983.295514 -6938.020235 847.832523 4355.480583 264.942887 622.882185 1.662676
982.194111 -6934.164191 846.884220 4353.430305 264.753793 622.955132 1.641281
981.068699 -6930.266616 845.917351 4351.353688 264.564287 623.019583 1.620687
979.981266 -6926.476959 844.982523 4349.339104 264.379564 623.089987 1.599789
978.881345 -6922.666357 844.038174 4347.308970 264.194665 623.153570 1.579548
977.818154 -6918.960133 843.124914 4345.339519 264.014582 623.223155 1.558995
976.765499 -6915.288889 842.221244 4343.389006 263.836853 623.291789 1.538601
975.714711 -6911.632882 841.319712 4341.444115 263.660103 623.357043 1.518590
974.688129 -6908.049343 840.439005 4339.540560 263.487091 623.424962 1.498443
973.654307 -6904.459190 839.553055 4337.630135 263.314420 623.487578 1.478799
972.651049 -6900.955263 838.692959 4335.768624 263.145739 623.554092 1.458933
971.650426 -6897.466013 837.835691 4333.913064 262.978247 623.617525 1.439391
970.669490 -6894.037796 836.995427 4332.092111 262.813918 623.682756 1.419803
969.683607 -6890.608288 836.151667 4330.267531 262.649935 623.743473 1.400701
968.724158 -6887.256264 835.330389 4328.487338 262.489655 623.807673 1.381445
967.774495 -6883.936461 834.517776 4326.723963 262.331200 623.870846 1.362389
966.824697 -6880.629811 833.705713 4324.966434 262.173770 623.931326 1.343695
965.896495 -6877.387123 832.912003 4323.244814 262.019302 623.993989 1.324976
964.979837 -6874.181993 832.128397 4321.543463 261.866858 624.056339 1.306420
964.071908 -6871.009298 831.352556 4319.859241 261.716143 624.117874 1.288078
963.174014 -6867.873402 830.585610 4318.195079 261.567409 624.179139 1.269899
962.282479 -6864.764096 829.824415 4316.544370 261.420075 624.239012 1.251978
961.413285 -6861.719361 829.082186 4314.930146 261.275808 624.301299 1.233991
960.530340 -6858.653663 828.329181 4313.301303 261.131048 624.357786 1.216619
959.668881 -6855.653470 827.594393 4311.709507 260.989242 624.416854 1.199184
958.814571 -6852.679808 826.865983 4310.131364 260.848878 624.474736 1.181977
957.986075 -6849.776150 826.159227 4308.592422 260.711611 624.535518 1.164667
957.153936 -6846.874801 825.450041 4307.053256 260.574904 624.593053 1.147754
956.329139 -6844.004489 824.747386 4305.530726 260.439719 624.650056 1.131035
955.518907 -6841.179363 824.057160 4304.033039 260.306646 624.707820 1.114396
954.714971 -6838.380130 823.372599 4302.548915 260.174978 624.764556 1.097975
953.931990 -6835.642255 822.705801 4301.099308 260.046273 624.823399 1.081462
953.151852 -6832.922255 822.041878 4299.658478 259.918785 624.880305 1.065193
952.366280 -6830.204213 821.374026 4298.217277 259.791752 624.933999 1.049311
951.603454 -6827.550537 820.725249 4296.811972 259.667520 624.990210 1.033364
950.849353 -6824.868423 820.083403 4295.419906 259.544570 625.045395 1.017651
950.117368 -6822.736080 819.448385 4294.043327 259.423051 625.100089 1.002141
949.365601 -6819.761349 818.822708 4292.685413 259.303090 625.154791 0.986805
948.634298 -6817.219316 818.201294 4291.338470 259.184194 625.208412 0.971735
947.909568 -6814.702757 817.585597 4290.004876 259.066420 625.261429 0.956913
947.161583 -6812.152810 816.951604 4288.652679 258.947991 625.309278 0.942669
946.497462 -6809.789923 816.385848 4287.403406 258.836030 625.369486 0.927637
945.811930 -6807.388035 815.803410 4286.132483 258.723710 625.423951 0.913150
945.108683 -6804.964586 815.206951 4284.848368 258.610771 625.473816 0.899178
944.436507 -6802.623860 814.636280 4283.610891 258.501251 625.528129 0.884973
943.755748 -6800.273282 814.059004 4282.366543 258.391725 625.578682 0.871186
943.091864 -6797.972948 813.495912 4281.150120 258.284387 625.630878 0.857390
942.433331 -6795.693395 812.937519 4279.944228 258.178076 625.682017 0.843809
941.784023 -6793.444056 812.386972 4278.754476 258.073085 625.733123 0.830385
941.139691 -6791.215670 811.840813 4277.575577 257.969093 625.783376 0.817176
940.501393 -6789.015700 811.299169 4276.409934 257.865738 625.832745 0.804091
939.884246 -6786.857262 810.776647 4275.272789 257.766088 625.885403 0.791160
939.240507 -6784.669048 810.232011 4274.112108 257.663853 625.930307 0.778666
938.638367 -6782.577457 809.721686 4273.007794 257.566081 625.981997 0.765873
917.804349 -6771.028423 789.106290 4268.227760 250.227597 622.082028 -0.200363
956.814161 -6780.231695 825.212778 4278.303388 262.011823 631.694341 1.289723
936.839771 -6776.371628 808.198918 4269.727075 257.276888 626.127150 0.729015
936.259985 -6774.363975 807.707977 4268.665494 257.183197 626.175325 0.716943
935.673343 -6772.350629 807.211747 4267.599750 257.089529 626.220596 0.705209
935.103882 -6770.384306 806.729770 4266.559764 256.997762 626.267475 0.693481
934.539325 -6768.437735 806.252118 4265.530564 256.907036 626.313870 0.681919
933.978203 -6766.511043 805.776921 4264.510222 256.816659 626.359135 0.670533
933.433670 -6764.617727 805.316665 4263.512417 256.729123 626.406797 0.659326
932.887070 -6762.742954 804.854458 4262.520593 256.641258 626.451991 0.648212
932.344434 -6760.881527 804.395763 4261.537078 256.554467 626.496919 0.637344
931.813221 -6759.053825 803.946607 4260.571794 256.469065 626.542465 0.626572
931.283962 -6757.239400 803.499322 4259.613425 256.384369 626.587021 0.616003
930.765114 -6755.456079 803.060746 4258.671806 256.300975 626.631998 0.605535
930.247553 -6753.684527 802.623482 4257.736220 256.218217 626.675877 0.595281
929.737361 -6751.937491 802.192442 4256.813642 256.136510 626.719645 0.585156
929.230271 -6750.205825 801.764185 4255.899120 256.055566 626.762638 0.575191
928.733962 -6748.505230 801.344927 4255.001336 255.975927 626.806107 0.565292
928.241660 -6746.820561 800.929140 4254.111713 255.897020 626.848828 0.555554
927.753742 -6745.153871 800.517162 4253.231816 255.818938 626.891204 0.545948
927.273214 -6743.510433 800.111386 4252.364193 255.741818 626.933490 0.536468
926.801385 -6741.893104 799.712903 4251.510581 255.665833 626.975938 0.527085
926.332031 -6740.289988 799.316709 4250.664687 255.590623 627.017725 0.517844
925.864132 -6738.698962 798.921937 4249.825096 255.516039 627.058614 0.508771
925.406020 -6737.136964 798.535350 4249.001249 255.442711 627.099955 0.499767
924.942919 -6735.575287 798.145064 4248.178017 255.369757 627.139810 0.490934
924.505095 -6734.069856 797.775286 4247.383963 255.298692 627.181700 0.482131
924.060823 -6732.559880 797.400608 4246.587753 255.227844 627.221732 0.473530
923.622736 -6731.071029 797.031123 4245.802685 255.157845 627.261650 0.465052
923.188296 -6729.597489 796.664799 4245.025736 255.088556 627.301078 0.456716
922.762289 -6728.148615 796.305497 4244.261960 255.020283 627.340720 0.448480
922.340581 -6726.715738 795.949866 4243.506634 254.952733 627.379947 0.440385
921.918827 -6725.290869 795.594403 4242.755524 254.885627 627.418237 0.432458
921.506876 -6723.893298 795.247050 4242.019019 254.819604 627.456994 0.424617
921.097169 -6722.507513 794.901709 4241.288754 254.754166 627.495100 0.416925
920.692029 -6721.139069 794.560280 4240.567896 254.689530 627.533016 0.409336
920.289802 -6719.791362 794.220663 4239.857923 254.623945 627.570981 0.401821
919.944213 -6718.540014 793.928666 4239.200827 254.566485 627.614169 0.394076
919.517665 -6717.160094 793.570602 4238.473139 254.501635 627.646479 0.387044
919.129777 -6715.860275 793.244014 4237.789310 254.440240 627.683421 0.379815
918.752022 -6714.584110 792.925749 4237.117611 254.379817 627.720396 0.372707
918.374882 -6713.315517 792.608143 4236.449756 254.319794 627.756478 0.365755
918.003500 -6712.065099 792.295337 4235.791501 254.260501 627.792482 0.358915
917.637719 -6710.832129 791.987208 4235.142479 254.201931 627.828376 0.352190
917.272148 -6709.606924 791.679441 4234.497737 254.143812 627.863560 0.345592
916.913959 -6708.403793 791.377834 4233.864797 254.086663 627.898885 0.339066
916.559364 -6707.215174 791.079349 4233.239774 254.030267 627.933905 0.332624
916.209113 -6706.041987 790.784551 4232.622964 253.974581 627.968666 0.326278
915.863985 -6704.885464 790.494059 4232.015039 253.919636 628.003297 0.320021
915.519713 -6703.736780 790.204399 4231.411105 253.865078 628.037155 0.313900
915.183404 -6702.609703 789.921303 4230.818550 253.811367 628.071230 0.307864
914.849493 -6701.493320 789.640292 4230.231655 253.758163 628.104823 0.301941
914.519977 -6700.391577 789.362966 4229.652503 253.705571 628.138231 0.296120
914.193622 -6699.301352 789.088294 4229.079286 253.653434 628.171238 0.290429
913.870139 -6698.223036 788.816092 4228.512510 253.601840 628.203961 0.284837
913.551265 -6697.160125 788.547773 4227.954070 253.550937 628.236628 0.279323
913.234470 -6696.107524 788.281291 4227.401157 253.500549 628.268843 0.273908
912.925668 -6695.076584 788.021419 4226.859839 253.451072 628.301392 0.268546
912.616905 -6694.051892 787.761750 4226.321938 253.401996 628.333242 0.263281
912.310536 -6693.038000 787.504159 4225.789760 253.353432 628.364683 0.258104
912.008638 -6692.038963 787.250337 4225.265613 253.305548 628.396056 0.252986
911.711235 -6691.054179 787.000281 4224.749018 253.258293 628.427280 0.247942
911.418594 -6690.083307 786.754165 4224.239508 253.211591 628.458249 0.243000
911.129324 -6689.124559 786.510911 4223.736514 253.165451 628.488999 0.238132
910.842326 -6688.175577 786.269615 4223.238669 253.119764 628.519345 0.233349
910.559597 -6687.239752 786.031883 4222.747667 253.074633 628.549476 0.228629
910.278018 -6686.311454 785.795214 4222.260686 253.029896 628.579093 0.223981
910.002412 -6685.399322 785.563463 4221.782086 252.985792 628.608711 0.219409
909.729937 -6684.498190 785.334360 4221.309322 252.942191 628.638064 0.214918
909.456488 -6683.601432 785.104640 4220.839235 252.898931 628.666852 0.210496
909.192100 -6682.727371 784.882359 4220.381117 252.856600 628.696070 0.206124
908.928825 -6681.861018 784.661140 4219.927268 252.814742 628.724830 0.201820
908.666597 -6681.002402 784.440910 4219.477681 252.773313 628.753175 0.197582
908.410987 -6680.160742 784.226101 4219.036824 252.732536 628.781590 0.193423
908.155653 -6679.324535 784.011636 4218.598934 252.692077 628.809462 0.189343
907.903473 -6678.498849 783.799801 4218.166484 252.652049 628.837075 0.185347
907.666233 -6677.704458 783.600045 4217.750080 252.613096 628.865659 0.181415
907.411669 -6676.883645 783.386524 4217.320449 252.573495 628.891908 0.177583
907.171528 -6676.094029 783.184652 4216.906815 252.534917 628.919169 0.173816
906.929710 -6675.306147 782.981576 4216.494439 252.496583 628.945793 0.170110
906.693746 -6674.533319 782.783286 4216.089793 252.458811 628.972462 0.166485
906.459037 -6673.767650 782.586133 4215.689113 252.421427 628.998806 0.162918
906.226444 -6673.010763 782.390801 4215.293195 252.384467 629.024919 0.159405
905.999086 -6672.267602 782.199766 4214.904354 252.348046 629.051016 0.155963
905.771608 -6671.529099 782.008768 4214.518226 252.311945 629.076670 0.152565
905.547554 -6670.801294 781.820623 4214.137707 252.276301 629.102178 0.149224
905.327453 -6670.084947 781.635756 4213.763197 252.241146 629.127591 0.145937
905.109010 -6669.375822 781.452324 4213.392505 252.206344 629.152665 0.142710
904.893865 -6668.676805 781.271634 4213.027077 252.171972 629.177568 0.139543
904.678297 -6667.981966 781.090741 4212.664211 252.137910 629.202087 0.136404
904.470270 -6667.304298 780.915963 4212.309993 252.104461 629.226774 0.133350
904.261081 -6666.628974 780.740375 4211.957317 252.071254 629.250954 0.130335
904.055412 -6665.963915 780.567696 4211.609961 252.038463 629.275012 0.127377
903.852417 -6665.307348 780.397250 4211.267006 252.006039 629.298840 0.124474
903.650088 -6664.656232 780.227450 4210.927114 251.973925 629.322352 0.121604
903.454026 -6664.019556 780.062738 4210.594470 251.942322 629.345929 0.118808
903.256295 -6663.384295 779.896814 4210.262956 251.910929 629.369021 0.116036
903.062879 -6662.760395 779.734426 4209.937267 251.879973 629.392073 0.113327
902.871406 -6662.143701 779.573689 4209.615407 251.849359 629.414893 0.110670
902.682678 -6661.535747 779.415247 4209.298176 251.819135 629.437583 0.108061
902.495590 -6660.934406 779.258209 4208.984445 251.789229 629.460006 0.105505
902.309634 -6660.339059 779.102179 4208.674013 251.759641 629.482181 0.102986
902.126378 -6659.752231 778.948402 4208.368078 251.730432 629.504226 0.100511
901.946974 -6659.175490 778.797786 4208.067274 251.701628 629.526162 0.098097
901.767270 -6658.602708 778.647067 4207.768902 251.673153 629.547756 0.095693
901.591023 -6658.039828 778.499215 4207.475694 251.645122 629.569258 0.093327
901.417344 -6657.485065 778.353516 4207.186767 251.617475 629.590602 0.090995
901.245052 -6656.936121 778.209009 4206.900906 251.590118 629.611665 0.088705
901.076160 -6656.396066 778.067283 4206.619499 251.563104 629.632577 0.086477
900.908310 -6655.861192 777.926472 4206.340896 251.536359 629.653229 0.084284
900.740796 -6655.330335 777.786010 4206.064533 251.509843 629.673582 0.082127
900.578040 -6654.810532 777.649406 4205.793685 251.483719 629.693923 0.080041
900.417404 -6654.297583 777.514577 4205.526464 251.457912 629.714109 0.077996
900.255557 -6653.786081 777.378869 4205.260285 251.432280 629.733906 0.075974
900.097965 -6653.284843 777.246624 4204.999272 251.407028 629.753678 0.074016
899.941446 -6652.788797 777.115327 4204.741143 251.382063 629.773255 0.072082
899.786032 -6652.298082 776.985004 4204.485977 251.357386 629.792654 0.070170
899.635548 -6651.818234 776.858665 4204.236115 251.333084 629.812010 0.068335
899.484667 -6651.341052 776.732104 4203.987916 251.309003 629.831066 0.066512
899.334256 -6650.868096 776.606009 4203.742139 251.285178 629.849907 0.064702
899.188045 -6650.405004 776.483329 4203.501301 251.261722 629.868720 0.062947
899.041985 -6649.945284 776.360855 4203.262417 251.238492 629.887266 0.061208
898.898312 -6649.492403 776.240352 4203.027034 251.215551 629.905669 0.059510
898.757370 -6649.046801 776.122093 4202.795351 251.192911 629.923948 0.057856
898.615764 -6648.603314 776.003396 4202.565082 251.170474 629.941949 0.056203
898.477350 -6648.167816 775.887304 4202.338817 251.148346 629.959854 0.054600
898.340347 -6647.737390 775.772406 4202.115214 251.126467 629.977558 0.053029
898.205153 -6647.312799 775.659022 4201.894688 251.104859 629.995127 0.051488
898.071635 -6646.893608 775.547036 4201.676981 251.083491 630.012542 0.049981
897.937758 -6646.476756 775.434841 4201.460722 251.062308 630.029696 0.048483
897.808449 -6646.069868 775.326338 4201.249352 251.041473 630.046842 0.047050
897.678200 -6645.664438 775.217175 4201.039071 251.020826 630.063707 0.045614
897.550015 -6645.265271 775.109732 4200.832088 251.000468 630.080476 0.044202
897.424934 -6644.873580 775.004819 4200.628821 250.980402 630.097145 0.042840
897.299482 -6644.484142 774.899693 4200.426989 250.960534 630.113574 0.041478
897.176727 -6644.101631 774.796776 4200.228658 250.940948 630.129910 0.040152
897.054824 -6643.723066 774.694607 4200.032458 250.921582 630.146046 0.038843
896.935495 -6643.350896 774.594536 4199.839416 250.902465 630.162048 0.037581
896.816488 -6642.981814 774.494791 4199.648139 250.883546 630.177852 0.036328
896.698936 -6642.617358 774.396257 4199.459229 250.864833 630.193483 0.035109
896.584552 -6642.260306 774.300299 4199.274033 250.846402 630.209076 0.033930
896.469229 -6641.904044 774.203660 4199.089501 250.828089 630.224407 0.032743
896.356459 -6641.553986 774.109099 4198.908061 250.810002 630.239653 0.031594
896.245060 -6641.208234 774.015682 4198.728828 250.792107 630.254735 0.030478
896.134067 -6640.865575 773.922655 4198.551361 250.774400 630.269654 0.029374
896.025625 -6640.529259 773.831712 4198.377103 250.756949 630.284512 0.028310
895.917079 -6640.195180 773.740753 4198.204210 250.739668 630.299177 0.027254
895.810798 -6639.867063 773.651655 4198.034386 250.722642 630.313786 0.026227
895.705710 -6639.542925 773.563559 4197.866609 250.705808 630.328224 0.025231
895.601667 -6639.222638 773.476350 4197.700866 250.689168 630.342506 0.024253
895.498166 -6638.905629 773.389640 4197.537000 250.672729 630.356662 0.023274
895.396532 -6638.593404 773.304454 4197.375475 250.656477 630.370665 0.022335
895.296122 -6638.285245 773.220298 4197.216109 250.640424 630.384551 0.021410
895.197784 -6637.982230 773.137833 4197.059298 250.624575 630.398328 0.020518
895.099027 -6637.680779 773.055098 4196.903548 250.608875 630.411931 0.019617
895.002350 -6637.384486 772.974060 4196.750363 250.593377 630.425435 0.018750
894.906519 -6637.091481 772.893746 4196.598931 250.578051 630.438793 0.017898
894.812147 -6636.802716 772.814642 4196.449683 250.562917 630.452040 0.017067
894.719326 -6636.518133 772.736813 4196.302520 250.547961 630.465149 0.016267
894.625891 -6636.234802 772.658563 4196.156299 250.533154 630.478096 0.015449
894.534867 -6635.956892 772.582264 4196.012694 250.518543 630.490945 0.014676
894.444916 -6635.682520 772.506868 4195.870955 250.504110 630.503673 0.013915
894.355594 -6635.410966 772.432022 4195.730736 250.489833 630.516255 0.013167
894.268008 -6635.143845 772.358598 4195.592739 250.475742 630.528738 0.012445
894.181271 -6634.879868 772.285898 4195.456425 250.461817 630.541097 0.011733
894.095160 -6634.618599 772.213741 4195.321550 250.448038 630.553305 0.011036
894.010235 -6634.360984 772.142574 4195.188593 250.434435 630.565417 0.010351
893.927715 -6634.108555 772.073348 4195.058107 250.421014 630.577434 0.009712
893.844133 -6633.856412 772.003339 4194.928071 250.407705 630.589272 0.009052
893.760982 -6633.606899 771.933728 4194.799558 250.394558 630.601021 0.008386
893.680429 -6633.362714 771.866204 4194.673542 250.381584 630.612679 0.007772
893.600641 -6633.121322 771.799331 4194.549016 250.368757 630.624218 0.007169
893.522347 -6632.883747 771.733682 4194.426395 250.356089 630.635657 0.006590
893.443986 -6632.647867 771.668034 4194.304843 250.343561 630.646976 0.006000
893.366124 -6632.414394 771.602826 4194.184608 250.331171 630.658173 0.005416
893.288870 -6632.183659 771.538154 4194.065918 250.318943 630.669289 0.004826
893.209022 -6631.951509 771.471519 4193.947231 250.306851 630.680321 0.004147
893.141372 -6631.736019 771.414415 4193.834728 250.294892 630.691106 0.003832
893.067710 -6631.514846 771.352697 4193.720785 250.283084 630.701854 0.003316
892.994804 -6631.296739 771.291636 4193.608533 250.271453 630.712525 0.002797
892.923571 -6631.082616 771.231941 4193.498231 250.259990 630.723096 0.002306
892.852419 -6630.870260 771.172361 4193.388992 250.248663 630.733548 0.001806
892.782434 -6630.661041 771.113741 4193.281312 250.237474 630.743887 0.001325
892.713747 -6630.455069 771.056181 4193.175223 250.226418 630.754119 0.000866
892.644851 -6630.250276 770.998499 4193.069906 250.215470 630.764228 0.000398
892.577258 -6630.048669 770.941877 4192.966131 250.204646 630.774228 -0.000043
892.510284 -6629.849373 770.885783 4192.863597 250.193946 630.784133 -0.000479
892.444977 -6629.653675 770.831030 4192.762755 250.183369 630.793938 -0.000877
892.379584 -6629.459326 770.776256 4192.662777 250.172907 630.803643 -0.001284
892.315426 -6629.268085 770.722490 4192.564347 250.162574 630.813265 -0.001669
892.251338 -6629.078326 770.668820 4192.466811 250.152351 630.822786 -0.002058
892.188320 -6628.891508 770.616036 4192.370791 250.142265 630.832240 -0.002436
892.126519 -6628.707663 770.564244 4192.276228 250.132301 630.841600 -0.002790
892.065518 -6628.526269 770.513121 4192.182933 250.122458 630.850870 -0.003134
892.004576 -6628.346323 770.462086 4192.090514 250.112727 630.860041 -0.003485
891.944459 -6628.168831 770.411737 4191.999345 250.103113 630.869116 -0.003824
889.354558 -6622.625756 771.640896 4194.779681 250.801929 633.725671 -0.004152
892.143603 -6628.486503 770.560732 4192.466999 250.098685 631.053346 -0.004487
891.769012 -6627.650751 770.264771 4191.733154 250.074959 630.895764 -0.004776
891.711555 -6627.481995 770.216664 4191.646542 250.065795 630.904466 -0.005088
891.654631 -6627.315211 770.169012 4191.560985 250.056737 630.913081 -0.005398
891.599598 -6627.152131 770.122875 4191.477129 250.047796 630.921618 -0.005669
891.543996 -6626.989518 770.076331 4191.393741 250.038950 630.930060 -0.005963
891.490066 -6626.830217 770.031126 4191.311854 250.030207 630.938405 -0.006218
891.435724 -6626.671686 769.985642 4191.230609 250.021572 630.946686 -0.006500
891.382743 -6626.516034 769.941254 4191.150692 250.013038 630.954867 -0.006751
891.330145 -6626.362032 769.897202 4191.071672 250.004606 630.962957 -0.007002
891.278070 -6626.209858 769.853595 4190.993614 249.996273 630.970958 -0.007249
858.876287 -10567.845040 761.459768 7430.584394 248.853583 1129.979933 -0.007482
890.723485 -6622.770607 769.406137 4187.517391 249.927964 629.954342 -0.007711
891.126442 -6625.766054 769.726575 4190.765866 249.971877 630.994472 -0.007920
891.076666 -6625.621391 769.684906 4190.691759 249.963941 631.002166 -0.008146
890.837295 -6625.268184 769.496844 4190.557499 249.958331 631.015877 -0.015747
891.018103 -6625.384274 769.633369 4190.560954 249.947992 631.016150 -0.007099
890.968779 -6625.240954 769.592171 4190.487646 249.940345 631.023345 -0.007304
890.920426 -6625.102406 769.551749 4190.416929 249.932774 631.030802 -0.007541
890.872117 -6624.964967 769.511394 4190.346889 249.925291 631.038182 -0.007786
890.824874 -6624.829919 769.471902 4190.277982 249.917899 631.045482 -0.008012
890.777946 -6624.696279 769.432689 4190.209853 249.910594 631.052708 -0.008238
786.752841 -6632.903448 684.999166 4128.316172 232.550825 581.166399 0.877949
893.484430 -6621.427844 771.654571 4184.808664 250.292964 628.123218 -0.007440
890.675537 -6624.346262 769.344888 4190.022991 249.888799 631.072757 -0.007504
890.629121 -6624.215202 769.306217 4189.956428 249.881852 631.079490 -0.007729
890.583519 -6624.088127 769.268195 4189.892011 249.874970 631.086417 -0.007979
890.538497 -6623.962785 769.230657 4189.828486 249.868178 631.093274 -0.008225
890.494121 -6623.839165 769.193652 4189.765807 249.861465 631.100045 -0.008460
890.451771 -6623.718962 769.158253 4189.704568 249.854836 631.106722 -0.008644
890.414077 -6623.605325 769.126505 4189.645841 249.848288 631.113277 -0.008692
890.207910 -6623.312123 768.964929 4189.538488 249.844406 631.126227 -0.015756
890.354090 -6623.397097 769.074871 4189.533823 249.834985 631.125183 -0.008031
890.311040 -6623.278055 769.039062 4189.473680 249.828685 631.131456 -0.008258
890.268015 -6623.161639 769.003290 4189.415129 249.822451 631.137900 -0.008531
890.225585 -6623.046845 768.968010 4189.357390 249.816294 631.144275 -0.008795
890.183638 -6622.933504 768.933133 4189.300400 249.810211 631.150584 -0.009053
890.141962 -6622.821383 768.898496 4189.244092 249.804206 631.156836 -0.009315
890.100903 -6622.710849 768.864366 4189.188565 249.798274 631.163017 -0.009566
889.917242 -6622.453081 768.720558 4189.095851 249.795104 631.175426 -0.016107
890.048834 -6622.525764 768.819339 4189.088453 249.786164 631.173932 -0.008822
890.007913 -6622.416499 768.785409 4189.033766 249.780461 631.179799 -0.009080
889.967286 -6622.309842 768.751726 4188.980592 249.774824 631.185808 -0.009371
889.927059 -6622.204481 768.718382 4188.928096 249.769258 631.191753 -0.009661
889.887160 -6622.100304 768.685319 4188.876228 249.763760 631.197633 -0.009948
889.847943 -6621.997769 768.652812 4188.825158 249.758334 631.203447 -0.010225
889.677686 -6621.762435 768.519633 4188.741996 249.755712 631.215415 -0.016477
889.796690 -6621.824644 768.608794 4188.732406 249.747209 631.213630 -0.009606
889.757407 -6621.723199 768.576325 4188.682122 249.742002 631.219162 -0.009901
889.718466 -6621.624091 768.544138 4188.633163 249.736851 631.224801 -0.010221
889.679557 -6621.525841 768.512004 4188.584763 249.731775 631.230403 -0.010556
889.642108 -6621.429903 768.481021 4188.537270 249.726743 631.235898 -0.010841
889.603867 -6621.333886 768.449455 4188.490045 249.721794 631.241377 -0.011173
889.566404 -6621.239487 768.418514 4188.443552 249.716904 631.246779 -0.011485
889.529270 -6621.146185 768.387853 4188.397628 249.712077 631.252117 -0.011795
888.614247 -6618.901120 767.596849 4197.738572 249.971400 641.071016 0.926072
889.364518 -6620.874745 768.257308 4188.315278 249.706357 631.290580 -0.014692
889.465728 -6620.920316 768.332797 4188.274832 249.697013 631.265255 -0.010555
889.428290 -6620.828586 768.302007 4188.230118 249.692455 631.270358 -0.010915
889.390620 -6620.738226 768.271056 4188.186341 249.687958 631.275551 -0.011318
889.353563 -6620.649231 768.240602 4188.143197 249.683516 631.280674 -0.011707
889.317148 -6620.561590 768.210665 4188.100666 249.679121 631.285722 -0.012078
889.280809 -6620.474760 768.180812 4188.058641 249.674793 631.290734 -0.012460
889.244302 -6620.388443 768.150853 4188.017017 249.670531 631.295710 -0.012862
889.208303 -6620.303373 768.121312 4187.975993 249.666326 631.300619 -0.013255
943.641984 -6371.460919 658.082448 4193.303317 247.937566 631.305464 -0.013641
889.606310 -6621.981391 768.498073 4188.976103 249.887133 631.302537 -0.004873
889.146454 -6620.100345 768.068439 4187.868643 249.653447 631.313580 -0.012652
889.113616 -6620.022240 768.041417 4187.830815 249.649423 631.318379 -0.012988
888.981337 -6619.848331 767.938280 4187.773022 249.648188 631.328727 -0.018323
889.068350 -6619.886526 768.003106 4187.759861 249.641075 631.326353 -0.012644
889.035546 -6619.808515 767.976186 4187.722178 249.637233 631.330810 -0.012979
888.906867 -6619.640573 767.875901 4187.666875 249.636143 631.340980 -0.018230
888.894815 -6619.585576 767.864935 4187.635257 249.631911 631.344242 -0.017584
889.186400 -6619.845523 768.087612 4187.684049 249.622096 631.333964 -0.003469
888.982851 -6619.583502 767.929048 4187.595508 249.620759 631.344768 -0.010873
888.860293 -6619.425489 767.833565 4187.544237 249.619801 631.354822 -0.015974
888.938732 -6619.457374 767.891879 4187.530357 249.613076 631.352489 -0.010668
888.907208 -6619.384688 767.866082 4187.495671 249.609568 631.356768 -0.011044
888.787555 -6619.230838 767.772917 4187.446058 249.608757 631.366560 -0.016064
888.775301 -6619.179079 767.761919 4187.416686 249.604853 631.369675 -0.015502
888.762429 -6619.126672 767.750469 4187.387171 249.601013 631.372727 -0.014967
759.369903 -10235.370388 665.663289 7155.436323 235.061069 1086.450684 -0.006280
888.694901 -6618.485124 767.689171 4186.589712 249.570250 631.091337 -0.007967
888.823657 -6619.066490 767.792655 4187.319667 249.586954 631.376414 -0.008433
888.792627 -6618.998456 767.767362 4187.287839 249.583766 631.380636 -0.008889
888.761775 -6618.931146 767.742225 4187.256410 249.580625 631.384812 -0.009350
888.730860 -6618.864310 767.717060 4187.225319 249.577539 631.388957 -0.009825
888.700389 -6618.798456 767.692256 4187.194684 249.574493 631.393044 -0.010291
888.669893 -6618.733129 767.667452 4187.164409 249.571501 631.397103 -0.010771
888.813358 -6618.848225 767.776495 4187.180086 249.565293 631.393299 -0.003504
888.643171 -6618.637685 767.644233 4187.112807 249.564924 631.403651 -0.010211
888.539052 -6618.508192 767.563299 4187.072891 249.564552 631.412721 -0.014810
888.601434 -6618.529604 767.609474 4187.058652 249.558704 631.410475 -0.010254
888.572837 -6618.468230 767.586220 4187.030241 249.555904 631.414303 -0.010695
808.622022 -6605.741454 701.320752 4163.917913 236.346159 618.556095 0.765752
888.471300 -6618.340796 767.502315 4186.964911 249.541210 631.417560 -0.011278
888.647159 -6618.450661 767.639591 4186.986988 249.544439 631.418018 -0.004731
889.378864 -6616.837354 766.839770 4190.355435 248.449327 633.648285 -0.055003
888.715005 -6618.186178 767.712437 4186.941059 249.609142 631.476729 -0.005162
888.437112 -6618.147124 767.474548 4186.875529 249.539168 631.435352 -0.011941
888.343626 -6618.032444 767.401964 4186.841015 249.539034 631.443697 -0.016180
888.331399 -6617.990488 767.391349 4186.818103 249.536080 631.446241 -0.015827
888.319266 -6617.948736 767.380825 4186.795313 249.533166 631.448728 -0.015474
888.371845 -6617.963812 767.419612 4186.780961 249.527908 631.446520 -0.011405
888.344630 -6617.908734 767.397599 4186.756136 249.525548 631.450049 -0.011904
888.460725 -6617.996464 767.485571 4186.764205 249.519879 631.446071 -0.005552
888.459463 -6617.966487 767.483458 4186.744812 249.516872 631.448201 -0.004785
888.319477 -6617.800329 767.374928 4186.694992 249.517199 631.457758 -0.010737
888.295293 -6617.750272 767.355286 4186.672103 249.514894 631.461108 -0.011141
888.210583 -6617.648247 767.289591 4186.642222 249.514953 631.468849 -0.015100
888.199595 -6617.610749 767.280051 4186.621709 249.512293 631.471118 -0.014769
888.247081 -6617.623302 767.315024 4186.607837 249.507402 631.468966 -0.010982
1017.321124 -5945.031709 819.077722 3805.094427 177.172585 631.472207 -0.011448
888.399366 -6618.175018 767.440442 4186.856509 249.524672 631.475442 -0.011916
888.173263 -6617.476855 767.255385 4186.542411 249.501175 631.478667 -0.012407
888.149164 -6617.429360 767.235920 4186.521227 249.499160 631.481814 -0.012873
888.069085 -6617.335077 767.173898 4186.494545 249.499422 631.489226 -0.016708
888.112163 -6617.345511 767.205563 4186.481110 249.494836 631.487147 -0.013171
888.033059 -6617.252785 767.144320 4186.455069 249.495156 631.494457 -0.016983
888.141514 -6617.332719 767.226365 4186.460210 249.489564 631.489547 -0.010663
888.030700 -6617.202140 767.140500 4186.421698 249.489920 631.497481 -0.015473
888.018034 -6617.166937 767.129819 4186.403457 249.487684 631.499666 -0.015328
888.121748 -6617.242146 767.208229 4186.407434 249.482212 631.494857 -0.009203
888.129411 -6617.225242 767.213097 4186.392459 249.479371 631.495785 -0.007988
888.023430 -6617.101584 767.131015 4186.356604 249.479802 631.503631 -0.012673
888.011266 -6617.067884 767.120761 4186.339184 249.477661 631.505783 -0.012540
888.109716 -6617.138051 767.195133 4186.341990 249.472324 631.501112 -0.006638
888.006804 -6617.018583 767.115467 4186.307716 249.472834 631.508832 -0.011242
887.994269 -6616.985336 767.104962 4186.290776 249.470788 631.510982 -0.011157
888.088525 -6617.051575 767.176122 4186.292675 249.465569 631.506394 -0.005436
888.094435 -6617.034624 767.179709 4186.278418 249.462935 631.507338 -0.004353
888.100647 -6617.018348 767.183531 4186.264474 249.460304 631.508304 -0.003266
888.107126 -6617.002466 767.187563 4186.250686 249.457679 631.509258 -0.002171
897.278473 -6685.482761 778.628465 4256.757436 251.464545 652.406058 -0.006547
888.053819 -6616.827833 767.144296 4186.171982 249.453807 631.511032 -0.006454
887.988471 -6616.830812 767.094250 4186.188343 249.454401 631.520940 -0.006391
887.976315 -6616.799638 767.084114 4186.172720 249.452547 631.523040 -0.006356
887.963808 -6616.768461 767.073722 4186.157253 249.450735 631.525152 -0.006349
887.950818 -6616.737151 767.062974 4186.141915 249.448969 631.527285 -0.006378
887.937730 -6616.706036 767.052161 4186.126757 249.447235 631.529414 -0.006421
887.924143 -6616.674759 767.040979 4186.111723 249.445548 631.531569 -0.006502
887.951431 -6616.675934 767.060787 4186.099221 249.441997 631.530228 -0.003936
887.979075 -6616.687491 767.081340 4186.095102 249.439586 631.530470 -0.002213
887.890524 -6616.589006 767.012964 4186.069037 249.440442 631.537735 -0.006466
887.876536 -6616.558599 767.001516 4186.054779 249.438875 631.539908 -0.006608
887.862188 -6616.527995 766.989807 4186.040568 249.437353 631.542070 -0.006776
887.847396 -6616.497286 766.977770 4186.026488 249.435877 631.544250 -0.006978
887.832123 -6616.466463 766.965379 4186.012559 249.434450 631.546457 -0.007219
887.816850 -6616.435898 766.952998 4185.998804 249.433049 631.548649 -0.007466
887.801016 -6616.405152 766.940201 4185.985189 249.431700 631.550872 -0.007756
887.784881 -6616.374425 766.927187 4185.971722 249.430392 631.553099 -0.008073
887.850643 -6616.415914 766.976603 4185.969260 249.426176 631.549460 -0.003716
887.848624 -6616.397262 766.974341 4185.957420 249.424343 631.550646 -0.003214
887.846744 -6616.379024 766.972189 4185.945779 249.422519 631.551830 -0.002713
887.765590 -6616.291884 766.909650 4185.924249 249.423617 631.558762 -0.006799
887.749681 -6616.262592 766.896851 4185.911618 249.422414 631.560928 -0.007149
887.733470 -6616.233183 766.883834 4185.899061 249.421253 631.563085 -0.007522
887.714653 -6616.202379 766.868871 4185.886877 249.420283 631.565522 -0.008102
887.702709 -6616.177093 766.859120 4185.875135 249.419005 631.567338 -0.008234
887.691207 -6616.152396 766.849714 4185.863586 249.417734 631.569109 -0.008347
887.680151 -6616.128297 766.840656 4185.852236 249.416468 631.570835 -0.008440
887.669544 -6616.104797 766.831949 4185.841083 249.415207 631.572517 -0.008513
887.659392 -6616.081897 766.823596 4185.830127 249.413951 631.574157 -0.008567
887.649698 -6616.059597 766.815600 4185.819365 249.412699 631.575753 -0.008600
887.640467 -6616.037898 766.807964 4185.808798 249.411451 631.577307 -0.008613
887.631702 -6616.016800 766.800692 4185.798423 249.410205 631.578819 -0.008606
887.623409 -6615.996304 766.793787 4185.788239 249.408963 631.580289 -0.008578
887.615591 -6615.976410 766.787252 4185.778245 249.407723 631.581718 -0.008529
887.608254 -6615.957119 766.781089 4185.768441 249.406484 631.583106 -0.008458
887.601400 -6615.938430 766.775303 4185.758823 249.405247 631.584453 -0.008367
887.595034 -6615.920346 766.769895 4185.749393 249.404011 631.585761 -0.008253
887.589162 -6615.902865 766.764871 4185.740147 249.402775 631.587029 -0.008118
887.583786 -6615.885989 766.760232 4185.731085 249.401539 631.588258 -0.007960
887.578912 -6615.869718 766.755981 4185.722206 249.400302 631.589448 -0.007780
887.574543 -6615.854052 766.752123 4185.713509 249.399064 631.590600 -0.007578
887.570683 -6615.838992 766.748659 4185.704991 249.397825 631.591714 -0.007352
887.567338 -6615.824539 766.745594 4185.696653 249.396583 631.592790 -0.007104
887.564511 -6615.810693 766.742930 4185.688493 249.395339 631.593829 -0.006832
887.562207 -6615.797454 766.740670 4185.680509 249.394092 631.594832 -0.006537
887.560430 -6615.784823 766.738818 4185.672700 249.392842 631.595798 -0.006218
887.559184 -6615.772801 766.737377 4185.665065 249.391587 631.596728 -0.005875
887.558474 -6615.761388 766.736350 4185.657604 249.390328 631.597623 -0.005508
886.236543 -6614.750404 765.735688 4185.606492 249.454377 631.717433 -0.094679
