1429.855808 -284.781558 1466.541660 -342.960948 1593.727663 -230.389333 147.630571
1503.165221 -285.010936 1537.142293 -408.957763 1659.558933 -304.326263 134.271304
1603.441348 -295.634502 1636.373908 -470.660076 1725.756374 -376.079722 120.354936
1704.655919 -218.557639 1740.243501 -581.373506 1792.708871 -446.024686 103.904081
1810.508498 -362.877700 1840.479919 -592.482459 1859.374854 -537.801446 88.695092
1909.157529 -348.887655 1941.292563 -657.362743 1925.157048 -596.384632 75.196534
2013.571569 -374.425914 2046.241299 -720.419149 1992.022936 -671.833170 63.126495
2102.547606 -399.150581 2135.278352 -779.586441 2055.250807 -745.731407 52.562145
2193.144276 -428.926114 2226.282206 -838.626858 2118.701056 -820.849416 43.570083
2295.093091 -466.922809 2329.522314 -899.922377 2184.558905 -898.770560 36.202873
2398.708831 -509.768568 2434.878938 -961.724539 2250.624423 -978.060528 30.510994
2504.269884 -557.773070 2542.665452 -1024.098694 2316.945858 -1058.837186 26.546165
2612.096156 -611.289732 2653.238151 -1087.102421 2383.579220 -1141.226667 24.362107
2722.556091 -670.724338 2767.003855 -1150.780521 2450.588829 -1225.363539 24.014730
2836.058559 -736.536609 2884.411826 -1215.160173 2518.045503 -1311.389624 25.562199
2949.748056 -808.130188 3002.470072 -1279.222545 2585.066263 -1398.735351 29.064982
3037.076766 -876.602237 3093.181871 -1334.880901 2643.895265 -1481.670622 34.585895
3153.878657 -963.403300 3215.300603 -1397.036861 2710.672832 -1572.412455 42.190167
3274.163210 -1058.189745 3341.581174 -1459.663052 2777.890262 -1665.427872 51.945510
3360.751110 -1149.394222 3432.215144 -1476.455728 2820.663960 -1737.811476 57.338213
3449.673473 -1262.706584 3525.399745 -1475.952914 2859.351629 -1811.231803 66.152718
3534.342363 -1392.005784 3614.391311 -1467.341944 2895.566641 -1886.749664 79.525768
3604.231188 -1525.076950 3687.857746 -1440.707290 2922.439086 -1955.363741 93.078754
3683.490927 -1673.512036 3771.499090 -1411.800017 2951.160111 -2027.849445 109.322416
3658.022527 -1784.476756 3744.709406 -1338.602325 2939.333068 -2066.496196 125.804142
3753.936560 -1948.800828 3846.293994 -1350.806630 2998.905445 -2175.563787 152.911599
3743.223255 -2074.217916 3835.380992 -1251.171971 2975.564032 -2197.378673 168.138782
3757.113233 -2218.141489 3850.457935 -1147.168769 2956.625982 -2221.538168 183.349645
3777.567075 -2358.690845 3872.488623 -1042.771485 2938.233528 -2243.053137 195.327189
3773.761336 -2479.154315 3869.002507 -933.893651 2911.072598 -2254.326346 204.911719
3767.690384 -2579.640009 3863.097575 -827.465973 2882.777141 -2258.550360 208.523031
3721.406042 -2623.261600 3814.355728 -694.690109 2829.393624 -2224.263749 197.046291
3661.929176 -2641.765074 3751.879592 -576.308939 2777.602584 -2188.727049 184.029237
3591.408525 -2623.920876 3677.746147 -469.248386 2724.987579 -2144.299747 164.466751
3494.484435 -2554.101633 3575.535963 -360.618628 2660.908813 -2076.154631 134.579471
3410.007155 -2466.461031 3486.607316 -278.595565 2608.861250 -2014.973783 101.891527
3323.885721 -2356.769957 3396.075531 -212.499596 2559.950459 -1951.830977 66.513980
3219.244165 -2227.639931 3286.072351 -150.265059 2505.143619 -1880.478078 31.445737
3142.310239 -2115.885629 3205.482914 -108.111555 2465.560493 -1826.134697 -0.487660
3079.136765 -2021.775485 3139.666850 -76.613030 2433.579288 -1783.206497 -27.444328
3000.430870 -1935.776553 3057.580703 -36.870188 2393.293080 -1736.162090 -48.257417
2951.223502 -1885.574514 3006.780781 -9.098631 2367.675608 -1710.502545 -62.933772
2912.248947 -1859.536298 2966.947992 18.757606 2345.460949 -1693.402391 -72.218477
2882.759933 -1855.836678 2937.274711 46.421612 2326.720560 -1684.804744 -76.692637
2855.990403 -1871.028585 2910.590004 75.340698 2309.033791 -1682.893751 -76.004643
2849.192934 -1907.788194 2905.049707 102.041737 2298.929041 -1690.852330 -73.801500
2849.123219 -1958.399379 2906.751152 129.464979 2290.870941 -1703.670569 -69.216019
2855.130476 -2021.039721 2914.994305 157.873704 2284.522330 -1720.524774 -62.742892
2864.755127 -2092.382421 2927.147682 188.691496 2278.488864 -1739.087743 -55.421453
2865.248561 -2161.607524 2929.611589 232.638773 2264.182090 -1746.719201 -50.085208
2881.493613 -2247.988691 2948.785319 269.173578 2258.823959 -1768.153297 -45.370101
2900.217408 -2338.384540 2970.628738 306.644728 2253.886259 -1790.552416 -41.069783
2919.979368 -2430.424168 2993.607537 344.979625 2248.813161 -1812.925072 -36.960052
2924.148625 -2514.095058 3000.069629 393.475423 2234.361415 -1823.891925 -32.483714
2941.612473 -2604.231947 3020.492518 435.507849 2227.148328 -1843.082501 -29.748214
2325.934906 -522.155906 2369.736131 418.369165 1836.205731 -866.468374 -41.241595
5123.353458 -6470.065325 5261.059606 1184.802246 2950.407308 -3214.813964 -15.141978
2981.345029 -2838.133779 3068.464806 553.524986 2200.287265 -1888.233135 -28.594473
2984.485728 -2896.380840 3073.773602 594.848279 2185.335105 -1891.317749 -31.242776
2980.323336 -2944.200765 3071.312933 642.099294 2165.012454 -1884.288421 -35.435477
2981.255886 -2996.844526 3074.304189 680.413535 2149.872090 -1887.126897 -38.749623
2980.764466 -3047.743978 3075.843935 717.639747 2134.231762 -1889.272883 -41.967574
2979.648567 -3098.995295 3076.780228 754.459137 2118.303702 -1891.557817 -44.715870
2978.257427 -3151.262007 3077.478667 791.314281 2102.176845 -1894.451208 -46.790540
2970.001588 -3203.792191 3070.937509 834.083214 2081.535971 -1892.176971 -47.479517
2955.952811 -3258.663229 3058.192575 883.561048 2056.945934 -1885.403921 -46.905161
2951.262336 -3324.560725 3055.239273 929.135254 2037.780523 -1887.422682 -46.581676
11831.624793 -6159.716298 12023.904950 2827.216093 5475.431162 -1942.922471 -96.916423
6434.094212 -11956.963745 6428.238809 -195.195504 3608.722327 -7833.214690 -639.538121
2935.304843 -3542.432910 3044.320782 1071.724232 1978.030373 -1895.771080 -43.000823
2928.981544 -3619.751255 3039.565424 1120.618480 1957.444181 -1898.879664 -41.390558
2900.476237 -3560.697018 3012.424453 1051.257120 1950.212622 -1928.473602 -41.970339
2875.868627 -3672.016499 2988.073042 1166.768824 1909.061979 -1890.794949 -39.875969
2886.340123 -3800.201547 3000.489123 1236.079389 1892.956188 -1904.638998 -37.586421
2875.036225 -3876.215754 2990.296016 1284.590471 1871.163047 -1906.010450 -36.307960
2723.029499 -3725.025709 2829.330672 1301.986869 1814.940778 -1821.803988 -37.981651
2895.546243 -4116.710129 3015.325799 1407.618266 1838.158146 -1932.811118 -33.956652
2859.783322 -4146.493288 2979.404480 1439.161483 1810.394358 -1922.078091 -32.741262
2842.660297 -4224.559485 2962.636646 1491.984710 1787.403907 -1920.974553 -32.055634
2824.478072 -4304.580733 2944.626534 1546.493957 1764.266637 -1919.629497 -31.404689
2804.900166 -4386.106818 2925.014805 1602.707900 1740.921585 -1917.847185 -30.774019
2783.653666 -4468.684863 2903.512771 1660.658598 1717.324549 -1915.409154 -30.158553
2761.189767 -4552.958714 2880.612792 1720.492122 1693.614112 -1912.530599 -29.552009
2737.181033 -4638.013962 2855.979017 1781.932204 1669.756183 -1908.984799 -28.947662
2711.444589 -4723.301989 2829.425852 1844.925684 1645.742658 -1904.559443 -28.352729
2684.435517 -4809.338254 2801.449020 1909.491438 1621.746487 -1899.526838 -27.766249
2655.982787 -4895.466806 2771.873239 1975.409967 1597.790069 -1893.757624 -27.192782
2627.945217 -4985.353653 2742.832092 2039.531567 1571.618621 -1888.941037 -26.338511
2606.938400 -5092.889157 2721.830904 2092.396521 1536.234189 -1891.242116 -24.329021
2584.689159 -5200.817423 2699.446340 2147.127576 1500.868605 -1892.340745 -22.448719
2561.466599 -5309.583661 2675.954553 2203.985822 1465.648009 -1892.263424 -20.718779
4264.775933 -7192.547479 4483.836388 3774.946351 1536.432200 -1552.799759 -19.203911
1470.458132 -4333.224306 1405.904154 1307.547451 1328.871441 -2086.175749 -17.858496
2487.211972 -5635.588031 2600.230274 2385.727463 1362.091563 -1882.902939 -16.783200
2461.079394 -5738.767305 2573.484863 2447.593486 1328.789883 -1875.503474 -15.993080
2434.808743 -5837.045617 2546.628751 2508.871007 1296.485891 -1865.606803 -15.501010
2408.390722 -5928.691380 2519.666111 2568.847808 1265.345783 -1852.798409 -15.318381
2287.386209 -5744.741932 2392.232742 2542.897982 1220.550827 -1765.609882 -13.122357
2382.798516 -6175.801903 2494.327017 2714.865338 1212.155879 -1839.605704 -17.242354
2350.195167 -6205.152446 2461.736046 2751.786899 1184.178670 -1808.420273 -16.701779
2326.972457 -6265.942592 2438.380445 2803.857445 1160.005558 -1783.271265 -17.797211
2305.650211 -6320.421249 2417.070630 2854.003590 1138.049458 -1755.827779 -19.150485
2285.476382 -6371.184991 2396.949873 2903.119601 1117.824463 -1727.050616 -20.610623
2265.091816 -6421.930159 2376.498862 2952.656897 1098.460091 -1698.123170 -21.964624
2243.039840 -6477.174468 2354.089773 3004.624084 1078.951607 -1670.197964 -23.030449
2217.710916 -6538.857071 2327.967700 3060.098626 1058.392385 -1643.661957 -23.654600
2188.423658 -6608.419802 2297.405724 3119.816318 1036.249331 -1618.699330 -23.766298
2154.674307 -6685.677919 2261.877636 3184.005259 1012.233475 -1594.963187 -23.373047
2116.494791 -6769.938486 2221.445628 3252.586879 986.317461 -1571.984493 -22.517485
2074.185944 -6859.406333 2176.479966 3324.816223 958.651386 -1549.171548 -21.240665
2028.331170 -6952.359290 2127.645730 3399.983710 929.537481 -1525.945874 -19.621933
1979.914141 -7047.745389 2076.037448 3477.529368 899.378625 -1501.929152 -17.741069
1929.526488 -7142.607848 2022.343318 3555.939745 868.543397 -1476.529481 -15.621553
1878.145348 -7235.020743 1967.651952 3634.110262 837.499625 -1449.390770 -13.318120
1826.807638 -7322.857595 1913.123754 3710.670452 806.725058 -1420.277865 -10.850070
1776.432575 -7403.363246 1859.788744 3783.944163 776.725878 -1388.952193 -8.229708
9907.940918 -16513.858545 9971.279073 11452.383199 2255.195953 -59.323243 -5.503672
-559.283122 -4553.229833 -783.662550 1477.974413 356.968560 -1751.292798 -2.664627
1642.823446 -7585.605467 1719.769655 3972.161382 696.762404 -1282.543758 0.194181
1608.054750 -7620.039532 1684.064119 4018.878274 675.143136 -1243.739445 3.211304
1579.348534 -7640.113604 1655.038699 4056.430905 656.703584 -1203.865799 6.171640
1557.566739 -7647.408192 1633.574533 4085.145395 641.626904 -1163.574951 9.047703
1543.041248 -7642.716677 1619.965509 4105.058593 630.004201 -1123.444502 11.774544
1520.816955 -7206.188607 1602.627022 3883.053628 637.436998 -1052.722409 23.407326
1543.766457 -7708.489494 1623.382290 4181.025172 615.772412 -1053.291210 13.431417
1539.264914 -7668.779384 1620.417048 4174.651668 609.450461 -1014.603277 16.638929
1708.393210 -7284.959941 1814.830725 3865.357385 651.454972 -1002.640751 36.260377
1624.514974 -7374.337799 1719.106038 3984.156096 632.859687 -959.093224 24.157572
1635.763802 -7417.423212 1730.968103 4032.541277 631.209713 -921.793665 25.284490
1664.569303 -7376.290279 1762.404994 4013.428517 637.981439 -894.350763 26.005768
1694.449569 -7344.699930 1794.490635 3998.886252 645.002407 -868.990094 26.320703
1724.323634 -7324.267542 1826.075373 3990.277932 651.789044 -845.403961 26.306019
1753.484800 -7314.269681 1856.443942 3987.417283 658.073227 -823.282110 26.072471
1780.593221 -7317.446689 1884.154412 3992.689958 663.369636 -802.119751 25.618541
1805.016990 -7333.064483 1908.581435 4006.009501 667.491166 -781.486457 25.032402
1826.608021 -7359.296152 1929.628584 4026.387358 670.450365 -761.106378 24.370217
1844.799449 -7395.738163 1946.724578 4053.997532 672.157816 -740.580468 23.616459
1859.690151 -7441.803523 1960.032761 4088.533752 672.649372 -719.677140 22.782563
1871.378248 -7495.194934 1969.715965 4128.496188 672.038500 -698.359644 21.888839
1879.722839 -7555.518766 1975.657274 4173.815993 670.349729 -676.432683 20.933899
1885.221679 -7619.420078 1978.456382 4222.027024 667.758280 -654.092755 19.993001
1888.521538 -7685.171405 1978.842823 4271.737540 664.485470 -631.494779 19.102368
1889.712205 -7750.929856 1976.942431 4321.725321 660.612496 -608.714467 18.289825
1889.427810 -7814.767508 1973.463646 4370.398801 656.304916 -586.014893 17.583439
1888.113527 -7876.198863 1968.889577 4417.276397 651.701807 -563.509168 16.977878
1885.958400 -7932.822235 1963.441490 4460.599016 646.874744 -541.474843 16.477803
1882.883608 -7986.616755 1957.019782 4501.887534 641.852709 -519.692161 16.049443
1879.022824 -8036.685464 1949.780827 4540.363926 636.628210 -498.361350 15.689516
2051.956408 -7864.323389 2131.900223 4308.174863 651.610999 -561.243039 17.301116
1950.264012 -8000.423789 2018.170846 4482.075249 651.169546 -491.555069 15.706628
1915.643659 -8084.571770 1979.100892 4552.393812 629.813130 -462.011971 15.178186
1909.468262 -8122.684877 1969.315859 4580.719659 623.691055 -443.274633 14.905761
1902.002305 -8159.906096 1958.187828 4608.606272 617.336855 -424.629787 14.663728
1893.566008 -8196.222991 1946.061665 4635.966839 610.840328 -406.120042 14.451909
1884.374645 -8230.320289 1933.174370 4661.787105 604.260991 -387.946242 14.270970
1874.560942 -8263.423528 1919.662187 4687.066884 597.696207 -369.891841 14.119650
1864.556669 -8294.455627 1905.984469 4710.811705 591.191661 -352.216790 13.991766
1854.416924 -8323.664691 1892.196501 4733.289450 584.819734 -334.854376 13.886759
1844.302591 -8351.520312 1878.465406 4754.837849 578.619118 -317.754384 13.799990
1834.158689 -8377.787839 1864.736551 4775.351990 572.594920 -300.927375 13.729095
1824.340931 -8403.515494 1851.374981 4795.503672 566.814889 -284.293016 13.666569
1814.785205 -8428.258432 1838.316232 4814.984955 561.266826 -267.918979 13.607493
1805.167245 -8452.480823 1825.227800 4834.406006 555.940153 -251.590980 13.556096
2037.327389 -9359.891849 2047.096415 5648.903939 579.523460 -122.661418 56.284049
1514.874732 -7839.610281 1524.729841 4256.861134 542.864939 -401.072693 34.394967
1778.237974 -8523.663865 1788.157922 4892.498023 541.398383 -203.265299 13.344275
1770.104577 -8546.825872 1776.740032 4911.671399 537.019102 -187.443715 13.235242
1762.097883 -8569.790528 1765.492586 4931.046395 532.853333 -171.609966 13.116487
1754.538584 -8592.553684 1754.742052 4950.399625 528.873823 -155.892195 12.973959
1747.308122 -8614.911494 1744.367936 4969.641262 525.073118 -140.286610 12.815124
1740.295272 -8636.422563 1734.258863 4988.468270 521.405870 -124.849620 12.641013
1734.115716 -8659.891653 1725.029743 5008.821307 517.990454 -109.188981 12.458505
1727.771033 -8681.181551 1715.680664 5027.794891 514.608916 -93.888152 12.268158
1721.903704 -8703.668813 1706.853207 5047.907898 511.409082 -78.372551 12.081442
1817.606236 -8798.107401 1799.191006 5042.782047 507.361951 -100.849379 6.661653
1738.401715 -8712.865026 1717.239291 5032.669949 508.723013 -72.168272 10.798254
1728.350047 -8764.742579 1704.319894 5083.790983 502.320597 -45.965160 10.255891
1724.164832 -8784.049020 1697.254304 5100.942796 499.269241 -31.872993 9.952854
1720.452258 -8801.275606 1690.713880 5117.213193 496.275670 -17.849586 9.654658
1715.451775 -8822.919406 1682.908864 5135.562418 493.317548 -3.923063 9.358824
1711.835489 -8839.349399 1676.502613 5151.483018 490.393841 9.884133 9.061731
1707.817394 -8856.870638 1669.748701 5167.895330 487.504984 23.569902 8.766036
1703.713031 -8873.651633 1662.946469 5183.909908 484.635920 37.113051 8.474467
1699.723121 -8889.993674 1656.291886 5199.584532 481.779667 50.460070 8.174159
1695.487018 -8905.225327 1649.433089 5214.632494 478.938670 63.631524 7.885119
1691.160187 -8919.983089 1642.522817 5229.467004 476.114111 76.704275 7.601952
1686.755059 -8933.798611 1635.572589 5243.598517 473.277561 89.501108 7.313415
1682.358435 -8946.981503 1628.666994 5257.227740 470.450669 102.059337 7.021000
1677.740314 -8959.150095 1621.583888 5270.204834 467.632364 114.401351 6.738762
1673.044616 -8970.496296 1614.462070 5282.544257 464.803536 126.476962 6.452324
1668.080351 -8980.741403 1607.119109 5294.166125 461.980058 138.318894 6.178494
1663.054454 -8990.328426 1599.754457 5305.248934 459.150825 149.908367 5.901954
1657.838228 -8999.003087 1592.245746 5315.679039 456.331290 161.251377 5.636040
1652.497183 -9006.952638 1584.655973 5325.551872 453.513640 172.353049 5.375197
1646.970770 -9013.811943 1576.927315 5334.565915 450.685800 183.126087 5.116654
1641.110227 -9019.464876 1568.919914 5342.785862 447.862840 193.650703 4.876892
1635.186592 -9024.135601 1560.890650 5350.131807 445.013167 203.799905 4.623911
1629.372207 -9029.223565 1553.008626 5357.779188 442.248261 213.939462 4.395360
1623.235572 -9032.699204 1544.859561 5364.126035 439.446721 223.622485 4.167457
1616.775602 -9034.966376 1536.445776 5369.668330 436.652141 233.048923 3.957982
1610.304880 -9036.797045 1528.063217 5374.803176 433.868379 242.247424 3.747852
1469.645287 -8820.884961 1393.201824 5157.447917 405.023721 180.392486 1.922578
1673.362560 -9099.084224 1582.123303 5483.897741 442.868329 301.567625 4.037859
1569.436614 -8953.093710 1482.860784 5333.603025 421.961581 257.185821 2.543746
1601.222712 -9111.696944 1510.848171 5449.979486 426.216924 293.608362 3.318496
1586.111392 -9077.390433 1494.571668 5419.468782 422.173210 290.620473 3.201246
1545.459292 -8938.822203 1454.261905 5323.108031 413.670484 273.414988 2.281242
1584.169028 -9119.679960 1488.583258 5464.715174 418.839412 318.890700 2.893156
1568.471044 -9082.980972 1471.920991 5432.455409 414.876504 315.176527 2.803110
1560.628904 -9075.732628 1462.588348 5430.594472 412.135273 321.754391 2.607036
1552.791687 -9068.120541 1453.305384 5428.400248 409.425974 328.137022 2.415588
1544.754924 -9059.662976 1443.883088 5425.607979 406.745799 334.297996 2.244344
1536.661191 -9050.747122 1434.453045 5422.473534 404.094493 340.287300 2.082974
1528.562590 -9041.490893 1425.063838 5419.058595 401.482851 346.113093 1.932920
1811.532515 -8960.620721 1700.403308 5373.189472 398.962465 353.182403 1.798087
1311.814620 -8951.246178 1229.766716 5363.336463 400.671636 356.315445 1.675869
1503.817483 -9010.507596 1396.750234 5406.422540 393.841586 362.497771 1.570135
1495.638865 -8999.867861 1387.465230 5401.967398 391.385197 367.740915 1.479151
1487.083699 -8987.534006 1377.877282 5396.251088 388.914261 372.573314 1.401246
1478.738559 -8975.662726 1368.525490 5390.934322 386.510997 377.454393 1.338736
1470.414728 -8963.464543 1359.236194 5385.319295 384.143773 382.163301 1.288250
1462.389419 -8951.601966 1350.261590 5379.828580 381.832739 386.776699 1.234625
1453.695584 -8937.724311 1340.719507 5373.047930 379.519199 391.076819 1.236564
1445.582773 -8925.249807 1331.746572 5367.255051 377.274354 395.529174 1.223237
1436.993234 -8910.970671 1322.381642 5360.168378 375.030313 399.598915 1.245923
1398.168613 -8785.419319 1285.571024 5271.583091 368.542744 381.711991 0.959015
1433.258136 -8928.339306 1315.928711 5386.082416 372.388321 419.839909 1.245005
1416.031472 -8884.156614 1298.888020 5348.970726 369.130626 413.505757 1.460837
1409.278670 -8874.499778 1291.359285 5346.176124 367.266270 418.874817 1.504534
1400.182430 -8855.995999 1281.727513 5335.663035 365.074043 421.515210 1.562240
1391.953846 -8840.448194 1272.911069 5327.707728 363.028938 424.969088 1.629699
1383.729855 -8824.568935 1264.135746 5319.523703 361.012666 428.303995 1.707263
1375.531026 -8808.480604 1255.419162 5311.227309 359.028430 431.562264 1.796434
1367.397562 -8792.285728 1246.796812 5302.877093 357.077422 434.752368 1.893537
1359.284477 -8775.829200 1238.227529 5294.355039 355.153863 437.842732 1.998566
1351.311355 -8759.481157 1229.817814 5285.924985 353.269461 440.899068 2.107821
1343.249712 -8742.559290 1221.361873 5277.111329 351.400697 443.812532 2.228864
1335.322444 -8725.729396 1213.058774 5268.389081 349.566042 446.694775 2.350709
1327.487544 -8708.871339 1204.870037 5259.663434 347.764733 449.526563 2.478809
1319.675140 -8691.786219 1196.732232 5250.798196 345.986171 452.276919 2.613358
1311.896796 -8674.471826 1188.655266 5241.787072 344.228922 454.938844 2.750436
1304.277026 -8657.360320 1180.748863 5232.953314 342.508218 457.603905 2.891285
1296.651877 -8639.898018 1172.866576 5223.874049 340.802943 460.156135 3.036095
1289.073985 -8622.306821 1165.053746 5214.750341 339.119218 462.664269 3.187057
1281.491236 -8604.430863 1157.263326 5205.466125 337.449056 465.099152 3.344656
1274.049312 -8586.684861 1149.624659 5196.294087 335.806621 467.515897 3.501861
1266.697719 -8568.893830 1142.091841 5187.101063 334.186837 469.883753 3.662098
1259.782419 -8552.099966 1134.971895 5178.582062 332.626212 472.351865 3.811678
1252.118431 -8532.648549 1127.210782 5168.259792 330.993652 474.379516 3.992885
1244.943145 -8514.640971 1119.905644 5159.106300 329.422592 476.692798 4.165746
1237.834387 -8496.450988 1112.683392 5149.818194 327.867228 478.933404 4.339762
1230.840889 -8478.324971 1105.585242 5140.632400 326.331653 481.183577 4.515950
1223.817821 -8459.824478 1098.482054 5131.252409 324.797323 483.379082 4.698328
1279.043245 -8626.626922 1146.816858 5240.360649 330.706714 507.731106 2.018947
1276.801001 -8595.570161 1144.091920 5209.743026 329.968541 500.602135 1.763946
1220.113640 -8422.580506 1092.843652 5099.380630 322.436378 482.876166 4.102934
1219.894937 -8442.598702 1091.769194 5124.128605 321.687385 495.046673 4.094697
1248.392485 -8523.569855 1116.792660 5171.910349 325.152445 503.271539 1.665803
1223.696717 -8435.172883 1093.549318 5117.472273 320.948552 498.746927 3.714419
1218.341614 -8433.201009 1088.038901 5121.622798 319.562631 504.415434 3.777324
1213.369037 -8416.995617 1082.886144 5112.887916 318.340492 505.993160 3.826116
1208.576488 -8401.099370 1077.906505 5104.298925 317.145325 507.529729 3.875321
1203.721732 -8384.683531 1072.888182 5095.247735 315.949303 508.867246 3.927992
1199.110771 -8368.818211 1068.097487 5086.493266 314.788546 510.190227 3.980821
1194.428364 -8352.424273 1063.258457 5077.253694 313.624853 511.304046 4.038912
1189.898527 -8336.312520 1058.567290 5068.101882 312.487600 512.341123 4.097664
1185.397858 -8320.045554 1053.914135 5058.723071 311.358948 513.230128 4.161682
1180.927291 -8303.674401 1049.300909 5049.148759 310.241707 513.971541 4.229249
1176.362262 -8286.800735 1044.614293 5039.140746 309.114042 514.534637 4.309073
1172.228707 -8271.241863 1040.323637 5029.850677 308.058157 515.120613 4.376887
1168.018517 -8255.086018 1035.974123 5019.999256 306.991845 515.482627 4.455556
1163.869748 -8239.027932 1031.690614 5010.082044 305.941986 515.724288 4.538204
1159.737611 -8221.191374 1027.451084 5002.412885 304.778135 518.415527 4.543140
1155.647823 -8202.929927 1023.264093 4995.197847 303.600095 521.596718 4.531065
1151.557492 -8184.562756 1019.087358 4987.712266 302.435256 524.567527 4.524699
1147.652766 -8166.755858 1015.085955 4980.386990 301.313199 527.410734 4.517196
1191.773330 -8314.692252 1053.718933 5078.007118 307.847818 549.130566 2.677033
1198.938481 -6932.976171 991.564745 4218.313210 136.273317 528.009607 4.196122
1185.765906 -8511.115233 1057.976340 5186.998763 340.836705 536.956148 4.106609
1141.266581 -8121.543900 1007.378921 4964.144249 298.429262 539.150937 4.086246
1137.994389 -8105.295380 1003.992664 4956.744591 297.492812 541.195502 4.068986
1134.756040 -8089.118667 1000.646811 4949.213183 296.576585 543.080298 4.055568
1131.625173 -8073.290473 997.406436 4941.733997 295.692628 544.843871 4.043413
1128.522256 -8057.504765 994.201041 4934.113142 294.827318 546.454347 4.034772
1125.489884 -8041.946040 991.067666 4926.486016 293.986643 547.947181 4.028814
1122.523374 -8026.592682 988.002982 4918.845828 293.171284 549.326143 4.024770
1119.583761 -8011.298442 984.971367 4911.114447 292.372266 550.588047 4.024572
1116.746457 -7996.367857 982.039894 4903.499961 291.602979 551.778823 4.025335
1113.969120 -7981.623618 979.171561 4895.892630 290.856528 552.882542 4.027332
1111.196779 -7966.867947 976.316401 4888.186361 290.120831 553.892716 4.033132
1108.459971 -7952.253276 973.502336 4880.494650 289.402793 554.837810 4.040957
1105.889142 -7938.229786 970.843238 4873.114433 288.721261 555.782442 4.046784
1103.218840 -7923.780169 968.105363 4865.406013 288.031242 556.615079 4.057414
1100.722170 -7909.994605 965.528730 4858.095391 287.378035 557.485059 4.065553
1098.188561 -7896.013003 962.928465 4850.634886 286.725602 558.295395 4.075316
1077.824689 -7821.152739 945.115594 4804.280652 284.022364 551.030252 4.321082
1099.752798 -7897.797815 963.547657 4855.704834 286.580439 563.824509 4.008403
1093.956087 -7864.227995 958.035063 4834.584722 285.129050 561.942806 4.061769
1091.415344 -7850.114823 955.461425 4827.150259 284.498934 562.747129 4.069050
1089.185747 -7837.186429 953.170410 4820.519121 283.927134 563.709678 4.065840
1086.845593 -7823.660601 950.786551 4813.538536 283.330743 564.618598 4.065080
-75130.135401 -136260.206135 -75262.120444 108756.701762 -6415.953651 15463.211028 -3109.954167
970.010742 -7634.815147 847.953034 4564.159727 246.810699 450.030542 -15.416622
1080.154029 -7784.033112 943.962613 4793.321108 281.602999 567.463445 4.051837
1077.940093 -7770.711102 941.714288 4786.503146 281.030662 568.368099 4.046981
1075.856036 -7757.822801 939.585814 4779.941398 280.482542 569.295675 4.039327
1073.721409 -7744.641179 937.418696 4773.171538 279.927276 570.159742 4.033543
1071.611561 -7731.527168 935.279442 4766.425894 279.379987 571.001559 4.028266
1101.604119 -7842.290266 961.559389 4836.177222 284.899050 584.760347 2.988582
1069.475120 -7696.918740 932.705332 4745.919444 278.192790 571.215863 3.841510
1055.890816 -7659.179937 921.104033 4725.283369 276.989933 569.066672 4.008613
1074.580629 -7724.056869 936.807016 4767.286709 279.318251 578.950208 3.699515
1070.122415 -7694.816958 932.573721 4749.685673 278.163927 577.735307 3.715959
1068.375901 -7683.032512 930.801185 4743.637272 277.739844 578.527606 3.695311
1052.014310 -7621.091815 916.617079 4706.791195 275.531685 573.510024 3.892734
1055.292451 -7632.996383 919.237976 4715.842312 276.014410 576.955505 3.807366
1070.329748 -7677.553401 931.710354 4744.119220 277.588048 584.102937 3.542107
1066.036571 -7649.415841 927.665219 4727.332986 276.524893 582.958458 3.553150
1064.189629 -7637.492778 925.841879 4721.142588 276.129299 583.608357 3.532558
1062.316030 -7625.449308 923.999676 4714.864174 275.730421 584.222840 3.513337
1060.500516 -7598.181353 922.212372 4708.739515 275.347808 584.840101 3.492845
1058.661984 -7617.616696 920.408402 4702.540560 274.961624 585.425606 3.473945
1056.838723 -7590.082601 918.632362 4696.424007 274.585239 586.002934 3.454801
1055.067241 -7578.556449 916.900763 4690.412892 274.219676 586.577483 3.435140
1053.266386 -7566.939323 915.148598 4684.334728 273.852403 587.120759 3.416640
1038.728005 -7511.934768 902.610911 4652.158636 271.900934 582.980233 3.592370
1053.930544 -7564.345618 915.371694 4684.965594 273.907405 590.290321 3.324283
1037.681642 -7496.608385 901.283385 4644.688410 271.449861 584.839212 3.519990
1052.428964 -7547.400915 913.660988 4676.360283 273.411827 591.855239 3.257791
1048.662203 -7522.452516 910.157624 4661.757415 272.538405 590.921342 3.263424
1046.797183 -7510.977557 908.384607 4655.711837 272.197835 591.354169 3.246532
1044.945686 -7499.580731 906.626888 4649.704170 271.860389 591.776342 3.230130
1043.094168 -7488.230990 904.873539 4643.716505 271.525582 592.184052 3.214188
1041.266883 -7477.011319 903.144751 4637.798614 271.195968 592.586427 3.198421
1039.441489 -7465.844032 901.421820 4631.903820 270.869139 592.975153 3.182977
1037.623269 -7454.739498 899.708281 4626.038602 270.544050 593.352711 3.168130
1035.824478 -7443.759111 898.015469 4620.239675 270.224313 593.724211 3.153332
1034.008933 -7432.758752 896.311652 4614.420632 269.903153 594.076302 3.139493
1032.213679 -7421.879574 894.628252 4608.665198 269.585673 594.422997 3.126096
1019.683497 -7374.892528 883.881416 4581.700165 267.900350 591.191977 3.279167
1032.060386 -7416.818125 894.249754 4607.224231 269.574426 596.661445 3.053998
1028.762249 -7395.108958 891.217666 4594.719481 268.850520 595.917385 3.059494
1026.915668 -7384.262157 889.504675 4588.956079 268.534433 596.202476 3.048387
1025.117324 -7373.660390 887.836796 4583.331701 268.228053 596.494547 3.036700
1023.273750 -7362.906859 886.131771 4577.611136 267.912599 596.758666 3.026735
1021.487500 -7352.440870 884.479563 4572.054962 267.608363 597.033989 3.016037
1039.484958 -7419.588676 900.149236 4612.062023 271.093125 604.039975 2.494010
1019.508348 -7328.294348 882.481135 4558.549720 267.053642 597.202360 2.912814
1019.592660 -7333.010036 882.563188 4562.297369 267.343671 598.827074 2.880404
1017.948559 -7323.225865 881.047676 4557.113386 267.074134 599.104890 2.866168
1016.308006 -7313.489114 879.537289 4551.950934 266.804688 599.373359 2.852426
1014.673218 -7303.822452 878.034287 4546.823992 266.536518 599.634449 2.839048
1013.044459 -7294.217332 876.538337 4541.727273 266.268637 599.887979 2.826164
1011.434183 -7284.728858 875.060593 4536.693215 266.004033 600.138526 2.813348
1009.800641 -7275.192955 873.564696 4531.626311 265.734997 600.372256 2.801543
1008.198995 -7265.833405 872.098485 4526.657405 265.471550 600.608640 2.789557
1006.568446 -7256.396472 870.608828 4521.638107 265.201957 600.826179 2.778755
1004.975026 -7247.156831 869.153259 4516.728750 264.938782 601.048200 2.767639
1003.382421 -7237.953527 867.700127 4511.835215 264.675123 601.261150 2.756922
1001.771793 -7228.720446 866.232697 4506.919725 264.406971 601.460176 2.747226
1000.167837 -7219.585841 864.773762 4502.058341 264.141553 601.655450 2.737612
1015.045603 -7273.433073 877.652696 4533.568148 266.938001 607.029263 2.335864
998.559979 -7200.166853 863.182571 4491.336084 263.730094 601.884954 2.657454
998.399523 -7202.563987 863.046370 4493.395888 263.892645 603.048995 2.628629
996.963865 -7194.182555 861.740949 4488.948455 263.659901 603.261880 2.615595
1011.156624 -7245.082706 874.009743 4518.594256 266.308353 608.281558 2.238769
1010.996194 -7234.468241 873.745804 4512.516194 266.143174 608.239990 2.177508
996.925417 -7177.435887 861.478594 4480.078014 263.591267 604.497244 2.448391
996.890310 -7179.933925 861.454041 4482.116527 263.766092 605.602216 2.413783
995.682986 -7172.556894 860.358153 4478.221268 263.584443 605.844538 2.394678
994.464659 -7165.187698 859.254396 4474.327215 263.401068 606.077554 2.376148
993.279274 -7157.986734 858.180412 4470.525901 263.223194 606.314465 2.357334
992.064305 -7150.713597 857.082385 4466.679768 263.040084 606.535816 2.339456
990.880060 -7143.603438 856.012043 4462.923348 262.861909 606.760838 2.321394
2007.908870 -8382.886496 1806.040414 5846.375195 483.506382 1086.312085 -22.834240
950.329558 -7076.941315 821.988887 4384.019100 256.895513 575.001077 3.222699
1001.015957 -7173.134846 864.640829 4480.557558 264.783179 611.366649 1.971368
987.587894 -7115.314224 852.946670 4447.707534 262.291463 607.542348 2.208068
1000.855372 -7166.157646 864.408816 4477.046974 264.806936 612.292453 1.886784
987.819333 -7110.199512 853.068719 4445.310897 262.406271 608.621135 2.111892
987.760460 -7111.874265 853.023715 4446.726885 262.540850 609.522987 2.075401
986.811036 -7105.901750 852.169680 4443.589771 262.412720 609.766829 2.052556
985.840924 -7099.896434 851.299313 4440.431326 262.281552 609.999236 2.030289
984.892961 -7094.020234 850.449239 4437.343106 262.154414 610.233073 2.007849
983.933865 -7088.137581 849.590661 4434.247956 262.025155 610.457966 1.985924
982.993253 -7082.367964 848.749209 4431.213993 261.899296 610.683347 1.963908
982.044893 -7076.604530 847.902118 4428.180556 261.771875 610.901175 1.942349
981.122131 -7070.968112 847.077737 4425.215409 261.648145 611.120867 1.920689
980.200459 -7065.375387 846.255685 4422.272813 261.525153 611.336103 1.899183
979.271330 -7059.792066 845.428104 4419.333057 261.400525 611.544613 1.878140
989.931737 -7095.640174 854.560707 4439.601038 263.282864 614.838488 1.628552
978.778795 -7049.289826 844.917973 4413.616244 261.308912 611.944591 1.804750
978.649376 -7050.169472 844.812009 4414.469458 261.401682 612.671391 1.769095
977.826328 -7045.090314 844.080803 4411.803278 261.298623 612.890365 1.746290
977.003058 -7040.051762 843.350546 4409.158217 261.195888 613.105391 1.723678
976.193903 -7035.100110 842.633312 4406.559667 261.095543 613.319907 1.701038
975.391540 -7030.203769 841.922742 4403.989711 260.996198 613.531571 1.678514
847.134510 -7137.975035 733.421773 4461.302641 240.241753 620.634470 2.392908
1017.602474 -6900.002611 876.524460 4195.804010 265.639095 504.588674 1.858850
972.989012 -7015.748028 839.800396 4396.399164 260.699150 614.143650 1.612205
967.225828 -6996.170482 834.959663 4385.973755 259.975359 613.310286 1.649146
972.719224 -7011.999090 839.515474 4394.617041 260.705039 614.961306 1.550552
971.549339 -7004.188070 838.485728 4390.318417 260.516687 614.880982 1.537898
970.734659 -6999.518958 837.771762 4387.866067 260.417929 615.066057 1.516770
969.924828 -6994.901390 837.062673 4385.441052 260.319823 615.248878 1.495783
969.126271 -6990.355109 836.363951 4383.054201 260.223464 615.430858 1.474823
968.336544 -6985.864639 835.673267 4380.696274 260.128011 615.610828 1.454002
967.547474 -6981.409371 834.983950 4378.356816 260.032731 615.787539 1.433381
966.760071 -6976.991184 834.296684 4376.036539 259.937491 615.961175 1.412991
965.985981 -6887.925283 833.619390 4373.753074 259.843901 616.134020 1.392669
965.219798 -6977.630676 832.944234 4371.486636 259.750293 616.303580 1.372587
964.474666 -6964.178263 832.304145 4369.310740 259.663199 616.479173 1.352070
963.675579 -6959.828519 831.609252 4367.022658 259.564937 616.635204 1.332897
962.919045 -6955.674526 830.951468 4364.841949 259.474017 616.799737 1.313191
962.166353 -6951.545702 830.297195 4362.672632 259.382840 616.960347 1.293740
961.406452 -6947.425354 829.637552 4360.507977 259.290694 617.116652 1.274542
960.660535 -6943.377395 828.990102 4358.381605 259.200151 617.272889 1.255409
985.532074 -7034.644221 854.406605 4452.279129 262.185236 645.081613 1.236420
960.294703 -6926.507487 828.500821 4346.005290 258.789868 615.709720 1.217536
958.460138 -6931.517868 827.082709 4352.153096 258.933434 617.731420 1.198849
957.725012 -6927.613538 826.446544 4350.102192 258.843931 617.877957 1.180510
957.011145 -6923.805037 825.828728 4348.101933 258.757271 618.026027 1.162160
956.287067 -6919.987084 825.202774 4346.095913 258.668881 618.168735 1.144191
955.582042 -6916.259401 824.593383 4344.137981 258.583198 618.312837 1.126197
954.866076 -6912.518826 823.975167 4342.172544 258.495568 618.451574 1.108585
954.163025 -6908.849242 823.368354 4340.245078 258.409795 618.590610 1.090999
953.465352 -6905.214827 822.766287 4338.335172 258.324181 618.727321 1.073630
952.792913 -6901.681430 822.185818 4336.478293 258.241923 618.866030 1.056196
952.076239 -6898.037848 821.568843 4334.564045 258.153580 618.993967 1.039400
951.394471 -6894.533731 820.981480 4332.723466 258.069854 619.126642 1.022447
950.717724 -6891.062533 820.398740 4330.899803 257.986642 619.257093 1.005669
950.045094 -6887.625985 819.819792 4329.094126 257.903726 619.385634 0.989087
949.369635 -6884.202410 819.238752 4327.294941 257.820040 619.510976 0.972789
948.708746 -6880.848874 818.670362 4325.532805 257.738341 619.636786 0.956543
948.045786 -6877.509748 818.100596 4323.778184 257.656151 619.759618 0.940542
947.391261 -6874.218828 817.538205 4322.048757 257.574874 619.881597 0.924690
946.743368 -6870.969197 816.981714 4320.340974 257.494331 620.002346 0.908994
946.101462 -6867.758716 816.430568 4318.653684 257.414422 620.121768 0.893460
945.445927 -6864.526949 815.868230 4316.955146 257.332230 620.236293 0.878302
944.812103 -6861.386610 815.324475 4315.304806 257.253039 620.352807 0.863118
944.176907 -6858.258838 814.779843 4313.660819 257.173381 620.466412 0.848176
-67318.119047 25514.232238 -67611.533893 13444.438397 -16749.761316 20610.500246 8122.329734
908.051854 -6912.156772 785.415542 4418.064239 259.184248 680.770858 11.982307
942.305542 -6849.099319 813.176246 4308.845735 256.937794 620.799695 0.804334
941.669230 -6846.053163 812.631972 4307.245825 256.857482 620.904890 0.790173
941.081877 -6843.165405 812.128519 4305.726059 256.782979 621.015304 0.775955
940.477306 -6840.241050 811.611079 4304.187952 256.706179 621.120408 0.762057
939.874306 -6837.344634 811.095221 4302.664932 256.629449 621.224170 0.748333
939.283674 -6834.504510 810.589991 4301.171355 256.554314 621.328043 0.734703
938.684276 -6831.654801 810.077624 4299.672941 256.477687 621.428258 0.721367
938.095769 -6828.857210 809.574589 4298.201733 256.402363 621.528428 0.708144
943.104425 -6842.799422 813.773358 4305.382988 257.140639 622.561993 0.645295
937.820311 -6824.750438 809.321208 4295.934667 256.368797 621.762216 0.679115
937.440477 -6823.616048 808.999921 4295.406374 256.338196 621.991944 0.659400
936.913811 -6821.056822 808.549993 4294.059550 256.271925 622.095416 0.646288
933.907301 -6812.109464 806.060574 4289.639808 255.928167 621.913562 0.636065
934.001391 -6811.729147 806.125054 4289.411816 255.938668 622.136864 0.619213
933.962574 -6810.385480 806.076631 4288.641695 255.925015 622.277253 0.606930
933.924062 -6809.069952 806.028888 4287.887138 255.911913 622.417670 0.594770
933.864064 -6807.713395 805.963733 4287.113125 255.896554 622.554338 0.582846
936.127335 -6812.319017 807.807573 4289.181222 256.137717 622.940847 0.571159
935.473082 -6808.978523 807.251844 4287.398467 256.050594 622.962778 0.562947
932.616131 -6800.652349 804.891064 4283.330176 255.730448 622.815615 0.549504
934.836402 -6805.698135 806.701748 4285.660613 255.971848 623.240139 0.536468
931.962824 -6796.845969 804.325762 4281.287631 255.644094 623.037740 0.525993
931.901615 -6796.109667 804.263564 4280.878456 255.635505 623.220751 0.511789
931.767593 -6794.683847 804.139107 4280.077111 255.612189 623.340244 0.501347
933.754075 -6798.592971 805.753774 4281.778368 255.817348 623.665136 0.494941
930.964896 -6790.123491 803.450222 4277.622093 255.503052 623.485070 0.482561
932.941229 -6794.494948 805.058657 4279.595097 255.712045 623.851653 0.474080
930.188037 -6786.193050 802.785950 4275.533814 255.403149 623.680585 0.460772
932.096116 -6790.377659 804.337782 4277.407592 255.602914 624.029992 0.453734
929.387517 -6782.265606 802.103054 4273.452024 255.300561 623.868853 0.439516
929.230508 -6781.326753 801.962991 4272.941525 255.279660 624.023120 0.427114
68226.647396 -107916.939191 67754.757737 89972.761782 6931.459802 15711.480464 1096.089652
900.952193 -6758.684098 778.837090 4228.762023 254.891567 599.215685 7.515319
929.996193 -6779.930827 802.546999 4271.831003 255.324847 624.407137 0.409007
927.434019 -6772.785683 800.437569 4268.421449 255.047549 624.317653 0.389610
929.069274 -6776.226445 801.763123 4269.908564 255.210738 624.605701 0.387310
928.370878 -6773.269919 801.177005 4268.368922 255.123302 624.627086 0.379626
927.698098 -6770.775369 800.613617 4267.095663 255.042717 624.690510 0.369176
927.033465 -6768.319063 800.057065 4265.842309 254.962927 624.753627 0.358838
926.371800 -6765.882295 799.503025 4264.599208 254.883208 624.815359 0.348650
925.710243 -6763.458515 798.949148 4263.363398 254.803254 624.875546 0.338593
923.313388 -6756.904050 796.978401 4260.268922 254.546821 624.808248 0.317125
923.059501 -6755.770183 796.759095 4259.660754 254.511290 624.923540 0.307540
924.447097 -6758.216795 797.877940 4260.609343 254.637071 625.116771 0.312760
922.063150 -6751.441716 795.917738 4257.386927 254.379949 625.019277 0.292928
923.425633 -6754.140830 797.016884 4258.487440 254.505118 625.237158 0.296632
921.078515 -6747.517983 795.087783 4255.348027 254.253085 625.146397 0.276142
920.768684 -6746.269964 794.822764 4254.686730 254.210235 625.246890 0.267333
922.010681 -6748.374984 795.821367 4255.466764 254.317307 625.412537 0.274704
919.707476 -6741.947398 793.929534 4252.435412 254.071585 625.330622 0.253252
919.366506 -6740.639579 793.639125 4251.747310 254.024761 625.423165 0.244831
918.983600 -6738.968693 793.313377 4250.858184 253.970501 625.481916 0.238664
918.609132 -6737.335022 792.994841 4249.988819 253.917505 625.541089 0.232554
918.185934 -6735.585247 792.636143 4249.065315 253.858543 625.594440 0.226444
919.243158 -6737.265199 793.482464 4249.641172 253.942671 625.729789 0.235785
918.471703 -6734.525596 792.839624 4248.255698 253.847876 625.741544 0.228206
916.282254 -6728.808498 791.044541 4245.620279 253.620018 625.705406 0.202592
915.867653 -6727.360553 790.694044 4244.870424 253.563825 625.780031 0.194904
915.415940 -6725.605639 790.312421 4243.952135 253.501362 625.826053 0.189131
914.948060 -6723.823698 789.917633 4243.023060 253.437094 625.870069 0.183329
915.845573 -6725.139066 790.632259 4243.425135 253.500986 625.977575 0.194491
913.686189 -6719.381930 788.862601 4240.765268 253.275985 625.923722 0.169421
913.214142 -6717.824470 788.465211 4239.968216 253.212689 625.986027 0.162039
916.935099 -6726.337534 791.510042 4243.748536 253.615255 626.339139 0.185916
916.586699 -6724.434264 791.216166 4242.731269 253.568247 626.348872 0.183191
916.333113 -6723.281963 791.002168 4242.123548 253.537044 626.420195 0.176558
916.086804 -6722.148777 790.794166 4241.524478 253.506512 626.490490 0.170136
914.597769 -6718.266520 789.578541 4239.768454 253.363061 626.512044 0.145990
911.936721 -6711.196651 787.377922 4236.407093 253.042185 626.385910 0.127391
911.536720 -6709.937707 787.041354 4235.764916 252.989205 626.455799 0.120232
914.986210 -6717.664933 789.858133 4239.134275 253.350800 626.751081 0.149530
912.074730 -6709.532461 787.455024 4235.256588 253.006259 626.561372 0.131069
912.835874 -6711.584989 788.093064 4236.284578 253.126467 626.785575 0.118052
914.030791 -6713.550725 789.052239 4236.964905 253.222253 626.882415 0.136050
912.650381 -6709.848629 787.926493 4235.286552 253.090546 626.893844 0.113146
911.344215 -6705.920227 786.829974 4233.295010 252.902164 626.829120 0.111740
913.202460 -6710.146753 788.353269 4235.172243 253.112474 627.053584 0.120720
909.418470 -6700.559786 785.252290 4230.807992 252.707125 626.888272 0.079210
911.499765 -6705.488429 786.955443 4233.004426 252.935976 627.135407 0.091359
909.127977 -6699.003071 784.998970 4229.934417 252.657254 627.011611 0.072737
911.141459 -6703.608390 786.645243 4231.958416 252.875669 627.232115 0.086938
911.157037 -6702.925451 786.649657 4231.526637 252.866032 627.271131 0.088284
912.248403 -6704.754304 787.524268 4232.152361 252.950459 627.356531 0.107535
908.734864 -6696.061466 784.650256 4228.250222 252.584390 627.236845 0.063204
908.410982 -6695.148630 784.378287 4227.791096 252.542115 627.310619 0.056291
911.298477 -6701.329201 786.725569 4230.376666 252.823710 627.504423 0.093716
907.877924 -6692.755778 783.929220 4226.526524 252.469706 627.378774 0.049871
907.548016 -6691.830484 783.652576 4226.062993 252.426868 627.448311 0.043117
908.165204 -6692.602093 784.138829 4226.222916 252.459105 627.498063 0.059093
906.614890 -6688.760098 782.876619 4224.531039 252.312225 627.508683 0.031057
906.249668 -6687.596442 782.570757 4223.941561 252.264082 627.554370 0.025748
905.867392 -6686.299765 782.250888 4223.281456 252.213639 627.587252 0.021300
908.462479 -6691.721758 784.355422 4225.498968 252.456426 627.737624 0.061120
908.212029 -6690.506083 784.145041 4224.855714 252.423000 627.757898 0.059153
905.990259 -6684.974594 782.323584 4222.350573 252.183397 627.706166 0.030550
906.522757 -6686.264282 782.765532 4222.959150 252.258724 627.847406 0.024918
904.542681 -6681.224786 781.140149 4220.654058 252.040788 627.794389 0.000723
907.001091 -6686.414342 783.131138 4222.766863 252.265505 627.935479 0.041104
905.906619 -6683.545398 782.242391 4221.498233 252.167027 627.953265 0.018957
904.007036 -6678.876792 780.684528 4219.388490 251.961164 627.923226 -0.006822
906.379433 -6683.833883 782.604193 4221.388553 252.174479 628.051073 0.034342
906.158682 -6682.774477 782.418618 4220.826425 252.144536 628.071705 0.032800
905.142377 -6680.336082 781.594566 4219.782153 252.056080 628.117346 0.008979
905.957133 -6681.655113 782.242296 4220.188926 252.107968 628.167039 0.029967
905.774837 -6680.825912 782.088590 4219.747648 252.083076 628.202605 0.027705
903.851995 -6676.158256 780.516501 4217.672538 251.883797 628.180028 -0.001680
902.609755 -6673.387203 779.509235 4216.514180 251.774316 628.230245 -0.030956
904.033238 -6676.299771 780.662066 4217.682721 251.905957 628.328956 -0.007779
904.024905 -6675.801664 780.648158 4217.364912 251.893792 628.355654 -0.004994
857.791245 -6590.725821 764.403646 4203.170679 255.616693 621.411223 0.017248
911.768485 -6688.601348 786.789386 4231.020084 252.482741 632.641219 -0.004842
902.263493 -6670.848206 779.196723 4215.018266 251.694652 628.423872 -0.030843
904.346301 -6675.037192 780.875959 4216.643961 251.869348 628.506038 0.013139
903.466038 -6672.808529 780.163509 4215.681572 251.794803 628.537276 -0.007813
901.908106 -6669.096687 778.890648 4214.045558 251.634997 628.536752 -0.033883
901.654526 -6668.313080 778.678498 4213.649551 251.601448 628.576426 -0.037565
901.386542 -6667.416507 778.454543 4213.194213 251.566031 628.605572 -0.040566
901.111790 -6666.511944 778.225206 4212.737151 251.530139 628.634279 -0.043728
902.336576 -6668.872644 779.213515 4213.638598 251.635848 628.698731 -0.018904
902.312880 -6668.413053 779.187828 4213.350540 251.623039 628.723017 -0.016237
902.297540 -6668.057351 779.169177 4213.119342 251.611692 628.756561 -0.014321
901.488126 -6665.829289 778.498823 4212.051071 251.510390 628.746389 -0.020506
900.436053 -6663.507161 777.648741 4211.101122 251.423247 628.796074 -0.048343
902.226859 -6666.953072 779.087480 4212.381281 251.562777 628.842066 -0.003857
900.026979 -6662.016567 777.306806 4210.335921 251.369718 628.854079 -0.053296
901.153826 -6664.253792 778.214241 4211.190748 251.463343 628.917261 -0.029208
900.373560 -6662.073327 777.568949 4210.148107 251.367144 628.902935 -0.035207
899.369537 -6659.883304 776.758461 4209.260605 251.285395 628.953071 -0.062787
901.042356 -6663.047164 778.100234 4210.413058 251.411098 628.986193 -0.018325
900.280153 -6661.221806 777.485290 4209.649200 251.350164 629.023606 -0.039046
900.843555 -6662.018508 777.928633 4209.837989 251.375987 629.039846 -0.017859
900.691278 -6661.407059 777.800839 4209.517579 251.355390 629.068028 -0.019389
899.976445 -6659.801257 777.224623 4208.863462 251.299572 629.117875 -0.040530
898.708392 -6656.917867 776.193592 4207.638258 251.179110 629.139009 -0.067087
899.723666 -6658.831150 777.008698 4208.336370 251.258062 629.180105 -0.041756
900.257124 -6659.477439 777.427714 4208.449986 251.280592 629.182087 -0.019559
898.360890 -6655.412712 775.897482 4206.820802 251.123757 629.221725 -0.068606
899.883032 -6658.264269 777.115334 4207.836171 251.231723 629.243261 -0.024497
899.214283 -6656.692727 776.576746 4207.188265 251.180251 629.282936 -0.044107
898.562713 -6655.001476 776.039358 4206.399241 251.102840 629.289509 -0.051342
898.872251 -6655.566469 776.290729 4206.614958 251.134865 629.342770 -0.048517
899.376097 -6656.202283 776.685926 4206.733249 251.154907 629.345440 -0.026872
898.749204 -6654.790205 776.181583 4206.162806 251.107934 629.391170 -0.046436
898.134444 -6653.202986 775.674937 4205.425274 251.035606 629.399623 -0.053577
897.332272 -6651.511274 775.029711 4204.761539 250.975010 629.451205 -0.078659
897.623893 -6651.785740 775.254125 4204.753408 250.978040 629.457140 -0.062784
897.907110 -6652.245616 775.483421 4204.914320 251.005761 629.498665 -0.058984
897.894377 -6651.967905 775.467766 4204.731162 250.995137 629.518782 -0.056039
897.304756 -6650.441661 774.982589 4204.025726 250.927103 629.525906 -0.063176
897.579843 -6650.922039 775.205011 4204.199367 250.953470 629.569463 -0.059574
898.030221 -6651.468834 775.557131 4204.286791 250.968793 629.567626 -0.038471
896.905173 -6649.005023 774.647797 4203.283133 250.872750 629.600157 -0.067199
1652.298241 -8360.696570 1482.266720 6184.555180 433.183217 1351.098309 -9.998430
893.458459 -6644.505116 771.765157 4196.138501 250.203070 626.302213 -0.031277
895.894283 -6646.530409 773.826670 4202.207483 250.781689 629.697417 -0.094126
896.149223 -6646.782450 774.021965 4202.202531 250.782313 629.702822 -0.079135
895.438247 -6645.291732 773.451366 4201.625986 250.730989 629.749133 -0.102645
896.195613 -6646.594379 774.054776 4202.050506 250.779814 629.758165 -0.077461
896.591213 -6647.030436 774.362921 4202.096141 250.790634 629.750452 -0.056993
896.480154 -6646.608132 774.269633 4201.875111 250.775005 629.771444 -0.057694
895.053888 -6643.755408 773.125232 4200.800810 250.670626 629.832865 -0.103323
896.187444 -6645.712013 774.025660 4201.427052 250.736818 629.819234 -0.061286
896.082133 -6645.280963 773.937089 4201.199542 250.721677 629.836058 -0.061464
-52350.974557 -94675.282260 -52453.056287 76084.242645 -4661.569732 11384.179310 -2116.932442
893.502393 -6642.830844 771.778304 4198.044981 250.136028 628.376737 -0.278199
895.631453 -6643.894619 773.563565 4200.517130 250.666952 629.903122 -0.067956
895.543527 -6643.553564 773.489095 4200.334619 250.653417 629.923750 -0.068188
895.461116 -6643.224978 773.419068 4200.157117 250.640336 629.943963 -0.068240
895.012881 -6642.287772 773.060032 4199.797823 250.609884 629.986382 -0.084662
895.021923 -6642.134150 773.062567 4199.680337 250.601722 630.002136 -0.081043
895.032403 -6641.969496 773.066293 4199.556320 250.593696 630.015990 -0.077183
895.044346 -6641.809089 773.071220 4199.434303 250.585821 630.029746 -0.073281
894.267413 -6640.170889 772.445118 4198.786750 250.523295 630.065671 -0.095814
895.273968 -6641.830692 773.242061 4199.284943 250.576294 630.040489 -0.054530
894.090137 -6639.501236 772.295278 4198.430986 250.496146 630.100854 -0.095915
894.481613 -6640.099334 772.603909 4198.589269 250.514684 630.106222 -0.079558
894.404067 -6639.776878 772.537742 4198.413549 250.501541 630.121135 -0.078911
894.330418 -6639.478174 772.474710 4198.249850 250.488722 630.137450 -0.078318
894.260024 -6639.186994 772.414298 4198.089245 250.476140 630.153436 -0.077601
894.192914 -6638.903378 772.356529 4197.931748 250.463800 630.169101 -0.076761
894.129118 -6638.627365 772.301427 4197.777373 250.451706 630.184452 -0.075797
894.068663 -6638.358996 772.249015 4197.626136 250.439861 630.199499 -0.074708
894.011579 -6638.098309 772.199319 4197.478050 250.428269 630.214249 -0.073496
893.957895 -6637.845346 772.152361 4197.333129 250.416934 630.228711 -0.072159
893.907640 -6637.600145 772.108165 4197.191390 250.405861 630.242892 -0.070698
893.860842 -6637.362746 772.066755 4197.052845 250.395053 630.256801 -0.069112
893.817532 -6637.133190 772.028155 4196.917510 250.384514 630.270445 -0.067402
893.777738 -6636.911516 771.992389 4196.785399 250.374248 630.283835 -0.065566
893.741488 -6636.697764 771.959481 4196.656527 250.364259 630.296976 -0.063606
893.708812 -6636.491975 771.929454 4196.530909 250.354551 630.309878 -0.061520
893.679739 -6636.294189 771.902333 4196.408558 250.345128 630.322549 -0.059310
893.654297 -6636.104445 771.878140 4196.289490 250.335994 630.334996 -0.056974
902.527347 -6705.337432 783.051329 4267.494497 252.360873 651.446527 -0.054512
894.143718 -6635.423563 772.232963 4195.749569 250.285619 630.280788 -0.051926
893.600052 -6635.583874 771.823376 4195.952129 250.310362 630.371084 -0.049214
893.589427 -6635.426705 771.811138 4195.846339 250.302423 630.382723 -0.046376
893.582578 -6635.277781 771.801949 4195.743905 250.294791 630.394179 -0.043413
893.579534 -6635.137142 771.795831 4195.644842 250.287473 630.405463 -0.040324
893.580325 -6635.004830 771.792810 4195.549165 250.280470 630.416581 -0.037110
893.584979 -6634.880884 771.792909 4195.456888 250.273788 630.427543 -0.033770
879.834505 -6612.658812 760.936411 4188.986904 249.637806 631.414114 -0.695935
