-6645.227754 -362.336288 -6333.805417 285.635127 -2511.696363 1113.437110 -68.108423
-6945.934393 -324.598958 -6593.190975 308.166034 -2550.032678 1172.971454 -52.313768
-7274.940759 -303.471905 -6874.385078 344.499699 -2582.172983 1235.148841 -34.299784
-7515.100659 -316.323388 -7077.597235 378.175720 -2604.649418 1272.306148 -27.222461
-7739.133643 -332.402309 -7266.886440 415.754398 -2623.128871 1310.696829 -17.378957
-7973.413995 -347.201839 -7464.837729 454.413612 -2643.498621 1351.626548 -8.556623
-8193.088097 -363.895407 -7649.897552 491.891251 -2662.373182 1390.018559 -0.859523
-8398.747092 -382.072024 -7822.594291 528.019036 -2679.881008 1425.959752 5.660835
-8591.034091 -401.315619 -7983.501030 562.637385 -2696.151681 1459.549440 10.924326
-34067.366714 2629.803008 -31690.149333 8751.438478 -6820.763166 11898.139446 1043.379987
-17118.329859 826.276394 -15423.143842 1544.672077 -3970.833317 3563.804809 124.992547
-9001.907481 -491.029835 -8321.094328 655.058272 -2725.123000 1524.767314 15.157247
-9097.513383 -534.416261 -8397.572321 687.250328 -2729.330909 1538.563235 13.302353
-9160.191793 -582.164925 -8445.621843 719.090399 -2728.163371 1548.000621 12.666068
-9248.405233 -625.804078 -8515.761355 751.811621 -2732.361611 1562.244494 9.743601
-9326.392097 -669.348580 -8576.974581 782.843645 -2735.744242 1574.636950 6.031017
-9395.082793 -712.464084 -8630.077871 812.185453 -2738.402454 1585.386469 1.635154
-9455.467518 -754.834511 -8675.937730 839.874930 -2740.422175 1594.729745 -3.343730
-9507.657812 -796.436620 -8714.655468 865.980525 -2741.722330 1602.711575 -8.803129
-9497.780912 -852.785009 -8699.461022 889.787966 -2732.930513 1596.566916 -14.634668
-7998.493707 -2115.124992 -7204.423264 1913.544092 -2425.624173 1748.574759 -20.723967
-13357.066224 -1180.742188 -11997.294995 1821.835663 -3122.220407 2438.554524 -26.952457
-9532.964404 -1004.081978 -8710.421636 966.863100 -2718.839168 1597.827644 -34.047717
-9528.782783 -1057.451099 -8700.298485 992.913009 -2711.460290 1596.021921 -40.673758
-9534.366376 -1107.356314 -8698.714608 1020.382406 -2705.471097 1598.147066 -46.852823
-9374.003097 -1121.428635 -8555.538081 944.927484 -2708.692904 1532.631685 -70.816422
-9357.123187 -1169.559032 -8534.981303 992.385337 -2688.559758 1543.727103 -70.142837
-9364.813189 -1253.714951 -8533.984348 1065.647425 -2663.457197 1562.619486 -65.279736
-9389.247284 -1337.166308 -8547.688314 1140.997644 -2642.027071 1586.041250 -61.100885
-9435.199137 -1413.427788 -8580.357504 1215.416501 -2626.250329 1615.412177 -57.762156
-9474.547781 -1485.800110 -8607.509909 1284.345777 -2611.646500 1642.657584 -55.146175
-9504.672618 -1553.747705 -8626.881449 1346.759673 -2598.010867 1666.801709 -53.417513
-9525.357752 -1617.123519 -8638.257256 1402.569698 -2585.118874 1687.629074 -52.559501
-9520.321823 -1682.808838 -8627.330354 1451.220210 -2569.693533 1699.185559 -53.073485
-9460.859656 -1762.714713 -8569.062043 1493.314397 -2545.458535 1692.959707 -54.429864
-9426.534758 -1831.722536 -8533.115985 1538.192869 -2525.966595 1698.022464 -54.026239
-9401.423357 -1896.162678 -8505.251546 1580.721661 -2509.864919 1704.208255 -55.172341
-9373.548609 -1958.598348 -8474.983731 1621.312032 -2493.711274 1709.469225 -56.332414
-9343.193310 -2019.291530 -8442.552972 1660.492419 -2477.403163 1714.093125 -57.428721
-9312.541462 -2078.800627 -8409.818105 1699.466008 -2460.971572 1718.937168 -58.333368
-9283.107091 -2137.292502 -8378.061494 1738.616064 -2444.559901 1724.406480 -59.019814
-9253.656926 -2194.935862 -8346.254882 1778.343528 -2427.931662 1730.587498 -59.481165
-9192.615000 -2262.661566 -8286.822984 1816.465082 -2404.327857 1726.879684 -58.743744
-9142.725329 -2340.165525 -8236.963361 1858.337093 -2382.500265 1727.700296 -58.074789
-9105.763553 -2392.698912 -8198.913460 1902.531284 -2363.502269 1733.896511 -57.790007
-9041.552296 -2472.717995 -8136.261179 1944.813636 -2339.125867 1726.024796 -59.262035
-8961.306567 -2564.955555 -8059.606379 1988.231779 -2311.367162 1710.541290 -61.744945
-8907.378997 -2646.699309 -8006.190265 2038.324313 -2287.784043 1709.996753 -62.452633
-8852.670195 -2728.380352 -7952.109470 2088.675483 -2264.114075 1709.558318 -63.171786
-8797.459746 -2809.846177 -7897.604494 2139.146358 -2240.430655 1709.254452 -63.901219
-8740.486547 -2890.630081 -7841.620800 2189.072712 -2216.695440 1708.656314 -64.683606
-8683.456510 -2971.108378 -7785.607023 2239.234648 -2193.012540 1708.354073 -65.458329
-8625.565929 -3050.988760 -7728.891084 2289.219722 -2169.349549 1708.079363 -66.241877
-8566.264109 -3129.990308 -7671.016746 2338.667078 -2145.709727 1707.618960 -67.059960
-8583.563863 -3250.827779 -7691.441854 2440.569480 -2123.367459 1732.397415 -67.901350
-8398.001550 -3261.300377 -7513.165698 2405.489848 -2095.057066 1689.448596 -68.774933
-8383.654531 -3361.588435 -7493.709288 2485.003169 -2075.399280 1706.423237 -69.661859
-8273.439580 -3459.611645 -7391.613620 2529.749423 -2040.661449 1685.625562 -67.986427
-8197.694735 -3547.025923 -7319.860934 2581.304412 -2014.062474 1680.586895 -68.209125
-8124.422993 -3632.852878 -7250.395132 2633.413942 -1988.342468 1677.084675 -68.634205
-8050.380174 -3718.040842 -7180.344912 2685.054043 -1962.725063 1673.343247 -69.045314
-7975.715548 -3802.641833 -7109.851528 2736.499879 -1937.217041 1669.549579 -69.440345
-7899.387167 -3886.125515 -7038.048036 2787.027242 -1911.797335 1665.277504 -69.850885
-7823.381137 -3969.244452 -6966.602717 2837.823061 -1886.564621 1661.295120 -70.239581
-7746.744423 -4051.408067 -6894.712740 2888.071127 -1861.479107 1657.144853 -70.616039
-7669.920803 -4132.726595 -6822.751853 2938.003925 -1836.567351 1652.992858 -70.976181
-7592.053761 -4212.817469 -6750.015929 2987.209128 -1811.803404 1648.595573 -71.347941
-7503.262112 -4289.706096 -6668.437443 3045.735671 -1785.110313 1651.762975 -72.752980
-7454.551488 -4374.766466 -6620.491849 3077.699493 -1767.298869 1634.471426 -71.087073
-7358.558669 -4447.619849 -6532.443099 3133.378781 -1738.681665 1636.020562 -72.381534
-7280.863125 -4523.967226 -6460.214475 3181.684424 -1714.692304 1632.150074 -72.701639
-7204.489718 -4600.317906 -6389.192186 3231.172459 -1690.950112 1629.208385 -73.030258
-7127.681935 -4674.856658 -6317.857523 3279.199177 -1667.343027 1625.842235 -73.293669
-7051.579370 -4748.958463 -6247.208035 3327.856922 -1643.951694 1623.131150 -73.562913
-6976.826431 -4822.905007 -6177.754988 3377.379160 -1620.758872 1621.234517 -73.794060
-6902.089849 -4895.756639 -6108.382577 3426.504628 -1597.715351 1619.460607 -73.986431
-6828.971911 -4968.846487 -6040.422499 3476.866198 -1574.873440 1618.617399 -74.156536
-6756.128132 -5041.082836 -5972.738727 3526.938351 -1552.163491 1617.887840 -74.274213
-6683.944123 -5112.962391 -5905.657321 3577.253522 -1529.621590 1617.466851 -74.369387
-6612.360755 -5184.397635 -5839.115474 3627.530843 -1507.231526 1617.159801 -74.421122
-6541.445592 -5255.458416 -5773.161842 3677.697476 -1484.995993 1616.860135 -74.422403
-6471.171644 -5326.309479 -5707.779727 3727.836658 -1462.936962 1616.527702 -74.386295
-6401.545629 -5396.942719 -5642.969488 3777.766641 -1441.062499 1616.007774 -74.297629
-6332.890589 -5467.643025 -5578.998953 3827.712394 -1419.404449 1615.365721 -74.157313
-6264.945936 -5538.092311 -5515.652607 3877.182510 -1397.981688 1614.331403 -73.958330
-6197.840536 -5608.280820 -5453.039773 3926.096153 -1376.830535 1612.851476 -73.699693
-6132.516749 -5679.131396 -5391.944519 3975.573323 -1355.999090 1611.474005 -73.410577
-6067.204126 -5748.784046 -5330.918002 4023.331525 -1335.492587 1609.087028 -73.044109
-6003.769530 -5818.888204 -5271.502349 4071.446727 -1315.380504 1606.755694 -72.656570
-5941.336678 -5888.348370 -5212.978718 4118.636712 -1295.650460 1603.910125 -72.196176
-48785.181012 -14954.654718 -48030.390272 9125.097628 -18168.135319 619.931301 -392.667861
2313.727908 -6008.877310 1876.280877 2170.825934 158.854505 -1183.821574 -370.516102
-5763.001525 -6094.972987 -5045.295994 4258.766795 -1239.063408 1595.075366 -70.633764
-5706.464509 -6162.716639 -4991.976272 4304.871632 -1221.057022 1592.285204 -70.051069
-5651.349017 -6230.087870 -4939.935467 4351.253671 -1203.482892 1590.001121 -69.494364
-5597.575434 -6296.375759 -4889.074531 4397.093956 -1186.238504 1587.931149 -68.861087
-5544.808421 -6361.711708 -4839.148439 4442.821402 -1169.368215 1586.334586 -68.247006
-5492.773048 -6426.007313 -4789.927739 4488.402163 -1152.812082 1585.236269 -67.638906
-5441.961680 -6489.665492 -4741.781474 4534.299671 -1136.473489 1584.885080 -67.012482
-5391.090770 -6551.386724 -4693.677535 4579.113331 -1120.342838 1584.678186 -66.345754
-5341.328264 -6612.666841 -4646.531450 4624.455658 -1104.335807 1585.296695 -65.674513
-5290.348420 -6671.023164 -4598.489918 4667.592285 -1088.473602 1585.541220 -64.926096
-5239.825083 -6728.676935 -4550.875586 4710.878521 -1072.691684 1586.385357 -64.185220
-5189.071014 -6785.169109 -4503.127007 4753.751181 -1056.919707 1587.558122 -63.400623
-5137.876222 -6840.084075 -4455.063067 4795.635840 -1041.126221 1588.770025 -62.533870
-5085.965249 -6893.215138 -4406.462564 4836.241395 -1025.310040 1589.842733 -61.587773
-5033.452060 -6944.660326 -4357.401570 4875.573844 -1009.419942 1590.729476 -60.534224
-4980.041514 -6994.306622 -4307.649286 4913.473929 -993.467482 1591.304906 -59.388024
-4925.626091 -7042.122731 -4257.116014 4949.838954 -977.433327 1591.471808 -58.137463
-4870.221584 -7088.171955 -4205.811469 4984.668077 -961.307969 1591.173999 -56.781055
-4813.904629 -7132.333582 -4153.788581 5017.744741 -945.064070 1590.275985 -55.280574
-4756.491456 -7174.584484 -4100.913874 5049.014548 -928.744763 1588.703850 -53.669618
-4698.077608 -7215.218770 -4047.262229 5078.740015 -912.338369 1586.528053 -51.958480
-4638.763339 -7253.755871 -3992.903742 5106.337274 -895.813470 1583.511653 -50.073595
-4578.340779 -7290.340359 -3937.702950 5131.982808 -879.276278 1579.691757 -48.109774
-4517.192965 -7325.595312 -3881.954258 5156.301678 -862.680743 1575.316337 -46.070261
-4455.026868 -7359.264978 -3825.444302 5179.066110 -846.087943 1570.292488 -43.989108
-4392.275304 -7391.370620 -3768.503503 5200.264569 -829.454953 1564.640261 -41.819690
-4328.695271 -7421.461539 -3710.963939 5219.491298 -812.870300 1558.212655 -39.597425
-4264.749910 -7450.445804 -3653.190029 5237.722097 -796.327296 1551.401618 -37.385957
-4200.135196 -7478.303756 -3594.958761 5255.020882 -779.874388 1544.254419 -35.236916
-4134.960543 -7504.643940 -3536.352145 5270.935973 -763.485848 1536.660716 -33.093376
-4069.293391 -7529.729409 -3477.441989 5285.674349 -747.237275 1528.766555 -31.039358
-4003.385608 -7553.900612 -3418.418205 5299.444096 -731.089247 1520.752590 -29.074059
-3937.131755 -7576.654116 -3359.207897 5311.684799 -715.072930 1512.471445 -27.181812
-3870.572480 -7598.547746 -3299.852592 5323.106868 -699.228204 1504.170086 -25.451232
-3803.795086 -7619.046564 -3240.411469 5333.330914 -683.501039 1495.686227 -23.788621
-3736.854291 -7638.788979 -3180.942704 5343.179846 -667.966659 1487.284057 -22.318951
-3669.554837 -7657.206576 -3121.289053 5352.147451 -652.581443 1478.783106 -20.959602
-3602.285102 -7674.593780 -3061.753726 5360.533735 -637.351608 1470.300759 -19.729574
-3534.943116 -7690.741438 -3002.262051 5368.151025 -622.289149 1461.778177 -18.621457
-3467.417366 -7705.572486 -2942.732613 5374.928664 -607.410326 1453.194302 -17.641929
-3400.032220 -7719.392883 -2883.407477 5381.148300 -592.671865 1444.662934 -16.774239
-3332.719415 -7731.803185 -2824.240088 5386.402670 -578.093103 1436.040715 -15.993434
-3265.400458 -7742.783881 -2765.171972 5390.661275 -563.687545 1427.312725 -15.313011
-3198.325745 -7752.535621 -2706.392775 5394.101380 -549.424601 1418.547031 -14.703544
-3131.604052 -7761.056845 -2647.988384 5396.708611 -535.307756 1409.737341 -14.156606
-3064.503896 -7768.377094 -2589.409874 5398.574114 -521.419793 1400.894885 -13.765197
-2998.348889 -7774.554441 -2531.642999 5399.610048 -507.560112 1392.029486 -13.305555
-2932.333342 -7779.282419 -2474.113128 5399.576133 -493.956042 1383.005848 -12.950866
-2867.079998 -7783.316669 -2417.257522 5399.163582 -480.419515 1374.093547 -12.604288
-2801.918401 -7785.371811 -2360.601886 5397.109230 -467.106371 1364.823816 -12.259001
-2737.284435 -7786.789720 -2304.451863 5394.705030 -453.924390 1355.646493 -11.971174
-2673.323677 -7787.114559 -2248.921329 5391.478672 -440.856672 1346.403558 -11.661964
-2609.646608 -7785.912687 -2193.732025 5386.993639 -427.990205 1336.922061 -11.354100
-2547.208858 -7784.704453 -2139.573516 5382.688122 -415.168588 1327.712114 -11.059564
-2485.041371 -7782.067489 -2085.743466 5377.213782 -402.544243 1318.289187 -10.767874
-2423.525492 -7778.491981 -2032.518950 5370.989693 -390.054902 1308.802257 -10.456060
-2363.040104 -7773.962077 -1980.192448 5363.956473 -377.693993 1299.229743 -10.089653
-2302.690742 -7768.603571 -1928.086350 5356.302570 -365.546103 1289.611352 -9.799287
-2243.747425 -7762.829925 -1877.141737 5348.338122 -353.436043 1280.095147 -9.422240
-2183.996390 -7755.735855 -1825.718458 5347.221373 -341.658031 1274.844156 -9.192955
-2126.668020 -7748.499452 -1776.219798 5327.635222 -329.913141 1259.159882 -8.744959
-2069.915305 -7740.422047 -1727.294791 5320.297463 -318.246406 1251.145436 -8.374297
-2013.563836 -7731.787840 -1678.776442 5310.039916 -306.822975 1241.520827 -8.013271
-1958.024683 -7722.879081 -1630.974499 5299.628812 -295.527786 1232.007642 -7.660189
-1903.264767 -7713.358768 -1583.875031 5288.728288 -284.392073 1222.484563 -7.290349
-1849.088523 -7703.368895 -1537.325267 5277.480536 -273.425326 1212.987775 -6.940866
-1795.653265 -7692.985353 -1491.440250 5265.951737 -262.603816 1203.544697 -6.589308
-1742.881033 -7681.997793 -1446.169552 5253.927401 -251.957620 1194.073596 -6.228460
-1691.226014 -7671.086505 -1401.836161 5242.039140 -241.417231 1184.786321 -5.877263
-1640.033245 -7659.548327 -1357.962436 5229.646029 -231.063686 1175.458133 -5.539238
-1589.573105 -7647.653321 -1314.746049 5216.979009 -220.865352 1166.171281 -5.199023
-1539.732073 -7635.414331 -1272.100660 5204.052661 -210.834842 1156.922797 -4.879606
-1490.596807 -7622.837022 -1230.091922 5190.865767 -200.966838 1147.715249 -4.565599
-1442.544237 -7610.120667 -1189.002418 5177.577795 -191.238618 1138.599478 -4.239209
-1394.724459 -7596.900885 -1148.190403 5163.886451 -181.704577 1129.460337 -3.958834
-1347.434326 -7583.324031 -1107.878393 5149.922230 -172.338154 1120.359915 -3.682675
-1301.047517 -7569.883383 -1068.331682 5136.135065 -163.089278 1111.440950 -3.437046
-1255.462400 -7556.025527 -1029.496638 5121.984714 -154.011167 1102.519686 -3.164780
-1210.246034 -7541.928744 -991.028123 5107.660584 -145.096830 1093.648055 -2.939117
-1164.987485 -7527.178331 -952.627041 5092.798401 -136.385755 1084.717409 -2.734902
-1120.844147 -7512.576864 -915.156342 5078.104219 -127.801793 1075.971668 -2.518141
-1077.434827 -7497.752085 -878.333053 5063.221601 -119.376241 1067.269659 -2.301907
-1034.105615 -7482.426782 -841.661614 5047.923406 -111.139382 1058.537076 -2.116873
-991.740472 -7467.143924 -805.807467 5032.698335 -103.047500 1049.953815 -1.920211
-949.519784 -7451.376438 -770.153507 5017.065766 -95.144669 1041.340604 -1.752635
-908.294676 -7435.666018 -735.341222 5001.517550 -87.393119 1032.878034 -1.575823
-866.973759 -7419.394273 -700.542767 4985.500287 -79.834401 1024.363246 -1.451773
-826.605269 -7403.172275 -666.555150 4969.570755 -72.438746 1016.004745 -1.326036
-786.604445 -7386.667086 -632.929539 4953.419624 -65.216403 1007.679352 -1.246950
-747.098020 -7369.956032 -599.765613 4937.127747 -58.173113 999.424879 -1.205030
-708.407682 -7353.201092 -567.307935 4920.830615 -51.301988 991.283108 -1.190825
-670.020841 -7336.158058 -535.161625 4904.317188 -44.607956 983.178295 -1.244569
-632.251588 -7319.008037 -503.569599 4887.757213 -38.094066 975.175620 -1.344142
-595.216420 -7301.810564 -472.617734 4871.196099 -31.752584 967.283361 -1.488411
-558.713772 -7284.454637 -442.150767 4854.535439 -25.585326 959.466103 -1.686141
-522.627542 -7266.925388 -412.080176 4837.774878 -19.598010 951.727018 -1.939694
-487.464628 -7249.526899 -382.791960 4821.186214 -13.780616 944.155360 -2.215067
-452.736471 -7231.976215 -353.908900 4804.512228 -8.131897 936.657889 -2.535982
-418.857578 -7214.543113 -325.749303 4787.999423 -2.651154 929.318740 -2.866449
-384.570112 -7196.476851 -297.353700 4770.976266 2.637017 921.914965 -3.264349
-352.840196 -7179.656880 -270.977842 4755.142357 7.797382 915.006888 -3.582620
-320.735090 -7162.124413 -244.384445 4738.676230 12.792076 907.961463 -3.944819
-289.543500 -7144.895384 -218.555711 4722.560369 17.629771 901.132789 -4.297759
-260.298667 -7128.566380 -194.272517 4707.293211 22.352955 894.655190 -4.580468
-229.435652 -7110.844273 -168.820979 4690.809760 26.889754 887.863136 -4.962072
-200.363442 -7094.146104 -144.800353 4675.351907 31.281667 881.509248 -5.284405
-172.043010 -7077.626399 -121.409622 4660.083977 35.549406 875.280372 -5.586840
-144.551367 -7061.398099 -98.706058 4645.118998 39.694587 869.215350 -5.866229
-117.852788 -7045.465460 -76.659744 4630.460164 43.722770 863.311239 -6.124565
-91.077813 -7029.275844 -54.610975 4615.615931 47.609108 857.417069 -6.401485
-66.497514 -7014.431628 -34.280331 4602.029711 51.417278 851.976547 -6.593007
-41.859796 -6999.303279 -13.952224 4588.190647 55.116954 846.494924 -6.795363
-17.886793 -6984.518557 5.822406 4574.708194 58.707146 841.183261 -6.985562
4.986998 -6970.374699 24.718622 4561.832094 62.214463 836.104666 -7.142061
27.662602 -6956.228198 43.422309 4548.974809 65.623008 831.073588 -7.307109
49.377509 -6942.690680 61.354120 4536.694413 68.946624 826.262585 -7.445100
70.411786 -6929.540009 78.732008 4524.777364 72.195607 821.595617 -7.571794
90.819899 -6916.763525 95.597816 4513.210669 75.368921 817.067139 -7.689193
109.852611 -6904.914064 111.389739 4502.483437 78.504562 812.814832 -7.766188
129.624737 -6892.444360 127.705092 4491.200545 81.529202 808.423371 -7.893415
148.123083 -6880.920500 143.019796 4480.800431 84.494645 804.334840 -7.989675
165.956877 -6869.823428 157.802278 4470.775208 87.411215 800.373271 -8.074782
183.376130 -6858.994180 172.240794 4460.986115 90.266626 796.500086 -8.158728
199.979398 -6848.739338 186.034967 4451.714114 93.081061 792.798021 -8.228008
216.609149 -6838.484675 199.854260 4442.449107 95.873187 789.126556 -8.307282
231.881338 -6829.041238 212.522283 4433.856709 98.457414 785.646658 -8.367262
246.828969 -6820.081249 225.011832 4425.753969 101.207249 782.332571 -8.396055
262.369872 -6810.531073 237.892551 4417.084140 103.784146 778.869036 -8.474284
276.508759 -6802.079356 249.688263 4409.417382 106.339573 775.721634 -8.510345
291.011314 -6793.323692 261.732143 4401.460977 108.817060 772.501957 -8.569634
303.970156 -6785.759320 272.589948 4394.568033 111.298831 769.600141 -8.574192
317.010288 -6778.069197 283.490873 4387.537843 113.737110 766.660741 -8.592560
329.968319 -6770.465336 294.302092 4380.582646 116.104761 763.762087 -8.614060
342.112656 -6763.483446 304.479016 4374.183290 118.451174 761.035455 -8.612796
354.278815 -6756.468502 314.650043 4367.740205 120.740637 758.306570 -8.619198
365.816348 -6749.940648 324.326216 4361.729559 123.000909 755.713682 -8.608224
377.245050 -6743.478923 333.899682 4355.767693 125.213207 753.145113 -8.600787
388.226268 -6737.361713 343.115374 4350.108688 127.390404 750.674646 -8.582619
398.812894 -6731.530914 352.015661 4344.695482 129.538514 748.281901 -8.556098
409.392221 -6725.696232 360.889076 4340.914145 131.638940 746.863942 -8.525819
419.503001 -6720.218287 369.390620 4333.550347 133.683687 743.218123 -8.505857
429.335698 -6714.939761 377.664650 4329.224866 135.722000 741.391862 -8.470322
439.140597 -6709.674631 385.897020 4324.292035 137.696672 739.181386 -8.440245
448.389878 -6704.821687 393.695356 4319.725775 139.654776 737.083281 -8.396938
457.518303 -6700.042771 401.385126 4315.213446 141.573045 735.008417 -8.353918
466.437652 -6695.413826 408.899518 4310.831794 143.452912 732.981743 -8.309509
475.125161 -6690.951932 416.222036 4306.594784 145.297223 731.006220 -8.262190
483.511222 -6686.706139 423.301944 4302.544923 147.114054 729.091640 -8.209192
491.870668 -6682.463432 430.344102 4298.493706 148.884800 727.188400 -8.161606
499.912877 -6678.456297 437.131508 4294.651117 150.627114 725.353945 -8.107756
507.637029 -6674.672714 443.665960 4291.000517 152.348920 723.579262 -8.047051
515.358553 -6670.869813 450.181981 4287.328278 154.026855 721.809366 -7.992374
522.770071 -6667.297773 456.449775 4283.860129 155.678886 720.106052 -7.930948
530.055277 -6663.803211 462.607802 4280.456195 157.297650 718.429533 -7.870112
537.199571 -6660.401992 468.644741 4277.133812 158.882232 716.786144 -7.809587
544.169811 -6657.119500 474.536402 4273.915282 160.436278 715.181260 -7.747879
550.863820 -6654.030937 480.208187 4270.865153 161.971455 713.629527 -7.680651
557.461641 -6650.998824 485.793759 4267.860297 163.473960 712.099046 -7.614221
563.885198 -6648.084479 491.235102 4264.959175 164.949167 710.606321 -7.546555
570.211396 -6645.228360 496.589461 4262.108426 166.391493 709.137461 -7.480333
576.380258 -6642.480398 501.812178 4259.352713 167.804998 707.704390 -7.412760
582.354716 -6639.860536 506.877304 4256.709341 169.197280 706.309587 -7.343238
588.187296 -6637.333076 511.823581 4254.144839 170.563437 704.944525 -7.272531
593.887211 -6634.890420 516.658130 4251.653994 171.903417 703.608063 -7.201458
599.450499 -6632.534945 521.378368 4249.239341 173.218434 702.300694 -7.129948
604.970095 -6630.196842 526.052966 4246.840005 174.500038 701.007735 -7.061575
610.242057 -6628.034772 530.531471 4244.595784 175.766947 699.763682 -6.988000
615.452013 -6625.900589 534.952139 4242.373599 177.006106 698.533620 -6.916305
620.520586 -6623.861054 539.255818 4240.234867 178.222698 697.334367 -6.843420
625.492420 -6621.874745 543.476570 4238.143296 179.415974 696.155634 -6.771869
630.354733 -6619.959829 547.604314 4236.114245 180.584934 695.002271 -6.699904
635.083168 -6618.130661 551.621947 4234.160578 181.734488 693.876352 -6.627102
639.743483 -6616.339346 555.577827 4232.239830 182.857908 692.767907 -6.555524
644.224901 -6614.668233 559.390475 4230.425618 183.966299 691.694730 -6.481374
648.715875 -6612.971128 563.199132 4228.588833 185.042604 690.625115 -6.411938
653.027795 -6611.399027 566.864518 4226.863393 186.103785 689.592419 -6.339465
657.228642 -6609.894005 570.437977 4225.195551 187.147233 688.581363 -6.266321
661.380581 -6608.409365 573.965255 4223.546077 188.166565 687.583231 -6.195272
665.389489 -6607.019084 577.377209 4221.980223 189.171372 686.613724 -6.122462
669.377660 -6605.629307 580.764129 4220.415035 190.150293 685.652770 -6.052461
673.191334 -6604.358102 584.013224 4218.955041 191.119673 684.725105 -5.979488
676.878699 -6603.164765 587.160880 4217.562141 192.077575 683.819924 -5.905040
680.788295 -6601.798352 590.461148 4216.019166 192.981200 682.890497 -5.841794
684.234974 -6600.760521 593.413440 4214.769619 193.910617 682.036814 -5.766608
687.828434 -6599.596513 596.465209 4213.404990 194.800619 681.162708 -5.698732
691.280438 -6598.531663 599.403876 4212.131288 195.678646 680.319381 -5.629203
694.638165 -6597.521473 602.265430 4210.905813 196.543931 679.494043 -5.559414
697.973029 -6596.516640 605.101777 4209.685903 197.387117 678.677970 -5.491663
701.196167 -6595.583083 607.848098 4208.530133 198.218938 677.884325 -5.422936
704.401780 -6594.649245 610.573602 4207.375160 199.029450 677.098376 -5.356528
707.498691 -6593.784955 613.211623 4206.282863 199.829139 676.334350 -5.289104
710.563081 -6592.931110 615.818321 4205.200824 200.610556 675.579743 -5.223438
713.552771 -6592.122709 618.362668 4204.160135 201.377889 674.842169 -5.157739
716.388081 -6591.413189 620.787410 4203.206732 202.143625 674.130022 -5.089400
719.300060 -6590.634386 623.260953 4202.193793 202.879006 673.411817 -5.026498
722.096922 -6589.933068 625.642878 4201.251753 203.605757 672.717502 -4.962277
724.840038 -6589.258025 627.978921 4200.333646 204.319392 672.034815 -4.898769
727.520351 -6588.618673 630.262366 4199.448155 205.020588 671.366176 -4.835487
730.145587 -6588.007934 632.499133 4198.589290 205.709275 670.709907 -4.772871
732.716013 -6587.426186 634.689491 4197.757399 206.385597 670.066107 -4.710810
735.227025 -6586.877068 636.830234 4196.955559 207.050534 669.435321 -4.649034
737.696608 -6586.346560 638.934656 4196.171787 207.702416 668.814780 -4.588305
740.143227 -6585.823355 641.016109 4195.396457 208.338495 668.202892 -4.529104
742.504527 -6585.352068 643.029504 4194.668390 208.967695 667.607411 -4.469258
744.831644 -6584.894873 645.012306 4193.953973 209.584144 667.020863 -4.410380
747.111138 -6584.462241 646.954746 4193.263008 210.189602 666.445513 -4.352121
749.342796 -6584.053788 648.856819 4192.595117 210.784545 665.881097 -4.294446
751.544413 -6583.656735 650.731317 4191.939640 211.366212 665.325761 -4.237997
753.673911 -6583.302440 652.547835 4191.323491 211.940640 664.784869 -4.181104
755.781401 -6582.953509 654.343047 4190.713787 212.501955 664.251180 -4.125508
757.842238 -6582.628432 656.099101 4190.127043 213.053579 663.728181 -4.070405
759.832031 -6582.344112 657.798609 4189.577369 213.599751 663.218208 -4.014792
761.832097 -6582.041868 659.500653 4189.013977 214.129578 662.710989 -3.961561
763.758170 -6581.783788 661.144106 4188.491360 214.654610 662.217762 -3.907809
765.657395 -6581.535296 662.763488 4187.978634 215.169269 661.731787 -3.854942
767.527732 -6581.298621 664.357305 4187.478402 215.673812 661.253827 -3.803028
769.369073 -6581.074364 665.925562 4186.991148 216.168457 660.783981 -3.751968
771.158564 -6580.877802 667.451903 4186.530090 216.657078 660.324493 -3.701015
772.918677 -6580.693578 668.952713 4186.081594 217.136751 659.872630 -3.650748
774.629414 -6580.536407 670.413601 4185.658631 217.610597 659.430928 -3.600495
776.352356 -6580.361321 671.879206 4185.222461 218.070040 658.991700 -3.552512
778.015136 -6580.221797 673.297076 4184.819470 218.525168 658.564288 -3.504099
779.658446 -6580.086500 674.696974 4184.421993 218.971120 658.142599 -3.456668
781.236228 -6579.988121 676.045662 4184.058539 219.414840 657.732031 -3.408683
782.801233 -6579.892162 677.382708 4183.698885 219.851599 657.326604 -3.361675
784.372549 -6579.775647 678.716596 4183.322918 220.266266 656.923345 -3.316734
785.895565 -6579.698761 680.015719 4182.984762 220.686797 656.532098 -3.271265
787.386478 -6579.630055 681.286817 4182.655095 221.097222 656.146917 -3.226364
788.845072 -6579.574886 682.531077 4182.339547 221.501646 655.768827 -3.182037
790.281475 -6579.527607 683.755906 4182.032848 221.898719 655.396858 -3.138398
791.696105 -6579.488639 684.961598 4181.735466 222.288332 655.031258 -3.095393
793.084155 -6579.460086 686.144769 4181.449431 222.671549 654.672178 -3.052988
794.460658 -6579.432685 687.316280 4181.166572 223.046037 654.318283 -3.011500
795.698122 -6579.492192 688.384460 4180.960828 223.432356 653.982205 -2.966787
797.088167 -6579.437020 689.559667 4180.657773 223.785698 653.632419 -2.928497
798.359468 -6579.460573 690.645699 4180.426124 224.146200 653.300991 -2.887670
805.198800 -6653.228142 699.448395 4255.814574 226.280620 675.198034 -2.847757
801.315964 -6574.696339 693.184486 4175.531042 224.988138 651.663898 -2.809345
802.098967 -6579.533274 693.833225 4179.743416 225.185536 652.331211 -2.770180
803.301825 -6579.572484 694.858739 4179.532691 225.521168 652.018524 -2.732057
804.481417 -6579.621425 695.864696 4179.332587 225.851551 651.711789 -2.694353
805.639779 -6579.677757 696.852684 4179.140999 226.176759 651.410353 -2.657151
806.786842 -6579.735345 697.829883 4178.952580 226.495273 651.113347 -2.620692
807.895836 -6579.812123 698.777090 4178.782822 226.811592 650.823316 -2.584116
809.001492 -6579.882918 699.719429 4178.610035 227.120622 650.536133 -2.548685
810.086905 -6579.962267 700.644669 4178.446618 227.424710 650.254460 -2.513552
811.148389 -6580.050585 701.550301 4178.293010 227.725008 649.977872 -2.478787
812.203915 -6580.136857 702.449287 4178.139539 228.018641 649.704847 -2.444817
813.225212 -6580.239484 703.321339 4178.002257 228.310391 649.437946 -2.410832
814.242661 -6580.338412 704.188395 4177.863584 228.595528 649.174142 -2.377666
815.241650 -6580.443588 705.039933 4177.732373 228.876438 648.914980 -2.344934
816.216819 -6580.558081 705.872199 4177.611158 229.154309 648.660660 -2.312450
817.189827 -6580.668116 706.700803 4177.487953 229.425665 648.409251 -2.280815
818.140990 -6580.787146 707.511603 4177.374480 229.693767 648.162738 -2.249414
819.072020 -6580.912587 708.305932 4177.268524 229.958734 647.920393 -2.218397
819.989322 -6581.041812 709.088421 4177.167595 230.219483 647.682018 -2.187755
820.891646 -6581.175046 709.858201 4177.072026 230.476372 647.447539 -2.157541
821.784390 -6581.308864 710.619183 4176.978841 230.728596 647.216458 -2.127891
822.659974 -6581.447806 711.365956 4176.892050 230.977556 646.989312 -2.098625
823.527486 -6581.586926 712.105093 4176.807160 231.221788 646.765475 -2.069859
824.370497 -6581.736091 712.824826 4176.732868 231.464226 646.546152 -2.041206
825.207971 -6581.883357 713.538836 4176.658676 231.701825 646.329663 -2.013141
826.032731 -6582.033617 714.241963 4176.588929 231.935793 646.116734 -1.985477
826.836738 -6582.191338 714.928493 4176.527495 232.167706 645.907765 -1.958011
827.638745 -6582.344840 715.611928 4176.464168 232.394475 645.701183 -1.931237
828.426005 -6582.503085 716.283115 4176.406706 232.618228 645.498309 -1.904720
829.198684 -6582.664923 716.942232 4176.354133 232.839174 645.298734 -1.878534
829.962169 -6582.827685 717.593176 4176.304021 233.056441 645.102170 -1.852737
830.711979 -6582.993300 718.232748 4176.258235 233.270932 644.908725 -1.827330
831.453303 -6583.159659 718.864713 4176.214687 233.481783 644.718210 -1.802280
832.174859 -6583.332842 719.480976 4176.178691 233.691013 644.531203 -1.777337
832.893284 -6583.502379 720.093523 4176.141143 233.895901 644.346295 -1.752969
833.602916 -6502.669036 720.697989 4176.106347 234.097476 644.164316 -1.728943
834.257588 -6583.092154 721.290409 4176.076755 234.296907 643.985441 -1.705197
834.993741 -6584.016241 721.883219 4176.043243 234.491238 643.808393 -1.682188
835.687779 -6584.181857 722.472506 4176.009401 234.681113 643.633994 -1.659719
836.330304 -6584.374436 723.023434 4176.000775 234.875252 643.465650 -1.636401
836.991380 -6584.549917 723.586379 4175.978849 235.061834 643.297511 -1.614176
837.626321 -6584.737189 724.129209 4175.968912 235.248399 643.133489 -1.591817
838.268606 -6584.914698 724.676032 4175.952077 235.429409 642.970602 -1.570247
838.897989 -6585.095482 725.212225 4175.939920 235.608103 642.810794 -1.548898
839.507997 -6585.283191 725.733237 4175.935433 235.785880 642.654265 -1.527555
840.117447 -6585.466355 726.252628 4175.928533 235.959633 642.499480 -1.506731
840.829924 -6554.183710 727.171352 4163.649306 236.132969 642.347919 -1.485875
837.062385 -6584.126431 724.687399 4175.342236 236.302360 642.197763 -1.465620
841.882411 -6586.027209 727.758414 4175.926638 236.468455 642.049735 -1.445745
842.453898 -6586.215207 728.245985 4175.930051 236.633304 641.904369 -1.426037
843.023217 -6586.400230 728.730906 4175.932353 236.794799 641.760838 -1.406735
843.547708 -6586.606903 729.182535 4175.955300 236.960425 641.622018 -1.386806
844.126245 -6586.777807 729.671844 4175.948394 237.112725 641.481376 -1.368590
844.668717 -6586.966013 730.134060 4175.958575 237.267379 641.345242 -1.350038
845.198018 -6587.156940 730.585804 4175.972579 237.420879 641.211340 -1.331590
845.725538 -6587.344582 731.035244 4175.985149 237.571191 641.079082 -1.313530
846.236722 -6587.537554 731.471956 4176.003837 237.720954 640.949420 -1.295506
846.739393 -6587.731197 731.901604 4176.024475 237.868932 640.821710 -1.277689
-21858.739175 -15028.587241 -21969.258060 9838.478320 -8219.060604 584.317750 -174.048026
859.786394 -6587.864019 742.890033 4171.147324 240.379923 636.217000 -1.656025
848.238560 -6588.292647 733.178512 4176.077850 238.294935 640.447778 -1.226674
848.716871 -6588.484370 733.586969 4176.102414 238.434472 640.327364 -1.209960
849.197660 -6588.670647 733.996338 4176.123548 238.570567 640.208115 -1.193705
849.662765 -6588.862255 734.393580 4176.150739 238.706437 640.091290 -1.177454
850.123948 -6589.052119 734.787166 4176.177729 238.840095 639.975991 -1.161480
850.588904 -6589.236213 735.182612 4176.200987 238.970140 639.861858 -1.145959
851.034482 -6589.427438 735.563304 4176.231929 239.100745 639.750241 -1.130367
851.472443 -6589.619137 735.937738 4176.264551 239.229946 639.640315 -1.114920
851.920994 -6589.801019 736.318958 4176.289885 239.354450 639.531022 -1.100097
852.347325 -6589.991884 736.683417 4176.324476 239.480115 639.424406 -1.085100
852.773343 -6590.179093 737.046895 4176.357065 239.603184 639.318958 -1.070408
853.191166 -6590.367329 737.403718 4176.391860 239.725034 639.215253 -1.055863
853.610905 -6590.550676 737.761155 4176.423666 239.843914 639.112602 -1.041722
854.016275 -6590.738787 738.107536 4176.460915 239.962768 639.012073 -1.027549
854.425630 -6590.921008 738.456053 4176.494203 240.078387 638.912434 -1.013790
854.823869 -6591.106074 738.795864 4176.531246 240.193464 638.814652 -1.000089
855.211389 -6591.293379 739.127280 4176.571492 240.308028 638.718542 -0.986455
855.600814 -6591.475920 739.459366 4176.608769 240.419834 638.623369 -0.973190
855.988020 -6591.656444 739.789166 4176.645467 240.529614 638.529489 -0.960169
856.361144 -6591.841330 740.108180 4176.687218 240.639565 638.437487 -0.947118
856.739175 -6592.020063 740.430062 4176.724687 240.746337 638.346241 -0.934461
857.093097 -6592.208503 740.733969 4176.771999 240.855146 638.257367 -0.921575
860.161860 -6591.006331 742.988122 4175.570709 240.470470 638.043646 -0.960232
857.258355 -6592.887740 740.945881 4177.149631 241.151979 638.126847 -0.888682
857.678496 -6592.980095 741.299304 4177.108289 241.253514 638.016030 -0.875856
858.046678 -6593.150661 741.611131 4177.143668 241.351549 637.930540 -0.864147
858.404141 -6593.323941 741.914657 4177.182565 241.449371 637.846654 -0.852445
858.762504 -6593.493248 742.218226 4177.219109 241.544937 637.763629 -0.841049
859.117616 -6593.661125 742.518861 4177.255534 241.638984 637.681763 -0.829848
859.465206 -6593.829951 742.813512 4177.293897 241.732332 637.601262 -0.818723
859.814940 -6593.994235 743.109120 4177.329370 241.823262 637.521533 -0.807918
860.157245 -6594.159541 743.398821 4177.366834 241.913513 637.443171 -0.797184
860.493058 -6594.324917 743.683295 4177.405492 242.002966 637.365984 -0.786575
860.827599 -6594.487920 743.966307 4177.443095 242.090706 637.289761 -0.776165
861.156048 -6594.650953 744.244389 4177.481843 242.177613 637.214714 -0.765881
863.772692 -6591.190279 746.167276 4176.488967 241.848447 637.041799 -0.797257
863.563080 -6593.658780 746.067431 4176.787836 242.016641 637.005328 -0.779592
863.443374 -6594.488935 746.008600 4177.021559 242.181371 636.951212 -0.761567
861.123243 -6595.941278 744.379508 4178.234073 242.739502 636.991065 -0.704654
861.509282 -6596.027553 744.699265 4178.204169 242.815358 636.902498 -0.694675
861.866779 -6596.163915 744.995441 4178.223957 242.887157 636.831398 -0.685850
862.213188 -6596.302996 745.283122 4178.247269 242.959101 636.761694 -0.677030
862.583159 -6596.426143 745.587202 4178.257491 243.024952 636.691542 -0.668992
862.909440 -6596.569951 745.859399 4178.287095 243.096908 636.624528 -0.660185
863.248744 -6596.703043 746.140484 4178.308190 243.164865 636.557374 -0.651912
863.591092 -6596.831771 746.423260 4178.326437 243.230519 636.490931 -0.643936
863.924371 -6596.962262 746.699040 4178.347313 243.296116 636.425704 -0.635999
864.259896 -6597.088526 746.975968 4178.365436 243.359659 636.361089 -0.628331
34369.112318 -169265.956740 33638.960003 142007.591957 8380.264552 24875.962046 -377.442755
886.910747 -6592.192539 764.989109 4174.981289 243.383164 636.400053 -4.213116
864.472759 -6597.841485 747.230228 4178.772958 243.676164 636.212761 -0.594365
864.855870 -6597.906922 747.541753 4178.736727 243.731064 636.137385 -0.586993
865.195288 -6598.020598 747.819497 4178.747593 243.786801 636.076185 -0.580200
865.540060 -6598.128654 748.100656 4178.754350 243.839998 636.015443 -0.573670
865.884896 -6598.233652 748.381390 4178.759435 243.891548 635.955436 -0.567357
866.225099 -6598.337951 748.658335 4178.764952 243.942336 635.896341 -0.561160
866.557825 -6598.443201 748.929468 4178.772307 243.992928 635.838288 -0.554989
866.898330 -6598.541379 749.205752 4178.774348 244.040569 635.780525 -0.549194
868.958037 -6597.820209 750.719513 4178.025957 243.776058 635.657386 -0.572489
868.908867 -6598.112832 750.712573 4178.211214 243.885498 635.624552 -0.561548
868.900367 -6598.359879 750.736084 4178.354044 243.990835 635.581227 -0.550529
867.239245 -6599.386819 749.569088 4179.214102 244.393480 635.601428 -0.512163
867.628774 -6599.428938 749.880373 4179.167183 244.430204 635.535920 -0.506974
867.981776 -6599.509048 750.163535 4179.157435 244.467992 635.481456 -0.502279
868.343427 -6599.582047 750.452538 4179.142158 244.502837 635.427205 -0.497918
868.699903 -6599.654879 750.737410 4179.127714 244.537173 635.373843 -0.493644
869.057449 -6599.724253 751.022649 4179.111124 244.569894 635.321037 -0.489575
869.413047 -6599.791480 751.306069 4179.093648 244.601528 635.268894 -0.485678
871.295492 -6599.144848 752.689128 4178.418343 244.356330 635.161314 -0.506806
871.315742 -6599.373635 752.728690 4178.554358 244.441109 635.129476 -0.498673
871.369328 -6599.565719 752.793129 4178.656357 244.522206 635.089480 -0.490475
-2625.097629 -8084.638349 -2720.908312 6559.828906 -668.255789 1848.357453 100.251006
873.877390 -6600.809349 755.144146 4178.409803 245.735325 633.959571 -0.568262
867.192901 -6602.280204 749.867566 4180.896176 245.554370 635.147335 -0.378524
870.236275 -6600.947246 752.083239 4179.620463 245.096256 634.968624 -0.430956
870.578305 -6601.032656 752.352981 4179.626453 245.117229 634.931217 -0.428622
870.938908 -6601.080553 752.637293 4179.597538 245.138120 634.883686 -0.425822
871.300648 -6601.125163 752.922059 4179.566575 245.157510 634.836667 -0.423212
871.663059 -6601.166662 753.206938 4179.533734 245.175480 634.790164 -0.420791
872.022443 -6601.206813 753.489272 4179.500631 245.192720 634.744308 -0.418497
872.380288 -6601.244981 753.770146 4179.466650 245.208992 634.699030 -0.416346
872.738595 -6601.280253 754.051005 4179.430946 245.223951 634.654248 -0.414375
873.095675 -6601.313512 754.330638 4179.394308 245.237920 634.610031 -0.412547
873.456069 -6601.342413 754.612311 4179.354640 245.250083 634.566167 -0.410966
-18498.130637 -12154.347918 -18413.690759 8382.153576 -7033.145362 1016.229631 -98.603034
879.072558 -6601.106840 759.188824 4177.743230 245.861126 633.324763 -0.540109
871.256894 -6603.016387 753.094239 4180.685606 245.873134 634.572136 -0.343312
871.155940 -6603.237622 753.046292 4180.817192 245.975413 634.533431 -0.330654
871.009267 -6603.512790 752.963305 4181.000254 246.079765 634.509339 -0.318546
873.521390 -6602.477926 754.792247 4179.997507 245.698023 634.378771 -0.360387
873.810295 -6602.549888 755.019979 4180.001397 245.714772 634.347175 -0.358578
875.260783 -6602.083848 756.086423 4179.501399 245.524964 634.270421 -0.373657
874.177190 -6602.748746 755.323556 4180.064137 245.786240 634.282383 -0.351480
874.493053 -6602.773072 755.571654 4180.024903 245.800271 634.239962 -0.349283
874.801647 -6602.809575 755.813567 4179.998190 245.812735 634.202440 -0.347590
875.111674 -6602.843075 756.056221 4179.969526 245.823915 634.165290 -0.346064
875.417268 -6602.876357 756.295395 4179.941459 245.834884 634.128721 -0.344593
876.796771 -6602.434573 757.309227 4179.467091 245.652245 634.057669 -0.359060
875.815179 -6603.033503 756.618117 4179.974823 245.889435 634.067115 -0.339498
873.768887 -6604.186141 755.164726 4180.967910 246.328028 634.118100 -0.291936
873.667023 -6604.397504 755.111508 4181.101457 246.415415 634.090892 -0.281811
875.845570 -6603.526945 756.698423 4180.249370 246.084310 633.983046 -0.316594
876.097055 -6603.590063 756.896588 4180.252507 246.098291 633.955655 -0.315108
876.376877 -6603.623932 757.115684 4180.228931 246.108476 633.922436 -0.313713
877.631466 -6603.232812 758.038196 4179.803955 245.943219 633.858858 -0.326352
876.719534 -6603.783431 757.395714 4180.272188 246.162619 633.867109 -0.308595
877.963673 -6603.386680 758.310784 4179.842560 245.999095 633.801646 -0.320840
877.087926 -6603.916061 757.693931 4180.292620 246.210468 633.808993 -0.303911
877.376969 -6603.929660 757.919015 4180.253009 246.216271 633.774322 -0.302793
875.567669 -6604.940950 756.632580 4181.129050 246.601636 633.819550 -0.262669
875.480626 -6605.128483 756.587466 4181.247830 246.677724 633.795953 -0.254141
876.272982 -6604.950114 757.176704 4181.018845 246.594490 633.749656 -0.258212
877.973509 -6604.302467 758.416912 4180.375561 246.340179 633.668061 -0.284837
877.123500 -6604.814623 757.817525 4180.812625 246.543279 633.676671 -0.268734
877.376968 -6604.839851 758.016110 4180.785691 246.552318 633.645043 -0.267194
877.617506 -6604.876011 758.204734 4180.769764 246.561726 633.616809 -0.265832
877.857701 -6604.910298 758.392877 4180.752792 246.570380 633.588899 -0.264564
878.096265 -6604.943442 758.579617 4180.735423 246.578530 633.561373 -0.263366
878.338002 -6604.973166 758.768419 4180.715574 246.585320 633.534045 -0.262335
-18547.646457 -12168.684780 -18462.368870 8390.655361 -7050.353190 1014.741887 -98.670642
880.167829 -6605.810627 760.458259 4180.547582 247.392663 632.786476 -0.308067
876.356234 -6606.300490 757.384520 4181.801327 247.096960 633.543214 -0.210898
876.247180 -6606.486229 757.321113 4181.924799 247.168866 633.525197 -0.203112
878.663570 -6605.547240 759.078690 4180.996839 246.784203 633.426194 -0.236953
877.900024 -6606.005905 758.539523 4181.390510 246.964751 633.435304 -0.223203
878.087827 -6606.049509 758.688978 4181.385268 246.979202 633.409274 -0.221141
878.271780 -6606.098569 758.835158 4181.385813 246.992822 633.385641 -0.219348
878.456997 -6606.145440 758.982060 4181.384902 247.005547 633.362241 -0.217661
879.374017 -6605.886786 759.657725 4181.090207 246.887487 633.317657 -0.225503
879.398233 -6605.999009 759.687430 4181.154271 246.926078 633.301322 -0.222145
879.433482 -6606.100654 759.725238 4181.208698 246.962985 633.283067 -0.218787
878.768490 -6606.490691 759.256699 4181.542050 247.123832 633.285402 -0.206567
878.969099 -6606.520502 759.414231 4181.527146 247.131860 633.261006 -0.205172
879.856038 -6606.270861 760.067531 4181.242434 247.016670 633.218736 -0.212723
879.222081 -6606.646422 759.620622 4181.564063 247.169514 633.222240 -0.201417
878.575474 -6607.079528 759.168060 4181.916873 247.331093 633.229174 -0.182869
878.360895 -6607.287671 759.025539 4182.071486 247.412351 633.218516 -0.175248
878.969163 -6607.103816 759.474990 4181.869759 247.342344 633.179339 -0.184418
879.151402 -6607.143296 759.618236 4181.865812 247.350179 633.159133 -0.183189
879.334235 -6607.178964 759.761848 4181.858805 247.357625 633.138407 -0.181965
879.517093 -6607.213099 759.905305 4181.850907 247.364460 633.117926 -0.180812
879.699087 -6607.246056 760.047964 4181.842465 247.370843 633.097712 -0.179719
878.483727 -6607.897502 759.182415 4182.414337 247.628600 633.122534 -0.155730
879.799267 -6607.423692 760.143356 4181.929853 247.432153 633.063561 -0.172823
879.965557 -6607.465291 760.273990 4181.930807 247.439114 633.046349 -0.171850
880.136099 -6607.498343 760.407819 4181.924206 247.445554 633.027305 -0.170787
880.306193 -6607.530177 760.541166 4181.916969 247.451517 633.008499 -0.169784
880.477738 -6607.559980 760.675404 4181.908328 247.456671 632.989870 -0.168870
879.921947 -6607.928923 760.285706 4182.210855 247.594087 632.996221 -0.153880
881.020732 -6607.545101 761.088987 4181.814418 247.432245 632.947265 -0.168184
880.498860 -6607.851661 760.720794 4182.078589 247.557541 632.950080 -0.159475
881.221715 -6607.655677 761.253714 4181.849701 247.464261 632.915851 -0.164925
880.721654 -6607.948772 760.901095 4182.102023 247.585007 632.917735 -0.156588
880.893514 -6607.970331 761.035056 4182.087515 247.588144 632.899132 -0.155755
881.064079 -6607.993909 761.167781 4182.075394 247.590578 632.881794 -0.155096
880.038200 -6608.534000 760.436642 4182.552549 247.807418 632.901277 -0.135893
881.173920 -6608.137259 761.266542 4182.141906 247.637687 632.852618 -0.149911
880.164594 -6608.670203 760.546847 4182.613647 247.850115 632.873025 -0.131365
881.267379 -6608.287565 761.352825 4182.216434 247.685629 632.825928 -0.144821
881.413902 -6608.320143 761.467448 4182.214583 247.689890 632.811393 -0.144152
881.565017 -6608.345945 761.585457 4182.206730 247.693420 632.795573 -0.143433
881.711645 -6608.372278 761.700086 4182.199868 247.697279 632.780035 -0.142717
880.765672 -6608.864146 761.025539 4182.636229 247.896526 632.797326 -0.125552
880.717541 -6608.970801 760.999857 4182.705360 247.936316 632.785958 -0.121670
881.731589 -6608.628387 761.741086 4182.346815 247.785093 632.744379 -0.133833
881.859184 -6608.662778 761.841436 4182.348741 247.790589 632.731091 -0.133087
881.989845 -6608.691612 761.944050 4182.345826 247.795582 632.716746 -0.132291
882.120534 -6608.719310 762.046562 4182.342255 247.800143 632.702578 -0.131545
882.248984 -6608.746801 762.147335 4182.338925 247.804680 632.688643 -0.130819
882.378904 -6608.772597 762.249052 4182.334377 247.808545 632.674829 -0.130158
882.948723 -6608.627842 762.669230 4182.160173 247.734733 632.649525 -0.134166
881.566130 -6609.268116 761.676761 4182.753739 248.005729 632.679396 -0.113954
882.494533 -6608.954670 762.355729 4182.423851 247.867755 632.640567 -0.124537
882.615872 -6608.983536 762.450755 4182.423329 247.871513 632.628444 -0.123988
881.791272 -6609.403955 761.862250 4182.799207 248.044195 632.642834 -0.109865
882.680859 -6609.108070 762.512870 4182.486323 247.912008 632.606447 -0.119933
882.793691 -6609.137914 762.601499 4182.487639 247.916390 632.594881 -0.119346
882.908659 -6609.163440 762.691694 4182.485247 247.920381 632.582526 -0.118724
704.371322 -10553.358405 617.877832 7415.786003 228.712965 1128.016205 -0.118147
882.585124 -6610.060388 762.509014 4183.339499 248.149141 632.739061 -0.105149
882.199166 -6609.670877 762.199986 4182.894543 248.119655 632.574899 -0.102157
882.146109 -6609.765110 762.168707 4182.958530 248.153498 632.567209 -0.099197
882.947300 -6609.507251 762.754930 4182.682488 248.035017 632.535472 -0.107985
883.036874 -6609.541485 762.826246 4182.689824 248.041753 632.525152 -0.107232
882.288050 -6609.916749 762.291426 4183.027562 248.197711 632.537755 -0.095018
883.056595 -6609.669664 762.854004 4182.762146 248.084659 632.506662 -0.103205
882.681905 -6609.903781 762.590012 4182.958240 248.174366 632.510301 -0.094828
882.538584 -6610.025905 762.492825 4183.052617 248.222237 632.505350 -0.091134
882.839132 -6609.956127 762.716013 4182.966211 248.190014 632.487592 -0.094762
882.911485 -6609.993519 762.774649 4182.977558 248.198920 632.477719 -0.093761
881.705568 -6576.739018 762.086594 4170.077813 248.207615 632.467740 -0.092766
883.046434 -6609.351255 762.925517 4182.660106 248.156608 632.449136 -0.094942
883.396146 -6609.999434 763.143965 4182.906230 248.176939 632.441738 -0.093410
883.398625 -6610.057987 763.151582 4182.940848 248.196705 632.433942 -0.091874
883.403637 -6610.115164 763.160985 4182.974259 248.215851 632.426156 -0.090382
883.085552 -6610.291149 762.936096 4183.129012 248.291109 632.426717 -0.086008
883.166309 -6610.319719 763.000461 4183.133269 248.297186 632.416697 -0.085167
883.245221 -6610.349277 763.063353 4183.138749 248.303160 632.407205 -0.084384
883.324014 -6610.378113 763.126080 4183.143811 248.308876 632.397819 -0.083625
882.942289 -6610.592122 762.855631 4183.329552 248.396071 632.401121 -0.076864
882.961955 -6610.642841 762.875606 4183.356384 248.412361 632.392886 -0.075380
882.986475 -6610.692163 762.898989 4183.381978 248.427454 632.384965 -0.074015
883.016428 -6610.738806 762.926237 4183.405133 248.441364 632.376982 -0.072733
883.051963 -6610.782762 762.957472 4183.425848 248.454095 632.368946 -0.071534
883.093028 -6610.823986 762.992646 4183.444086 248.465626 632.360853 -0.070419
883.139682 -6610.862453 763.031803 4183.459827 248.475948 632.352705 -0.069389
883.191962 -6610.898136 763.074968 4183.473051 248.485051 632.344503 -0.068445
883.249903 -6610.931007 763.122165 4183.483734 248.492924 632.336248 -0.067588
883.313540 -6610.961036 763.173419 4183.491854 248.499556 632.327942 -0.066819
883.382909 -6610.988195 763.228754 4183.497389 248.504936 632.319585 -0.066138
883.458045 -6611.012456 763.288194 4183.500317 248.509053 632.311178 -0.065547
883.538985 -6611.033791 763.351765 4183.500616 248.511896 632.302723 -0.065046
883.625762 -6611.052170 763.419489 4183.498262 248.513455 632.294221 -0.064636
883.718413 -6611.067567 763.491392 4183.493235 248.513719 632.285672 -0.064318
883.816973 -6611.079952 763.567497 4183.485512 248.512676 632.277079 -0.064093
883.921477 -6611.089297 763.647830 4183.475070 248.510316 632.268441 -0.063962
884.031961 -6611.095574 763.732414 4183.461888 248.506628 632.259760 -0.063925
884.148460 -6611.098755 763.821274 4183.445943 248.501602 632.251038 -0.063984
884.271010 -6611.098812 763.914434 4183.427214 248.495225 632.242274 -0.064139
884.399645 -6611.095715 764.011919 4183.405678 248.487488 632.233471 -0.064392
884.534402 -6611.089438 764.113752 4183.381313 248.478380 632.224630 -0.064742
884.675314 -6611.079951 764.219958 4183.354097 248.467889 632.215751 -0.065192
884.822419 -6611.067228 764.330561 4183.324008 248.456005 632.206836 -0.065741
884.975750 -6611.051239 764.445585 4183.291025 248.442717 632.197886 -0.066391
896.015578 -6607.087634 772.453302 4179.206079 246.530224 631.924323 -0.167642
