-2549.091155 -219.014861 -2560.349917 460.546818 -1642.599562 146.943758 -56.563265
-2747.802318 -242.685602 -2760.028717 414.344458 -1752.737373 101.217080 -50.568300
-2912.316148 -252.010285 -2925.085732 369.609242 -1848.084059 60.568079 -45.067412
-3076.602001 -264.137158 -3090.075139 327.185843 -1941.980956 20.744478 -40.068279
-3251.750411 -279.952927 -3266.336258 286.508046 -2036.990544 -18.497940 -35.445813
-3437.907900 -299.021557 -3454.036281 247.262171 -2133.242623 -57.152756 -31.203127
-3632.306849 -320.704599 -3650.362112 209.311743 -2230.202752 -95.149856 -27.367491
-3835.315624 -344.920204 -3855.705333 172.566960 -2327.987238 -132.480597 -23.966500
-4047.405144 -371.664352 -4070.564054 136.974809 -2426.714010 -169.135370 -21.025677
-4269.139284 -400.994245 -4295.533151 102.511105 -2526.505165 -205.103128 -18.569189
-4501.162150 -433.015125 -4531.291328 69.173720 -2627.488207 -240.371284 -16.620735
-4744.181724 -467.868392 -4778.584508 36.975743 -2729.796398 -274.926027 -15.204240
-4998.952955 -505.720751 -5038.208636 5.938532 -2833.568785 -308.752983 -14.344369
-5225.517580 -551.389972 -5269.105327 -11.660186 -2925.815397 -339.322189 -13.641430
-5405.759889 -613.366161 -5452.499530 -4.992309 -2999.947484 -365.389180 -13.508287
-5609.802994 -689.713897 -5660.388469 9.629198 -3077.960033 -391.216720 -15.425180
-5772.202394 -769.049750 -5825.791524 33.460545 -3142.394572 -414.318587 -18.371183
-5987.653568 -863.002781 -6045.688349 62.777467 -3218.392275 -437.304213 -21.895427
-6207.304001 -963.624011 -6270.116179 98.067641 -3292.903394 -458.677005 -25.896949
-6425.224123 -1069.927007 -6493.010602 139.311323 -3364.350080 -478.261004 -30.385829
-6647.040312 -1182.193088 -6720.144637 186.123939 -3434.219634 -496.103518 -35.126924
-6866.650701 -1299.228241 -6945.276849 238.265844 -3500.909902 -512.074863 -40.158768
-7081.964827 -1420.294298 -7166.266249 295.398725 -3563.925793 -526.129410 -45.420720
-68284.970796 -31091.307784 -68563.498278 4211.433717 -25962.404472 -11916.144486 -1319.390237
-5816.396762 -2080.087874 -5877.509081 -222.211568 -2855.878588 -1335.319132 -136.410102
-7715.804924 -1791.451121 -7818.223546 457.987212 -3754.363951 -571.518059 -63.021636
-7818.096959 -1903.820950 -7924.399817 541.868271 -3767.194212 -566.716187 -67.419794
-7904.893093 -2018.237523 -8014.856095 629.962670 -3772.523479 -559.784677 -71.681439
-7993.265316 -2129.539884 -8107.019496 714.269228 -3779.481676 -552.961233 -75.159686
-7950.487074 -2227.552201 -8064.314664 816.350889 -3739.493491 -536.089389 -73.223781
-7968.886531 -2331.895975 -8084.351146 906.032756 -3725.322899 -526.589226 -74.305519
-7908.396594 -2415.013103 -8023.270800 990.615419 -3688.657930 -514.588055 -73.006433
-7857.622127 -2486.630053 -7972.063788 1061.120432 -3661.356584 -505.766876 -70.805602
-7739.348562 -2532.528185 -7851.397851 1119.424510 -3617.388133 -496.430581 -66.757193
-7615.554307 -2560.082945 -7724.915876 1161.506531 -3578.192109 -489.453381 -60.920139
-7451.054205 -2564.199960 -7556.475729 1188.606330 -3531.271771 -483.477601 -53.677432
-7271.635671 -2550.298080 -7372.566034 1201.442280 -3484.402502 -479.204440 -45.176883
-7052.867189 -2518.647909 -7148.065561 1204.869252 -3426.940562 -474.800327 -35.706641
-6849.090849 -2482.320130 -6938.843398 1199.799370 -3376.861935 -472.945546 -26.506492
-6649.982044 -2443.697541 -6734.333177 1191.066773 -3328.104176 -471.910099 -17.561233
-6489.049469 -2412.205601 -6569.048313 1181.138083 -3291.045461 -472.621706 -9.341103
-6356.610186 -2390.566345 -6433.096576 1173.836968 -3260.493270 -474.154191 -2.308104
-6251.593027 -2380.355788 -6325.415470 1171.231571 -3235.588057 -475.902036 3.474931
-6157.385324 -2427.104575 -6230.402362 1246.704968 -3166.488691 -445.432011 1.393761
-6192.465054 -2444.560338 -6266.048473 1217.881044 -3207.173247 -472.791862 8.202419
-6149.878717 -2466.200967 -6222.793946 1230.178853 -3193.266160 -474.670258 10.369155
-6166.677939 -2520.343256 -6240.913945 1260.593179 -3191.300671 -475.529618 10.883025
-6179.052975 -2585.378679 -6254.559863 1301.526210 -3182.319312 -474.028515 10.771875
-6203.952423 -2663.602515 -6281.135614 1351.670020 -3173.937521 -471.492208 9.954534
-6266.068377 -2756.250873 -6346.100021 1407.340989 -3177.390028 -469.873590 8.327251
-6326.813232 -2856.410973 -6409.723949 1469.425907 -3177.561500 -467.104219 6.191604
-6388.953505 -2963.193299 -6474.815341 1536.813291 -3176.472487 -463.517239 3.778727
-6470.720141 -3076.920192 -6560.154947 1606.919132 -3182.454236 -460.202519 1.449039
-6554.138796 -3192.977219 -6647.242248 1678.697765 -3188.923327 -456.568767 -0.783929
-6637.483892 -3309.572337 -6734.285965 1750.778229 -3195.833184 -452.847473 -2.780835
-6716.569751 -3423.616066 -6816.958084 1821.403956 -3202.477193 -449.080752 -4.377891
-6790.646919 -3533.431336 -6894.474236 1889.068901 -3209.084370 -445.578158 -5.473151
-6855.926196 -3635.668411 -6962.912177 1951.759572 -3215.076288 -442.427085 -5.927464
-6842.802330 -3727.165435 -6950.412191 2020.608106 -3186.930769 -433.088210 -4.736820
-6865.734870 -3820.957303 -6975.284027 2078.650414 -3171.566242 -428.976808 -4.256292
-6887.085582 -3905.729893 -6998.464337 2129.191406 -3159.583419 -426.076467 -3.204275
-6897.020478 -3979.053851 -7009.840742 2172.120383 -3146.398297 -423.581552 -1.449621
-6881.704343 -4039.842150 -6995.131587 2208.870495 -3125.662828 -420.615792 0.767227
-6844.998151 -4090.568159 -6958.272298 2240.598626 -3098.488367 -417.391626 3.321258
-6824.869504 -4136.850272 -6938.454373 2266.748760 -3081.048153 -415.257238 6.369871
-6802.057503 -4175.787435 -6915.851714 2287.256367 -3064.625169 -413.635177 9.581468
-6778.809907 -4209.350134 -6892.795316 2303.546588 -3049.562837 -412.369947 12.760710
-6758.612393 -4240.229797 -6872.888569 2317.168682 -3036.601666 -411.480191 15.750687
-6742.886067 -4270.221743 -6857.600771 2329.549188 -3025.887200 -410.799357 18.451299
-6733.849961 -4301.784191 -6849.225900 2342.379333 -3017.746768 -410.209933 20.794568
-6732.763107 -4336.770933 -6849.062005 2356.918308 -3012.356379 -409.631237 22.763231
-6740.820614 -4377.430309 -6858.346422 2374.831287 -3009.774244 -408.857146 24.323567
-6758.596551 -4425.454943 -6877.670148 2397.424072 -3009.856109 -407.713168 25.466783
-6786.127448 -4482.034612 -6907.066915 2425.680990 -3012.301501 -406.047582 26.197686
-6823.296435 -4548.173716 -6946.413181 2460.446921 -3016.842757 -403.717660 26.522031
-6868.926287 -4623.870856 -6994.485300 2501.936195 -3023.052789 -400.618273 26.475413
-6922.151768 -4709.356196 -7050.387882 2550.503333 -3030.524660 -396.619761 26.082309
-6980.273365 -4802.743814 -7111.316020 2604.973430 -3038.656179 -391.807247 25.436289
-7041.708618 -4903.338547 -7175.635064 2665.044180 -3046.913150 -386.123264 24.576877
-7103.596982 -5009.003011 -7240.378745 2729.391063 -3054.616758 -379.652303 23.583526
-7164.208388 -5118.410465 -7303.756649 2797.082755 -3061.307094 -372.498637 22.508383
-7221.989950 -5230.480482 -7364.160925 2867.393333 -3066.543637 -364.732131 21.389682
-7273.023009 -5342.575700 -7417.528519 2939.078857 -3069.315588 -356.252446 20.290545
-7319.729742 -5456.877979 -7466.365415 3013.248048 -3070.082629 -347.075325 19.199267
-7360.672701 -5572.718270 -7509.174771 3089.667022 -3068.424231 -337.125286 18.141022
-7395.979657 -5690.884385 -7546.077392 3169.089829 -3064.286013 -326.203626 17.127890
-7426.223774 -5812.509822 -7577.653924 3252.438374 -3057.738437 -314.116475 16.170446
-7451.840286 -5938.704328 -7604.344094 3340.696790 -3048.809766 -300.621251 15.277292
-7473.444955 -6070.496018 -7626.773286 3434.593964 -3037.616983 -285.588360 14.459718
-7490.918413 -6208.523203 -7644.814110 3534.896194 -3024.059251 -268.743569 13.720278
-7504.285984 -6353.075225 -7658.486199 3641.769371 -3008.140834 -250.039040 13.067850
-7512.752857 -6503.620602 -7666.969530 3754.936780 -2989.660014 -229.423758 12.505849
-7515.438023 -6659.525992 -7669.359881 3874.162043 -2968.396901 -206.790633 12.034340
-7511.794100 -6819.551283 -7665.092823 3998.044613 -2944.282008 -182.498310 11.660247
-7499.498930 -6981.301308 -7651.788567 4125.285654 -2916.772447 -156.509576 11.392171
-7477.836802 -7143.383932 -7628.718142 4254.716989 -2885.752761 -129.010798 11.243214
-7445.298206 -7303.182057 -7594.340529 4384.246383 -2850.941908 -100.348293 11.231106
-7400.075433 -7457.593919 -7546.810428 4511.477291 -2811.994164 -70.904088 11.376961
-7341.022391 -7603.841203 -7484.968766 4634.107928 -2768.752769 -41.115774 11.695805
-7265.897238 -7737.869855 -7406.528797 4749.078875 -2720.803891 -11.484003 12.208195
-7174.903201 -7857.554240 -7311.729069 4854.253860 -2668.386288 17.419356 12.909138
-7065.646681 -7957.986983 -7198.133935 4945.827687 -2611.092678 44.885839 13.805113
-6938.163077 -8036.340969 -7065.813360 5021.195888 -2549.194914 70.241101 14.878943
-6791.855308 -8088.836555 -6914.187506 5077.065565 -2482.823421 92.678772 16.105975
-6627.926198 -8113.427787 -6744.531047 5111.253518 -2412.609410 111.478974 17.442500
-6448.858418 -8109.819122 -6559.428635 5123.025122 -2339.557654 126.192147 18.838925
-6251.831519 -8070.831144 -6356.013856 5106.593082 -2263.292594 135.533622 20.249042
-6044.690854 -8002.824189 -6142.375324 5066.055970 -2186.257677 139.786680 21.594182
-5829.898186 -7905.962493 -5921.064788 5000.979098 -2109.332028 138.507466 22.801723
-5611.064616 -7782.417738 -5695.802038 4912.725270 -2033.748261 131.676694 23.807239
-5393.458855 -7637.513174 -5471.998503 4805.074235 -1961.032396 119.742569 24.549130
-5181.673004 -7476.652681 -5254.360673 4682.035675 -1892.426675 103.289226 24.978453
-4980.414926 -7306.731731 -5047.697295 4549.042783 -1829.111883 83.309989 25.065527
-4794.378402 -7135.455486 -4856.803888 4411.950361 -1772.041606 60.862680 24.789251
-4627.016949 -6970.784661 -4685.170923 4277.624385 -1721.890706 37.534573 24.168939
-4480.436237 -6818.560284 -4534.925475 4150.767922 -1678.782398 14.358145 23.217844
-4355.622108 -6683.911469 -4407.033395 4035.896177 -1642.579935 -7.507406 21.973324
-7007.634369 -13922.541695 -7043.519037 9069.091404 -2551.473278 -128.126773 -123.830855
-3488.081236 -5698.512272 -3515.660036 3160.170645 -1417.387392 -254.792788 11.015850
-4111.083641 -6425.852623 -4156.338223 3799.683526 -1570.797905 -55.000412 16.969564
-4068.633870 -6396.149089 -4112.624611 3764.878587 -1556.725910 -62.117339 15.059056
-4041.900388 -6395.106639 -4084.875757 3753.265350 -1546.068420 -64.086667 13.109790
-4028.403839 -6422.202499 -4070.530106 3764.850714 -1537.948399 -60.608316 11.164371
-4025.025819 -6475.089006 -4066.382392 3798.139761 -1531.411359 -51.739092 9.254629
-4029.032449 -6551.427970 -4069.631249 3851.502909 -1525.640515 -37.621173 7.406662
-4037.716386 -6648.512698 -4077.507000 3923.036309 -1519.893159 -18.468827 5.643048
-4047.796742 -6761.436364 -4086.665868 4008.976672 -1513.368635 5.017911 3.973546
-4057.058927 -6887.180768 -4094.853737 4107.064925 -1505.563399 32.452066 2.409210
-4063.834208 -7022.396185 -4100.395467 4214.345884 -1496.072471 63.118109 0.946826
-4065.476087 -7161.897783 -4100.603727 4326.830571 -1484.399002 96.153416 -0.411672
-65209.266282 -23179.281952 -65304.426840 13937.467881 -25134.400376 -908.057230 -487.427810
5453.512333 -4904.925075 5666.561765 1432.733936 1417.174609 -1737.071580 -141.216993
-4033.129788 -7585.971069 -4062.881331 4676.628795 -1435.490688 203.820651 -3.983417
-4007.321615 -7718.372878 -4034.970210 4787.479223 -1414.230461 239.580262 -5.042996
-3973.815803 -7843.689150 -3999.232885 4893.017292 -1390.694378 274.372646 -6.041914
-3932.287149 -7958.346018 -3955.372452 4989.818625 -1364.848113 307.055863 -6.964005
-3882.727305 -8058.987562 -3903.411651 5074.565976 -1336.764770 336.455270 -7.784801
-3825.317738 -8142.541858 -3843.560765 5144.191605 -1306.563771 361.440194 -8.462582
-3760.540229 -8206.212869 -3776.331683 5195.780152 -1274.423157 380.876080 -8.942152
-3689.082039 -8247.794046 -3702.433512 5227.009339 -1240.601235 393.802364 -9.159657
-3612.503053 -8267.085127 -3623.455317 5237.127101 -1205.551386 399.653485 -9.061876
-3691.005611 -8808.468104 -3698.393367 5674.471857 -1209.604176 472.163971 -9.588080
-3311.526436 -7832.586715 -3316.858264 4840.333589 -1111.301108 296.323754 -6.926319
-3367.433507 -8194.294284 -3371.513579 5140.602894 -1098.142640 372.416509 -6.475748
-3287.719492 -8137.171583 -3289.616645 5075.072600 -1063.876770 350.631690 -4.879630
-3213.052744 -8073.807887 -3212.810551 5001.878432 -1031.644501 325.192019 -3.035281
-3144.222539 -8006.746181 -3141.854297 4923.815539 -1001.802292 297.196101 -1.004138
-3082.845407 -7943.857798 -3078.348405 4848.236226 -974.866149 269.082913 1.073648
-3029.576490 -7890.051474 -3022.931998 4779.961406 -951.035454 242.611030 3.086242
-2984.150643 -7848.671756 -2975.319211 4722.636251 -930.291267 219.245971 4.933627
-2946.600420 -7823.256630 -2935.542828 4679.597381 -912.523199 200.201035 6.531546
-2915.742311 -7815.226829 -2902.407021 4652.824974 -897.443440 186.434845 7.810211
-2890.649347 -7824.224921 -2874.988927 4642.164390 -884.665478 178.036981 8.750713
-2870.304018 -7850.638472 -2852.278638 4648.200703 -873.826396 175.331588 9.325754
-2853.684166 -7892.881164 -2833.264898 4669.565461 -864.509383 177.959300 9.551559
-2839.547870 -7949.783255 -2816.716510 4705.429709 -856.325829 185.753061 9.434169
-2826.392813 -8020.008076 -2801.145051 4754.951100 -848.885531 198.571898 8.979355
-2814.689705 -8099.559782 -2787.040690 4813.538649 -841.900233 214.646699 8.302649
-2802.691306 -8187.043753 -2772.663921 4880.625675 -835.094558 234.003906 7.388016
-2789.855681 -8280.384041 -2757.489760 4954.145476 -828.207441 255.899958 6.291280
-2775.963286 -8377.265909 -2741.310524 5031.738751 -821.075452 279.470355 5.068862
-2760.549747 -8475.229709 -2723.670282 5111.138809 -813.558820 303.951839 3.765758
-2743.503349 -8572.601356 -2704.465300 5190.620943 -805.570775 328.692004 2.427173
-2724.843916 -8667.381404 -2683.716930 5268.172970 -797.067688 352.956962 1.101087
-2704.252456 -8758.533678 -2661.113534 5342.880170 -788.008553 376.435959 -0.194187
-2681.870319 -8844.324174 -2636.793418 5413.008268 -778.400347 398.508371 -1.417665
-2657.697743 -8924.325250 -2610.759679 5478.122313 -768.273735 418.998087 -2.559121
-2631.926614 -8998.103138 -2583.202480 5537.729253 -757.677895 437.712511 -3.603386
-2604.674034 -9065.704873 -2554.239410 5591.843180 -746.670820 454.649619 -4.549609
-2575.604668 -9127.385917 -2523.546827 5640.916181 -735.272046 470.033953 -5.418146
-2545.321042 -9183.828468 -2491.720894 5685.310506 -723.569866 483.915669 -6.198118
-2513.422632 -9234.907221 -2458.372012 5725.231560 -711.590404 496.482039 -6.914977
-2480.234925 -9281.756783 -2423.829038 5761.563089 -699.383569 507.981267 -7.570926
-2445.669002 -9324.217048 -2388.007959 5794.312378 -686.984180 518.482580 -8.174928
-2410.003504 -9362.752025 -2351.186033 5823.821283 -674.441409 528.080810 -8.724022
-2373.262239 -9397.849692 -2313.393600 5850.547246 -661.775065 536.933165 -9.223411
-2335.284337 -9429.114035 -2274.476245 5874.281603 -648.986987 545.027487 -9.673899
-2296.700832 -9457.124388 -2235.049348 5895.292723 -636.144734 552.371357 -10.058331
-53384.538379 -23076.665076 -53197.311421 14681.063743 -20097.837877 229.278660 -371.505981
3767.603222 -6467.314975 3576.766282 2213.791870 794.164288 -1376.416037 -161.409012
-2177.833394 -9520.226737 -2114.208957 5941.069954 -597.496688 569.712147 -10.793499
-2137.133032 -9534.651314 -2073.046420 5950.998492 -584.584835 574.079903 -10.900576
-2096.527073 -9546.374346 -2032.051824 5958.612226 -571.717788 577.799657 -10.922489
-2055.973877 -9555.403536 -1991.184514 5963.959310 -558.914061 580.890961 -10.867511
-2015.295932 -9561.394351 -1950.271923 5966.863186 -546.160787 583.339461 -10.738574
-1974.661354 -9565.413459 -1909.482459 5968.168391 -533.466972 585.373002 -10.541814
-1934.180301 -9567.114409 -1868.915365 5967.602735 -520.855619 586.922431 -10.275216
-1893.880129 -9566.741359 -1828.597669 5965.390198 -508.338141 588.055112 -9.944826
-1853.904847 -9564.877874 -1788.668295 5961.981158 -495.926147 588.889346 -9.555430
-1814.176930 -9561.276309 -1749.049882 5957.233307 -483.621736 589.403989 -9.112429
-1774.888998 -9556.532521 -1709.926947 5951.605388 -471.448012 589.718530 -8.621006
-1735.635674 -9550.134427 -1670.913680 5944.800663 -459.374367 589.781425 -8.092325
-1696.830394 -9543.026028 -1632.404325 5937.514808 -447.440586 589.769495 -7.528279
-1658.559142 -9535.177297 -1594.476900 5929.707748 -435.667992 589.662211 -6.933542
-1620.403165 -9526.186671 -1556.736371 5921.167990 -424.020934 589.429783 -6.320212
-1582.966928 -9517.278994 -1519.754324 5912.765489 -412.550788 589.284720 -5.686805
-1545.399722 -9506.923644 -1482.725970 5903.434795 -401.187971 588.967977 -5.046023
-1508.457869 -9496.633986 -1446.365529 5894.301518 -390.006838 588.776392 -4.400428
-1471.943045 -9486.187090 -1410.485946 5885.186175 -378.998360 588.648465 -3.760645
-1435.618732 -9475.162043 -1374.863035 5875.819530 -368.138418 588.530663 -3.129996
-1399.872062 -9464.289526 -1339.859075 5866.726394 -357.462950 588.552536 -2.508386
-1364.213312 -9453.014796 -1305.017271 5857.526982 -346.929729 588.618761 -1.908477
-1328.822861 -9441.422647 -1270.502735 5848.289425 -336.551891 588.754095 -1.325234
-1293.963559 -9430.208291 -1236.562098 5839.503883 -326.354594 589.072244 -0.762929
-1259.432536 -9418.742118 -1203.001611 5830.682659 -316.320502 589.436965 -0.221953
-1225.151437 -9407.095466 -1169.749116 5821.909066 -306.440000 589.879562 0.293869
-1191.161554 -9395.259826 -1136.840937 5813.167254 -296.715116 590.392346 0.785600
-1157.744726 -9383.582319 -1104.535213 5804.680445 -287.168764 591.020892 1.258161
-1124.389075 -9371.923799 -1072.364387 5796.380167 -277.753256 591.753865 1.691829
-1091.364280 -9359.723100 -1040.565411 5787.812374 -268.487366 592.468703 2.109425
-1058.785392 -9347.803755 -1009.250235 5779.591428 -259.384706 593.318197 2.500433
-1026.454246 -9335.477469 -978.230906 5771.174433 -250.424729 594.149329 2.867634
-994.545365 -9323.113109 -947.666693 5762.847133 -241.618688 595.042395 3.214187
-962.948216 -9310.464931 -917.454078 5754.400841 -232.954731 595.930996 3.539111
-931.652961 -9297.580193 -887.583224 5745.877272 -224.428940 596.829310 3.842318
-900.655849 -9284.680695 -858.051690 5737.443739 -216.038325 597.782477 4.119875
-869.978990 -9271.260038 -828.872645 5728.687487 -207.781725 598.669259 4.382702
-839.681818 -9257.747228 -800.102379 5719.940539 -199.663699 599.579447 4.626459
-809.754074 -9244.112904 -771.729736 5711.160597 -191.680035 600.495022 4.851106
-780.067854 -9229.907205 -743.634761 5702.001899 -183.819432 601.320103 5.059093
-750.861003 -9215.751597 -716.033876 5692.939746 -176.098460 602.185191 5.252236
-721.757246 -9200.993784 -688.585156 5683.465438 -168.489043 602.945495 5.421354
-693.173993 -9186.173450 -661.662741 5673.989436 -161.020034 603.715156 5.580908
-664.748815 -9170.780786 -634.939730 5664.104242 -153.666948 604.371214 5.718501
-636.786893 -9155.362465 -608.689494 5654.240225 -146.448084 605.039452 5.842224
-609.219597 -9139.816816 -582.848877 5644.288265 -139.356588 605.676000 5.948752
-581.746746 -9123.359266 -557.144144 5633.662098 -132.370256 606.124653 6.036633
-554.830208 -9107.381184 -531.993976 5623.453301 -125.521392 606.696158 6.106386
-528.038638 -9090.682706 -507.006574 5612.688890 -118.777526 607.101701 6.154160
-501.646624 -9073.785977 -482.426217 5601.806726 -112.155977 607.475247 6.188408
-475.559984 -9056.745172 -458.169815 5590.828936 -105.650233 607.813943 6.201024
-449.735017 -9039.388017 -434.195896 5579.624859 -99.254996 608.083585 6.192784
-424.269602 -9021.848958 -410.589739 5568.305952 -92.974957 608.317143 6.166421
-399.074923 -9004.127970 -387.272547 5556.881167 -86.803876 608.520540 6.115076
-374.045088 -8986.027282 -364.148924 5545.217437 -80.733699 608.666262 6.035539
-349.569921 -8968.194996 -341.561737 5533.807594 -74.782188 608.886139 5.941048
-325.138338 -8949.676848 -319.057853 5521.899493 -68.920200 608.967043 5.816751
-301.109575 -8931.254286 -296.953792 5510.130567 -63.165465 609.096473 5.673967
-277.470461 -8912.729783 -275.235150 5498.296043 -57.513517 609.195023 5.516990
-253.977396 -8893.792586 -253.688086 5486.167883 -51.954777 609.204826 5.337426
-230.905472 -8874.910664 -232.552876 5474.102168 -46.502663 609.219084 5.147437
-208.079094 -8855.705995 -211.674377 5461.774260 -41.148479 609.133923 4.944070
-185.692220 -8836.489799 -191.220517 5449.418979 -35.899548 609.007933 4.737523
-163.589880 -8817.085050 -171.055779 5436.878119 -30.748998 608.788957 4.522144
-141.828215 -8797.646554 -151.228216 5424.269745 -25.698666 608.507941 4.300988
-120.493759 -8778.203570 -131.810753 5411.593326 -20.749819 608.151970 4.082019
-99.262315 -8758.233198 -112.521135 5398.448239 -15.891045 607.613969 3.853854
-78.530575 -8738.613279 -93.703241 5385.514458 -11.135500 607.077155 3.630668
-58.158706 -8718.911925 -75.233603 5372.412597 -6.475537 606.418891 3.412307
-38.010483 -8699.109794 -56.994709 5359.141593 -1.906932 605.646628 3.191263
-18.270693 -8679.381548 -39.143329 5345.830413 2.567294 604.789344 2.979962
1.141232 -8659.656267 -21.609409 5332.407302 6.951156 603.820815 2.775860
-237.037689 -8873.592755 -247.770860 5547.559624 9.135151 664.957728 2.576369
249.116982 -8497.024836 185.778927 5202.110612 12.619469 582.758627 2.391482
57.493104 -8600.833078 29.169127 5291.702899 19.579164 600.309948 2.211285
75.655074 -8581.247398 45.497570 5277.905553 23.620537 598.909730 2.045278
93.308766 -8560.456221 61.372317 5266.036287 27.687323 599.464870 1.725556
110.454836 -8539.041427 76.793261 5255.505343 31.741394 601.279170 1.313942
127.194334 -8517.920824 91.840442 5244.990125 35.712219 602.959909 0.925511
144.071814 -8495.880305 106.978744 5233.607672 39.604732 604.297463 0.539704
160.198972 -8475.292212 121.452343 5223.156057 43.416612 605.754434 0.185757
176.278196 -8454.057781 135.859265 5212.003099 47.151028 606.896723 -0.156532
191.968670 -8433.321484 149.911630 5201.060249 50.811264 607.975995 -0.478293
207.336025 -8412.830846 163.665482 5190.114433 54.398835 608.931692 -0.780976
222.410355 -8391.601616 177.152060 5178.623268 57.926131 609.683853 -1.064446
237.121171 -8373.731265 190.293046 5168.911028 61.356666 610.652278 -1.330040
251.766554 -8352.305745 203.372758 5156.952572 64.748769 611.028890 -1.586435
265.948902 -8332.720611 216.034766 5146.030597 68.070491 611.550681 -1.819885
279.869470 -8313.406901 228.453794 5135.148382 71.331314 611.980363 -2.039376
293.628027 -8293.938373 240.715464 5124.019752 74.530203 612.258530 -2.247595
307.032016 -8274.860326 252.660175 5113.060504 77.674385 612.490422 -2.437744
320.149832 -8256.327351 264.343769 5102.374628 80.766566 612.708505 -2.616061
333.104825 -8237.594897 275.871025 5091.439183 83.801015 612.792396 -2.784466
345.734883 -8219.374481 287.108270 5080.791846 86.788707 612.879569 -2.939168
358.134695 -8201.335278 298.134028 5070.193662 89.726650 612.918153 -3.084003
370.313326 -8183.488657 308.956904 5059.673486 92.617197 612.925228 -3.220244
382.339953 -8165.628879 319.634837 5049.102687 95.459096 612.881142 -3.351284
393.965509 -8148.515441 329.963235 5039.037685 98.266080 612.918575 -3.468294
405.566066 -8131.076889 340.250995 5028.719548 101.021069 612.876135 -3.586867
416.919211 -8113.930248 350.317879 5018.628605 103.737930 612.875108 -3.699167
427.976298 -8097.301277 360.123399 5008.925858 106.421279 612.956945 -3.804288
438.906611 -8080.616397 369.806134 4999.222682 109.061297 613.046256 -3.909643
449.642560 -8064.173824 379.312320 4989.756582 111.665962 613.208020 -4.013875
460.150886 -8048.036917 388.614873 4980.567909 114.237840 613.450470 -4.114389
470.518527 -8031.801674 397.784586 4971.366799 116.768924 613.706320 -4.212752
480.660449 -8015.943122 406.753171 4962.475841 119.269371 614.043676 -4.304609
490.617461 -8000.026889 415.552683 4953.574019 121.728445 614.381299 -4.389388
500.340213 -7984.305982 424.144069 4944.823990 124.151770 614.746938 -4.464398
509.874945 -7968.601083 432.564141 4936.092235 126.532901 615.108141 -4.531403
519.159587 -7953.191230 440.763599 4927.563132 128.878277 615.499373 -4.588221
528.279860 -7937.652759 448.810919 4918.938499 131.176249 615.853325 -4.638643
537.208915 -7922.288551 456.686373 4910.425993 133.435305 616.214405 -4.682499
545.965599 -7906.916692 464.404667 4901.899095 135.649943 616.553366 -4.721270
554.500641 -7891.842435 471.927572 4893.563336 137.828810 616.911409 -4.753623
562.891846 -7876.709032 479.316674 4885.174711 139.961589 617.238298 -4.783120
571.129389 -7861.810310 486.566156 4876.933678 142.057590 617.578742 -4.809535
579.198140 -7846.906740 493.663240 4868.679709 144.111105 617.895035 -4.832627
587.078964 -7832.357433 500.594629 4860.650129 146.133738 618.236841 -4.851161
594.844084 -7817.717986 507.416517 4852.547278 148.112391 618.544970 -4.868101
602.419247 -7803.365672 514.072553 4844.624476 150.061413 618.867354 -4.880302
609.907576 -7788.874921 520.643160 4836.596265 151.966908 619.150652 -4.891737
617.178612 -7775.014629 527.028767 4828.972149 153.855778 619.493961 -4.896392
624.369614 -7760.479979 533.331933 4820.890991 155.685355 619.722501 -4.901842
631.297371 -7747.115329 539.418596 4813.563665 157.519761 620.076694 -4.897712
638.203959 -7733.228416 545.469152 4805.875236 159.297467 620.347029 -4.895135
644.970030 -7719.448944 551.396489 4798.248931 161.046075 620.607163 -4.890119
651.542598 -7706.105481 557.159344 4790.891925 162.776294 620.895142 -4.879725
658.010607 -7692.674121 562.824549 4783.461702 164.468342 621.148874 -4.868077
664.352718 -7679.456809 568.378334 4776.155673 166.133818 621.405623 -4.853982
670.560766 -7666.319713 573.813163 4768.886956 167.768178 621.646879 -4.837794
676.586220 -7653.577436 579.093224 4761.856633 169.384380 621.907815 -4.817143
682.581124 -7640.537563 584.333906 4754.619241 170.955213 622.114847 -4.798442
688.391214 -7627.936115 589.420442 4747.652878 172.512324 622.347631 -4.775693
694.100559 -7615.389584 594.415009 4740.706278 174.039033 622.565468 -4.751859
699.703490 -7602.879833 599.314189 4733.771291 175.536213 622.765652 -4.727387
705.149648 -7590.783721 604.081461 4727.086759 177.019589 622.990017 -4.699331
710.510503 -7578.584358 608.768501 4720.323457 178.467790 623.182100 -4.671535
715.757620 -7566.583928 613.356907 4713.674190 179.894807 623.374851 -4.642379
720.877290 -7554.783439 617.835434 4707.138726 181.300596 623.567519 -4.611388
725.930092 -7542.895161 622.249525 4700.535571 182.673121 623.731555 -4.581284
730.841704 -7531.356838 626.545422 4694.142131 184.032144 623.911744 -4.548647
735.602784 -7520.136454 630.714503 4687.936085 185.375819 624.103918 -4.513038
740.353667 -7508.491454 634.860788 4681.451198 186.672141 624.233936 -4.481297
744.947350 -7497.430603 638.880257 4675.322093 187.967319 624.403956 -4.445870
749.452730 -7486.367442 642.819125 4669.179791 189.233797 624.555598 -4.410316
753.865097 -7475.370743 646.675901 4663.068565 190.476258 624.694726 -4.374799
758.183333 -7464.503521 650.450513 4657.027578 191.697660 624.828346 -4.338962
762.396408 -7453.822323 654.134801 4651.092504 192.900601 624.962425 -4.302255
766.511767 -7443.304866 657.734351 4645.249173 194.084209 625.095488 -4.264802
770.553032 -7432.773869 661.266095 4639.388457 195.240645 625.210032 -4.228264
774.482981 -7422.508404 664.704426 4633.683126 196.383476 625.332700 -4.190524
778.333206 -7412.279132 668.071121 4627.990891 197.501831 625.442229 -4.153179
782.090207 -7402.205695 671.357599 4622.385715 198.602037 625.549668 -4.115514
785.761052 -7392.291598 674.569381 4616.869454 199.684517 625.656821 -4.077349
789.352578 -7382.439256 677.710895 4611.382774 200.745112 625.754276 -4.039476
792.836046 -7372.848006 680.762280 4606.048508 201.793784 625.860286 -4.000336
796.272952 -7363.157964 683.767235 4600.645279 202.813128 625.942987 -3.962917
799.616300 -7353.623235 686.692929 4595.331043 203.816053 626.023940 -3.925663
802.872732 -7344.368605 689.545675 4590.179183 204.808941 626.117327 -3.886929
806.054606 -7335.082990 692.331060 4585.003029 205.776289 626.193552 -3.849329
809.172242 -7325.906116 695.059827 4579.885160 206.725913 626.265847 -3.812108
812.196571 -7316.936630 697.710283 4574.887527 207.662683 626.342954 -3.774216
815.159265 -7307.989053 700.304566 4569.896152 208.576972 626.408579 -3.737148
818.033384 -7299.270516 702.824832 4565.037162 209.479861 626.480909 -3.699277
732.158634 -7118.800843 645.013900 4430.967294 210.440817 583.702630 -3.662286
880.554766 -7430.383388 752.753976 4706.171822 213.107496 671.061648 -3.624302
826.244636 -7273.552350 710.023641 4550.687802 212.076343 626.659677 -3.588200
828.833443 -7265.283129 712.297136 4546.076588 212.914328 626.721063 -3.550998
831.375988 -7256.959802 714.526431 4541.426979 213.728442 626.766482 -3.515206
833.847060 -7248.828586 716.695983 4536.887589 214.532133 626.816905 -3.479026
836.252339 -7240.768690 718.808135 4532.387228 215.318942 626.862609 -3.443337
838.587045 -7232.997748 720.862604 4528.054003 216.101407 626.923284 -3.405894
840.917225 -7224.665612 722.898492 4523.382618 216.833068 626.924829 -3.375177
843.078332 -7217.505377 724.813908 4519.407558 217.608487 627.014586 -3.335375
845.255034 -7209.637774 726.722662 4515.006953 218.325783 627.037659 -3.301757
847.382972 -7201.980090 728.591598 4510.725374 219.035751 627.066552 -3.268536
849.437326 -7194.508955 730.399489 4506.552591 219.736574 627.101465 -3.234787
851.439792 -7187.125077 732.161768 4502.427679 220.423450 627.134794 -3.201103
853.377595 -7179.889250 733.869649 4498.388131 221.099857 627.171332 -3.167131
855.278757 -7172.590191 735.541883 4494.307265 221.754486 627.193725 -3.134851
857.118138 -7165.500130 737.163497 4490.347086 222.402748 627.224226 -3.101929
858.904501 -7158.502216 738.739150 4486.439031 223.038328 627.254218 -3.069082
860.649638 -7151.506539 740.276920 4482.529738 223.656329 627.276041 -3.037459
862.337263 -7144.699078 741.767289 4478.729158 224.267546 627.304792 -3.005304
863.984430 -7137.892086 743.220380 4474.926467 224.861533 627.325757 -2.974225
865.576486 -7131.265136 744.628003 4471.227459 225.448818 627.353168 -2.942622
867.132923 -7124.607215 746.001805 4467.507591 226.017517 627.370396 -2.912403
868.638207 -7118.080589 747.332675 4463.862894 226.577009 627.390071 -2.882291
870.101452 -7111.660381 748.627234 4460.277346 227.126589 627.410841 -2.852020
871.520026 -7105.309300 749.882893 4456.730508 227.664053 627.429899 -2.822152
872.898416 -7099.021594 751.103217 4453.219222 228.189244 627.447129 -2.792965
874.240321 -7092.823572 752.291663 4449.761225 228.703717 627.466384 -2.764805
875.540767 -7086.709385 753.444295 4446.351890 229.207565 627.486233 -2.737178
3495.309287 -15018.284472 3637.936487 11975.454366 -185.836704 2495.229999 -242.159834
872.872323 -6962.165956 753.452923 4303.499876 241.044202 574.132133 10.387868
879.204116 -7068.776051 756.695140 4436.342542 230.655259 627.532876 -2.653666
880.344851 -7062.957421 757.709619 4433.092115 231.118289 627.545294 -2.625421
881.447218 -7057.207392 758.690744 4429.879402 231.571093 627.556193 -2.597195
882.512928 -7051.566086 759.640755 4426.727629 232.016495 627.569077 -2.568687
883.549109 -7045.903351 760.562940 4423.562682 232.446394 627.574564 -2.541674
884.550183 -7040.381105 761.456101 4420.477651 232.871142 627.584963 -2.514432
885.518797 -7034.910885 762.320605 4417.422505 233.285503 627.594358 -2.487802
886.455253 -7029.524931 763.157455 4414.415540 233.691727 627.605062 -2.461488
887.359283 -7024.231242 763.966655 4411.461302 234.090659 627.617766 -2.435267
888.238960 -7018.931023 764.752771 4408.502543 234.476254 627.624961 -2.410299
889.088444 -7013.722162 765.513165 4405.595915 234.854556 627.633624 -2.385608
889.906243 -7008.606651 766.246671 4402.742671 235.226056 627.644205 -2.360913
890.699372 -7003.495469 766.957183 4399.891193 235.585318 627.650087 -2.337253
891.454676 -6998.595461 767.638465 4397.160409 235.945867 627.666569 -2.312110
892.195090 -6993.565098 768.301902 4394.353847 236.286129 627.668869 -2.289424
892.901173 -6988.766234 768.939546 4391.678762 236.629431 627.682966 -2.265151
893.586312 -6983.915879 769.556215 4388.974061 236.957878 627.689222 -2.242366
894.244883 -6979.170049 770.150808 4386.328598 237.281540 627.698480 -2.219530
894.881087 -6974.469163 770.725422 4383.708002 237.597064 627.706786 -2.197038
895.495277 -6969.803568 771.280251 4381.107180 237.903834 627.713536 -2.175166
896.082867 -6965.259815 771.813470 4378.575840 238.207794 627.725054 -2.152795
896.648363 -6960.736503 772.326614 4376.056819 238.502404 627.734424 -2.131197
897.196831 -6956.248996 772.824110 4373.557243 238.788981 627.742152 -2.110167
897.720024 -6951.866578 773.300897 4371.117731 239.072137 627.753570 -2.088851
898.223388 -6947.491746 773.759290 4368.683109 239.345497 627.762003 -2.068496
898.708417 -6943.193352 774.201964 4366.291075 239.613993 627.771776 -2.048160
899.170368 -6938.985441 774.625484 4363.950898 239.878636 627.784377 -2.027655
899.625490 -6934.642211 775.038054 4361.533379 240.124219 627.783698 -2.010050
900.046039 -6930.631105 775.427565 4359.304451 240.382384 627.802318 -1.989304
900.454738 -6926.537655 775.803191 4357.028571 240.625976 627.812043 -1.970149
900.843745 -6922.535889 776.162643 4354.804606 240.866221 627.824509 -1.950966
901.219412 -6918.517449 776.508639 4352.571031 241.096089 627.832481 -1.932954
901.575459 -6914.630293 776.839422 4350.411137 241.325955 627.845983 -1.914071
901.916995 -6910.725514 777.155974 4348.241572 241.545993 627.855845 -1.896271
902.245012 -6906.902095 777.460895 4346.117670 241.762163 627.866767 -1.878312
902.552910 -6903.138137 777.749090 4344.028003 241.974460 627.879605 -1.860485
902.847059 -6899.457174 778.025733 4341.984569 242.184029 627.894593 -1.842246
903.126793 -6895.718577 778.287451 4339.910991 242.380670 627.903419 -1.826110
903.392387 -6892.098814 778.538306 4337.902904 242.577433 627.916635 -1.809201
903.644555 -6888.509700 778.776968 4335.911960 242.768434 627.929032 -1.792606
903.883403 -6884.979306 779.004200 4333.953645 242.955717 627.942379 -1.776008
904.110084 -6881.473342 779.220211 4332.009163 243.136950 627.954649 -1.759938
904.324278 -6878.022165 779.425461 4330.095304 243.314445 627.967776 -1.743953
904.524221 -6874.645106 779.619020 4328.223384 243.489774 627.983287 -1.727736
904.715596 -6871.262737 779.803670 4326.348422 243.657481 627.995861 -1.712398
904.895207 -6867.937670 779.978322 4324.505954 243.821966 628.009729 -1.697185
905.062525 -6864.661572 780.142415 4322.690628 243.983008 628.024004 -1.681896
905.215339 -6861.397243 780.293483 4320.878485 244.138458 628.034265 -1.666226
905.353874 -6858.210539 780.433182 4319.106485 244.293184 628.045081 -1.649368
905.481177 -6855.039503 780.562540 4317.342877 244.442479 628.054083 -1.632813
905.599604 -6851.921212 780.684256 4315.608728 244.589004 628.064141 -1.616334
905.709726 -6848.833929 780.798315 4313.893429 244.731107 628.074695 -1.600528
905.811759 -6845.790896 780.905214 4312.204477 244.869802 628.086714 -1.585262
905.906012 -6842.802859 781.005469 4310.547193 245.006149 628.100621 -1.570196
905.993965 -6839.812412 781.098993 4308.889753 245.135953 628.112753 -1.556198
906.072294 -6836.904295 781.185118 4307.278530 245.265630 628.128063 -1.541808
906.143403 -6833.999268 781.263974 4305.669405 245.389558 628.141506 -1.528089
906.205973 -6831.144733 781.335641 4304.088125 245.511291 628.155724 -1.514292
906.260444 -6828.329406 781.400233 4302.528253 245.630230 628.169976 -1.500462
906.307350 -6825.544451 781.458001 4300.985039 245.745776 628.183823 -1.486766
906.346440 -6822.801089 781.509033 4299.464857 245.858835 628.198078 -1.473059
906.378426 -6820.080466 781.553484 4297.957619 245.968044 628.211777 -1.459698
906.403971 -6817.406800 781.592456 4296.476013 246.075419 628.226165 -1.446207
906.422413 -6814.775098 781.625347 4295.017956 246.180651 628.241265 -1.432718
906.435457 -6812.166319 781.653086 4293.572572 246.282416 628.255803 -1.419514
906.441256 -6809.585572 781.674369 4292.143940 246.380950 628.270626 -1.406733
906.442890 -6807.018582 781.691302 4290.722678 246.475459 628.284269 -1.394385
906.438154 -6804.518946 781.703427 4289.338402 246.570158 628.300007 -1.381550
906.427595 -6802.043866 781.710209 4287.968222 246.661869 628.315593 -1.368959
906.412122 -6799.590075 781.712310 4286.610286 246.750300 628.330711 -1.356757
906.391301 -6797.187211 781.710101 4285.280544 246.837857 628.346934 -1.344386
906.365638 -6794.797723 781.703117 4283.958825 246.921680 628.362315 -1.332511
906.334422 -6792.462884 781.691786 4282.667250 247.005055 628.379134 -1.320370
906.299640 -6790.131865 781.676492 4281.377805 247.084175 628.394379 -1.308775
906.260316 -6787.838541 781.657287 4280.109359 247.161593 628.410059 -1.297272
906.215759 -6785.606676 781.634210 4278.874642 247.239394 628.427518 -1.285306
906.167887 -6783.366386 781.607137 4277.635798 247.312139 628.442952 -1.274145
906.116214 -6781.166329 781.576855 4276.418743 247.383676 628.458940 -1.262905
906.060774 -6779.023958 781.543829 4275.232277 247.455729 628.476291 -1.251006
906.001063 -6776.855390 781.505741 4274.033566 247.521398 628.491527 -1.240355
905.938828 -6774.736998 781.465785 4272.861478 247.587019 628.507764 -1.229261
905.872609 -6772.643865 781.422261 4271.704156 247.650680 628.524308 -1.218328
905.797994 -6760.167572 781.376190 4270.571401 247.714089 628.541875 -1.207108
905.739886 -6768.399759 781.327557 4269.447154 247.774970 628.558823 -1.196151
905.655991 -6766.541832 781.275729 4268.330751 247.832956 628.575390 -1.185713
-19116.944176 -12534.651097 -19036.810796 8617.870457 -7276.963479 1011.130875 -104.033491
891.763476 -6759.103561 769.381218 4257.152782 244.358062 622.693328 -1.647859
905.415602 -6760.624338 781.106087 4265.061385 247.996526 628.624579 -1.155215
905.329580 -6758.760149 781.045616 4264.030204 248.052645 628.643962 -1.144106
905.241653 -6756.884637 780.982465 4262.993487 248.104582 628.661513 -1.133666
905.151564 -6755.031615 780.917262 4261.969526 248.154844 628.679090 -1.123457
905.059490 -6753.192209 780.849946 4260.953561 248.202809 628.696229 -1.113612
904.965368 -6751.384215 780.780914 4259.954865 248.250011 628.713748 -1.103736
904.869493 -6749.599875 780.710222 4258.969159 248.295920 628.731218 -1.093923
904.771587 -6747.841596 780.637728 4257.998021 248.340744 628.748927 -1.084171
904.672265 -6746.101413 780.563728 4257.036831 248.383910 628.766333 -1.074574
904.571238 -6744.384735 780.488145 4256.088730 248.425882 628.783853 -1.065062
904.468611 -6742.688620 780.411004 4255.152158 248.466480 628.801364 -1.055678
909.842492 -6817.267880 788.387794 4331.990377 250.593142 651.550598 -1.046073
908.012918 -6735.065514 783.087405 4249.369925 248.376088 627.958966 -1.037052
904.152524 -6737.754489 780.172242 4252.426850 248.583353 628.855029 -1.027362
904.044570 -6736.134914 780.089733 4251.533143 248.618643 628.872293 -1.018463
903.935501 -6734.545193 780.006351 4250.655693 248.653573 628.889994 -1.009474
903.825387 -6732.988713 779.922256 4249.796055 248.688608 628.908184 -1.000208
903.714005 -6731.430935 779.836440 4248.936873 248.720784 628.925637 -0.991561
903.602047 -6729.911672 779.750428 4248.097929 248.753572 628.943694 -0.982503
903.488893 -6728.401272 779.663032 4247.264667 248.784486 628.961454 -0.973802
903.374916 -6726.913277 779.574881 4246.443786 248.814696 628.979378 -0.965129
903.260164 -6725.445255 779.485967 4245.633992 248.844072 628.997352 -0.956511
903.144961 -6724.000478 779.396634 4244.836654 248.872968 629.015376 -0.947812
903.028954 -6722.565848 779.306297 4244.045537 248.900249 629.033157 -0.939426
902.912293 -6721.148182 779.215250 4243.264029 248.926525 629.050942 -0.931183
902.795216 -6719.763111 779.124074 4242.499736 248.953259 629.069213 -0.922599
902.677649 -6718.380934 779.031992 4241.737686 248.977919 629.086879 -0.914426
902.559643 -6717.018706 778.939481 4240.986765 249.001956 629.104679 -0.906312
902.441284 -6715.661787 778.846251 4240.239455 249.024158 629.122012 -0.898594
902.322495 -6714.351989 778.753307 4239.517231 249.048204 629.140564 -0.890260
902.203472 -6713.047560 778.659760 4238.798477 249.070573 629.158582 -0.882244
902.084329 -6711.754900 778.565863 4238.086475 249.091763 629.176355 -0.874446
901.965030 -6710.485935 778.471897 4237.387322 249.112865 629.194363 -0.866556
901.845514 -6709.231470 778.377594 4236.696371 249.133125 629.212285 -0.858790
901.725935 -6707.985096 778.282915 4236.010239 249.151996 629.229851 -0.851299
881.764404 -6701.323400 761.922652 4227.881250 246.439656 625.916892 -0.742329
901.945425 -6705.565443 778.467760 4234.677320 249.247733 629.263508 -0.836018
901.367298 -6704.365237 777.998884 4234.016354 249.206943 629.282992 -0.828519
901.247808 -6703.187337 777.903984 4233.367719 249.223860 629.300533 -0.821091
901.128269 -6702.021012 777.808860 4232.725886 249.239864 629.318015 -0.813850
901.008955 -6700.876270 777.713986 4232.095628 249.255906 629.335666 -0.806476
900.889719 -6699.743042 777.619009 4231.472047 249.271126 629.353209 -0.799254
900.770518 -6698.603472 777.523448 4230.846357 249.283898 629.370056 -0.792731
900.651848 -6697.523268 777.429369 4230.251305 249.300140 629.388330 -0.785104
900.533120 -6696.429708 777.334471 4229.650409 249.313470 629.405624 -0.778256
900.414779 -6695.363227 777.240126 4229.063843 249.327409 629.423301 -0.771162
900.296932 -6694.310446 777.146084 4228.484591 249.340877 629.440785 -0.764073
900.179219 -6693.255690 777.051672 4227.905171 249.352438 629.457762 -0.757494
900.061968 -6692.229050 776.957920 4227.340428 249.364832 629.475124 -0.750567
899.944956 -6691.209841 776.864139 4226.780067 249.376284 629.492217 -0.743823
899.828331 -6690.201153 776.770529 4226.225595 249.387069 629.509123 -0.737189
899.712130 -6689.212865 776.677391 4225.682198 249.398098 629.526205 -0.730443
899.596202 -6688.234421 776.584344 4225.144718 249.408448 629.543204 -0.723884
899.480869 -6687.269527 776.491727 4224.614561 249.418480 629.560067 -0.717338
899.365915 -6686.316608 776.399345 4224.091221 249.428065 629.576908 -0.710896
899.251504 -6685.378557 776.307399 4223.575914 249.437497 629.593734 -0.704433
899.137569 -6684.451261 776.215740 4223.066636 249.446432 629.610454 -0.698063
899.024177 -6683.532735 776.124373 4222.562309 249.454711 629.626979 -0.691823
898.911445 -6682.632159 776.033634 4222.067458 249.463204 629.643574 -0.685440
48499.943021 -81220.127416 48115.452307 67483.942842 4381.094367 11829.287581 669.427464
890.716081 -6672.093016 769.391916 4204.558044 249.669473 620.240709 1.804668
898.576309 -6679.987216 775.763265 4220.615375 249.485578 629.692724 -0.666967
898.465706 -6679.129053 775.673970 4220.144417 249.492502 629.709040 -0.660890
898.355998 -6678.293594 775.585644 4219.685034 249.500225 629.725460 -0.654463
898.246126 -6677.441577 775.496473 4219.218861 249.505115 629.741378 -0.649005
898.137298 -6676.618380 775.408550 4218.767218 249.511354 629.757563 -0.643034
898.029143 -6675.807566 775.321180 4218.322214 249.517522 629.773648 -0.637017
897.921519 -6675.001180 775.234050 4217.880092 249.522867 629.789508 -0.631236
897.814597 -6674.213169 775.147659 4217.447740 249.528683 629.805546 -0.625292
897.708070 -6673.421961 775.061214 4217.014604 249.533006 629.821208 -0.619816
897.602347 -6672.648796 774.975583 4216.590942 249.537796 629.836992 -0.614166
897.497455 -6671.890086 774.890700 4216.174823 249.542786 629.852715 -0.608388
897.393128 -6671.139140 774.806195 4215.763307 249.547354 629.868382 -0.602748
897.289369 -6670.390511 774.721926 4215.353626 249.550999 629.883816 -0.597395
897.186471 -6669.657935 774.638481 4214.952318 249.555017 629.899283 -0.591882
897.084279 -6668.937394 774.555648 4214.557580 249.559071 629.914751 -0.586346
896.982748 -6668.223469 774.473256 4214.166849 249.562654 629.930079 -0.580979
896.881821 -6667.516836 774.391282 4213.780560 249.565827 629.945359 -0.575787
896.781771 -6666.823376 774.310083 4213.401159 249.569169 629.960556 -0.570505
896.682413 -6666.137820 774.229386 4213.026225 249.572206 629.975638 -0.565316
896.583941 -6665.465388 774.149474 4212.658064 249.575446 629.990638 -0.560010
896.486135 -6664.798596 774.069991 4212.293224 249.578206 630.005485 -0.554845
896.389007 -6664.137901 773.990961 4211.931943 249.580536 630.020211 -0.549809
896.292708 -6663.487399 773.912611 4211.576049 249.582846 630.034834 -0.544737
896.197097 -6662.845084 773.834791 4211.224814 249.584967 630.049435 -0.539732
896.102326 -6662.212828 773.757670 4210.878993 249.587094 630.063986 -0.534702
896.008259 -6661.587201 773.681060 4210.536988 249.588924 630.078441 -0.529760
895.914990 -6660.973705 773.605182 4210.201387 249.590996 630.092882 -0.524721
895.822184 -6660.360537 773.529475 4209.866697 249.592208 630.107158 -0.519995
895.730152 -6659.757617 773.454437 4209.537456 249.593502 630.121363 -0.515229
895.638890 -6659.165753 773.380093 4209.214074 249.594983 630.135523 -0.510396
895.548364 -6658.580923 773.306312 4208.894557 249.596284 630.149534 -0.505609
895.458527 -6658.003202 773.233066 4208.579058 249.597414 630.163469 -0.500895
895.369438 -6657.433375 773.160418 4208.267838 249.598462 630.177312 -0.496199
895.281044 -6656.869076 773.088272 4207.959819 249.599217 630.191037 -0.491609
895.193559 -6656.316117 773.016946 4207.657610 249.600244 630.204660 -0.486900
895.106702 -6655.769286 772.946100 4207.359063 249.601061 630.218250 -0.482307
895.020378 -6655.224357 772.875544 4207.062034 249.601279 630.231667 -0.477944
894.934913 -6654.690824 772.805779 4206.770843 249.601808 630.244990 -0.473459
894.850170 -6654.164487 772.736595 4206.483641 249.602265 630.258229 -0.469012
894.766259 -6653.647132 772.668123 4206.201180 249.602826 630.271382 -0.464526
894.682963 -6653.132934 772.600051 4205.920898 249.602939 630.284461 -0.460237
894.600655 -6652.629354 772.532854 4205.645898 249.603333 630.297382 -0.455805
894.518968 -6652.130768 772.466118 4205.373995 249.603483 630.310297 -0.451513
894.437936 -6651.634743 772.399800 4205.103826 249.603163 630.323069 -0.447397
894.357673 -6651.146866 772.334141 4204.838040 249.602915 630.335795 -0.443270
894.278280 -6650.668059 772.269240 4204.576857 249.602855 630.348383 -0.439044
894.199578 -6650.195565 772.204894 4204.319218 249.602728 630.360919 -0.434862
894.121570 -6649.728583 772.141087 4204.064680 249.602466 630.373364 -0.430737
894.044209 -6649.266237 772.077762 4203.812872 249.601993 630.385731 -0.426706
-18723.203153 -12268.191769 -18640.455600 8449.461750 -7121.206965 1010.018321 -100.246571
889.181532 -6647.651111 767.929409 4201.584392 248.437106 629.302722 -0.510155
893.816466 -6647.918056 771.891344 4203.078531 249.600482 630.422315 -0.414691
893.741978 -6647.481284 771.830377 4202.840611 249.599952 630.434341 -0.410716
893.667923 -6647.043111 771.769582 4202.602697 249.598677 630.446283 -0.407064
893.595046 -6646.623225 771.710045 4202.373440 249.598566 630.458115 -0.402931
893.522654 -6646.203900 771.650781 4202.145053 249.597935 630.469866 -0.399029
893.450780 -6645.786273 771.591842 4201.918097 249.596879 630.481577 -0.395336
893.379600 -6645.373816 771.533455 4201.693991 249.595742 630.493192 -0.391684
893.309260 -6644.970355 771.475832 4201.474414 249.594912 630.504708 -0.387910
893.239572 -6644.571323 771.418716 4201.257424 249.593957 630.516171 -0.384212
893.170666 -6644.179394 771.362273 4201.044105 249.593143 630.527537 -0.380460
694.414056 -7193.704885 592.835444 4880.730715 220.921109 901.445796 14.143384
892.144543 -6642.514796 770.503433 4199.181120 249.391003 629.792615 -0.411486
892.967607 -6643.026395 771.195710 4200.417749 249.589699 630.561259 -0.369743
892.901240 -6642.651982 771.141253 4200.214403 249.588472 630.572323 -0.366227
892.835533 -6642.283106 771.087348 4200.014050 249.587274 630.583313 -0.362719
892.770405 -6641.917491 771.033875 4199.815670 249.585892 630.594227 -0.359308
892.706073 -6641.560136 770.981130 4199.621384 249.584821 630.605021 -0.355771
892.642272 -6641.204972 770.928756 4199.428602 249.583479 630.615747 -0.352372
892.579091 -6640.854543 770.876889 4199.238469 249.582116 630.626420 -0.349015
892.516597 -6640.509138 770.825587 4199.050966 249.580769 630.636971 -0.345650
892.454728 -6640.168369 770.774795 4198.866023 249.579408 630.647452 -0.342316
892.393446 -6639.831778 770.724477 4198.683471 249.577994 630.657886 -0.339037
1620.970349 -6961.644745 1436.905994 4742.312473 412.276375 916.524221 -21.679338
891.872259 -6639.010357 770.290254 4197.948612 249.505769 630.440155 -0.315306
892.213345 -6638.849391 770.576580 4198.150466 249.573744 630.688565 -0.329268
892.154456 -6638.529933 770.528196 4197.977135 249.572249 630.698563 -0.326067
892.096054 -6638.212937 770.480171 4197.805435 249.570568 630.708529 -0.322988
892.038354 -6637.901837 770.432755 4197.636719 249.569042 630.718384 -0.319853
891.981305 -6637.595299 770.385877 4197.470407 249.567549 630.728139 -0.316714
891.924866 -6637.293249 770.339507 4197.306533 249.566086 630.737828 -0.313590
891.868868 -6636.992394 770.293433 4197.143729 249.564337 630.747502 -0.310635
891.813595 -6636.698085 770.248009 4196.984130 249.562828 630.757036 -0.307579
891.758913 -6636.408252 770.203087 4196.826992 249.561366 630.766492 -0.304546
891.704789 -6636.122154 770.158621 4196.671983 249.559880 630.775884 -0.301563
891.651092 -6635.836821 770.114434 4196.517824 249.558080 630.785248 -0.298762
891.598148 -6635.558630 770.070934 4196.367073 249.556597 630.794455 -0.295822
891.545748 -6635.283608 770.027863 4196.218086 249.555052 630.803575 -0.292927
891.494001 -6635.013166 769.985337 4196.071320 249.553588 630.812530 -0.289979
891.442551 -6634.742498 769.942972 4195.925105 249.551741 630.821560 -0.287280
891.391739 -6634.476404 769.901144 4195.781132 249.549983 630.830441 -0.284533
891.341675 -6634.217295 769.860000 4195.640406 249.548565 630.839141 -0.281616
891.291829 -6633.955753 769.818902 4195.499219 249.546566 630.847909 -0.279019
891.242712 -6633.701661 769.778492 4195.361569 249.544958 630.856542 -0.276253
891.194059 -6633.449792 769.738437 4195.225303 249.543241 630.865130 -0.273561
891.145992 -6633.202712 769.698895 4195.091470 249.541668 630.873628 -0.270824
891.098323 -6632.956653 769.659628 4194.958509 249.539874 630.882097 -0.268217
891.051173 -6632.715009 769.620807 4194.827749 249.538203 630.890464 -0.265575
891.004701 -6632.477021 769.582556 4194.699065 249.536552 630.898775 -0.262941
890.958500 -6632.241134 769.544515 4194.571570 249.534832 630.907026 -0.260379
890.912872 -6632.008503 769.506935 4194.445817 249.533116 630.915193 -0.257825
890.867586 -6631.776643 769.469588 4194.320882 249.531175 630.923375 -0.255426
890.823183 -6631.553601 769.433081 4194.199685 249.529806 630.931233 -0.252700
890.779020 -6631.329964 769.396702 4194.078870 249.528092 630.939188 -0.250221
890.735382 -6631.110002 769.360771 4193.959969 249.526449 630.947057 -0.247733
890.692131 -6630.891415 769.325123 4193.842067 249.524658 630.954897 -0.245353
890.649368 -6630.676084 769.289885 4193.725883 249.522906 630.962652 -0.242980
890.607174 -6630.465378 769.255151 4193.611921 249.521334 630.970272 -0.240531
890.565425 -6630.257039 769.220771 4193.499278 249.519723 630.977816 -0.238120
890.524044 -6630.050026 769.186661 4193.387591 249.517973 630.985337 -0.235812
890.483204 -6629.847027 769.153019 4193.277854 249.516352 630.992737 -0.233451
890.442743 -6629.645479 769.119660 4193.169103 249.514611 631.000109 -0.231178
890.402829 -6629.448191 769.086783 4193.062411 249.513032 631.007366 -0.228837
890.363266 -6629.251899 769.054158 4192.956511 249.511298 631.014605 -0.226602
890.324196 -6629.059256 769.021960 4192.852448 249.509674 631.021758 -0.224336
890.285532 -6628.868522 768.990080 4192.749490 249.507994 631.028848 -0.222114
890.247287 -6628.680331 768.958545 4192.647932 249.506323 631.035882 -0.219917
890.209521 -6628.495397 768.927419 4192.547988 249.504736 631.042810 -0.217687
890.172093 -6628.311721 768.896546 4192.448947 249.503040 631.049725 -0.215549
890.135211 -6628.132150 768.866152 4192.351788 249.501516 631.056486 -0.213316
890.098564 -6627.953008 768.835920 4192.255335 249.499811 631.063323 -0.211249
890.062328 -6627.775837 768.806012 4192.159943 249.498074 631.070075 -0.209206
890.026588 -6627.602239 768.776533 4192.066243 249.496468 631.076703 -0.207094
889.991259 -6627.431399 768.747405 4191.974004 249.494919 631.083273 -0.204983
889.956264 -6627.261718 768.718527 4191.882562 249.493270 631.089814 -0.202950
889.921712 -6627.095079 768.690031 4191.792654 249.491709 631.096272 -0.200895
889.887502 -6626.929719 768.661796 4191.703580 249.490066 631.102696 -0.198909
889.853678 -6626.766415 768.633876 4191.615632 249.488419 631.109058 -0.196947
889.820304 -6626.606507 768.606354 4191.529332 249.486906 631.115320 -0.194939
889.787289 -6626.448415 768.579121 4191.444045 249.485374 631.121518 -0.192961
889.754579 -6626.291350 768.552116 4191.359480 249.483746 631.127685 -0.191061
889.722239 -6626.136459 768.525419 4191.276089 249.482137 631.133796 -0.189177
876.424614 -6621.930568 757.127045 4149.121652 245.459449 595.946687 -3.604238
889.903972 -6625.867076 768.680985 4190.978572 249.524226 631.002553 -0.201480
889.627545 -6625.685998 768.447281 4191.033243 249.477573 631.151693 -0.183494
889.596655 -6625.539242 768.421778 4190.954259 249.476014 631.157583 -0.181670
889.566160 -6625.395037 768.396613 4190.876527 249.474527 631.163381 -0.179819
889.535967 -6625.252078 768.371681 4190.799575 249.472986 631.169145 -0.178022
889.506121 -6625.111107 768.347038 4190.723684 249.471466 631.174851 -0.176235
889.476460 -6624.969627 768.322497 4190.647931 249.469721 631.180598 -0.174605
889.447436 -6624.834492 768.298572 4190.574800 249.468433 631.186093 -0.172716
889.418622 -6624.699503 768.274788 4190.502065 249.466994 631.191614 -0.170946
889.390053 -6624.564959 768.251177 4190.429803 249.465431 631.197137 -0.169271
889.361849 -6624.432873 768.227881 4190.358776 249.463946 631.202592 -0.167575
889.334010 -6624.303030 768.204895 4190.288859 249.462521 631.207968 -0.165858
889.306458 -6624.174527 768.182138 4190.219751 249.461070 631.213316 -0.164183
889.279254 -6624.048144 768.159675 4190.151698 249.459672 631.218587 -0.162492
889.252320 -6623.922902 768.137425 4190.084364 249.458232 631.223833 -0.160850
898.248214 -6692.739492 779.412962 4260.894306 251.472775 652.214301 -0.159163
889.456132 -6623.530878 768.285957 4189.810790 249.442341 631.197391 -0.157670
889.173351 -6623.556961 768.072181 4189.887631 249.453979 631.239251 -0.156012
889.147639 -6623.438385 768.050945 4189.823897 249.452604 631.244286 -0.154427
889.122398 -6623.323793 768.030144 4189.761871 249.451480 631.249150 -0.152708
889.097114 -6623.205945 768.009215 4189.699005 249.449889 631.254202 -0.151312
889.072293 -6623.092164 767.988715 4189.637838 249.448559 631.259069 -0.149770
889.047735 -6622.979580 767.968424 4189.577342 249.447208 631.263887 -0.148256
889.023474 -6622.868637 767.948378 4189.517688 249.445880 631.268644 -0.146744
888.999516 -6622.759361 767.928584 4189.458882 249.444581 631.273343 -0.145229
888.975820 -6622.651239 767.908998 4189.400759 249.443262 631.278017 -0.143746
888.952366 -6622.544101 767.889603 4189.343264 249.441908 631.282674 -0.142305
888.929240 -6622.439119 767.870491 4189.283469 249.440426 631.284479 -0.141108
888.906355 -6622.335154 767.851570 4189.230939 249.439343 631.291805 -0.139385
888.883741 -6622.232735 767.832877 4189.175898 249.438076 631.296308 -0.137945
888.861345 -6622.131191 767.814355 4189.121433 249.436774 631.300794 -0.136552
888.839208 -6622.031044 767.796049 4189.067708 249.435489 631.305230 -0.135167
888.817384 -6621.932923 767.778014 4189.014908 249.434286 631.309569 -0.133741
888.795748 -6621.835324 767.760120 4188.962548 249.433019 631.313903 -0.132382
888.774402 -6621.739527 767.742475 4188.911049 249.431814 631.318160 -0.131000
888.753256 -6621.644340 767.724982 4188.860002 249.430556 631.322404 -0.129674
888.732385 -6621.550785 767.707724 4188.809752 249.429347 631.326579 -0.128335
888.711621 -6621.456615 767.690519 4188.759547 249.427966 631.330816 -0.127135
888.691340 -6621.366814 767.673771 4188.711062 249.426906 631.334836 -0.125733
888.671238 -6621.277416 767.657156 4188.662958 249.425777 631.338861 -0.124395
888.651275 -6621.187966 767.640634 4188.615092 249.424537 631.342918 -0.123163
888.631614 -6621.100478 767.624376 4188.568099 249.423385 631.346877 -0.121888
888.612152 -6621.013737 767.608277 4188.521598 249.422203 631.350820 -0.120657
888.592969 -6620.928694 767.592416 4188.475875 249.421086 631.354680 -0.119393
888.573976 -6620.844374 767.576705 4188.430627 249.419942 631.358524 -0.118170
888.555218 -6620.761224 767.561188 4188.385977 249.418813 631.362317 -0.116948
888.536666 -6620.679121 767.545841 4188.341929 249.417690 631.366087 -0.115747
1613.667920 -7509.743461 1447.357491 5157.759538 406.796821 952.053468 -14.817445
888.272872 -6620.049120 767.328208 4187.581077 249.380902 631.058651 -0.104828
888.482327 -6620.439486 767.500889 4188.213291 249.414409 631.377137 -0.112175
888.464591 -6620.361240 767.486209 4188.171404 249.413291 631.380779 -0.111043
888.447101 -6620.284371 767.471736 4188.130159 249.412217 631.384351 -0.109890
888.429799 -6620.208376 767.457418 4188.089420 249.411141 631.387896 -0.108760
888.412726 -6620.133690 767.443294 4188.049293 249.410107 631.391370 -0.107614
888.395830 -6620.059720 767.429311 4188.009598 249.409058 631.394815 -0.106496
888.379121 -6619.986612 767.415481 4187.970395 249.408007 631.398234 -0.105399
888.362624 -6619.914629 767.401829 4187.931770 249.406983 631.401609 -0.104302
888.346319 -6619.843566 767.388335 4187.893649 249.405964 631.404954 -0.103218
888.330198 -6619.773321 767.374991 4187.855998 249.404944 631.408273 -0.102152
888.314279 -6619.704189 767.361817 4187.818912 249.403951 631.411551 -0.101085
888.298544 -6619.635797 767.348792 4187.782265 249.402951 631.414809 -0.100040
888.283010 -6619.568600 767.335938 4187.746174 249.401990 631.418000 -0.098979
888.267602 -6619.501678 767.323178 4187.710386 249.400980 631.421209 -0.097978
888.252421 -6619.436134 767.310615 4187.675216 249.400026 631.424345 -0.096946
888.237383 -6619.371054 767.298162 4187.640399 249.399043 631.427483 -0.095957
888.222551 -6619.307104 767.285883 4187.606126 249.398094 631.430570 -0.094954
888.207787 -6619.242833 767.273643 4187.571976 249.397041 631.433723 -0.094057
888.193378 -6619.181422 767.261728 4187.538876 249.396195 631.436690 -0.093009
888.179059 -6619.119860 767.249870 4187.505907 249.395263 631.439689 -0.092041
888.164922 -6619.059329 767.238168 4187.473441 249.394363 631.442640 -0.091066
888.150927 -6618.999354 767.226579 4187.441321 249.393448 631.445570 -0.090118
888.137092 -6618.940146 767.215122 4187.409612 249.392540 631.448466 -0.089180
888.123418 -6618.881754 767.203800 4187.378340 249.391643 631.451331 -0.088251
888.109911 -6618.824182 767.192615 4187.347497 249.390760 631.454160 -0.087326
888.096548 -6618.767220 767.181548 4187.317027 249.389871 631.456976 -0.086426
888.083353 -6618.711053 767.170619 4187.286963 249.388995 631.459754 -0.085528
888.070329 -6618.655743 767.159833 4187.257326 249.388138 631.462492 -0.084628
888.057465 -6618.601218 767.149181 4187.228095 249.387295 631.465197 -0.083732
888.044744 -6618.547328 767.138645 4187.199224 249.386452 631.467878 -0.082851
888.032148 -6618.493914 767.128210 4187.170673 249.385596 631.470552 -0.081998
888.019709 -6618.441289 767.117905 4187.142520 249.384756 631.473188 -0.081146
888.007435 -6618.389508 767.107739 4187.114778 249.383939 631.475783 -0.080289
887.995315 -6618.338408 767.097701 4187.087417 249.383130 631.478359 -0.079445
887.983332 -6618.287827 767.087771 4187.060363 249.382313 631.480915 -0.078619
887.971493 -6618.237999 767.077964 4187.033682 249.381514 631.483431 -0.077792
887.959777 -6618.188746 767.068257 4187.007318 249.380718 631.485919 -0.076978
887.948184 -6618.140061 767.058651 4186.981271 249.379923 631.488381 -0.076174
887.936733 -6618.092129 767.049164 4186.955594 249.379147 631.490804 -0.075367
887.925406 -6618.044753 767.039779 4186.930232 249.378373 631.493206 -0.074574
887.914219 -6617.998061 767.030510 4186.905223 249.377613 631.495577 -0.073783
887.903161 -6617.951868 767.021346 4186.880505 249.376849 631.497930 -0.073007
887.892256 -6617.906416 767.012310 4186.856154 249.376106 631.500251 -0.072229
887.881470 -6617.861413 767.003369 4186.832089 249.375356 631.502563 -0.071472
887.870848 -6617.817342 766.994568 4186.808419 249.374648 631.504811 -0.070690
887.860302 -6617.773423 766.985826 4186.784946 249.373906 631.507072 -0.069954
887.849903 -6617.730303 766.977208 4186.761833 249.373194 631.509282 -0.069205
887.839598 -6617.687452 766.968664 4186.738937 249.372460 631.511491 -0.068488
887.829446 -6617.645482 766.960251 4186.716441 249.371765 631.513656 -0.067752
887.819389 -6617.603761 766.951912 4186.694166 249.371047 631.515830 -0.067051
887.809478 -6617.562824 766.943698 4186.672248 249.370359 631.517962 -0.066334
887.799668 -6617.522261 766.935564 4186.650577 249.369663 631.520088 -0.065640
887.790006 -6617.482501 766.927556 4186.629244 249.369001 631.522157 -0.064924
887.780412 -6617.442815 766.919599 4186.608064 249.368305 631.524240 -0.064254
887.770953 -6617.403879 766.911757 4186.587208 249.367638 631.526268 -0.063567
887.761602 -6617.365404 766.904003 4186.566616 249.366974 631.528281 -0.062893
887.752401 -6617.327720 766.896377 4186.546366 249.366344 631.530245 -0.062195
-26202.142139 -76075.355545 -26600.304889 62888.425765 2179.165730 10847.638600 -1339.641136
887.857563 -6616.733055 766.972428 4185.858620 249.324534 631.274858 -0.120484
887.725313 -6617.216675 766.873919 4186.487123 249.364398 631.536185 -0.060267
887.716494 -6617.180605 766.866606 4186.467905 249.363759 631.538134 -0.059642
887.707795 -6617.145179 766.859396 4186.448986 249.363141 631.540048 -0.059008
887.699178 -6617.110042 766.852250 4186.430270 249.362512 631.541955 -0.058398
887.690679 -6617.075496 766.845204 4186.411820 249.361901 631.543821 -0.057779
887.682301 -6617.041582 766.838259 4186.393649 249.361313 631.545644 -0.057150
887.673998 -6617.007876 766.831374 4186.375646 249.360708 631.547463 -0.056547
887.665801 -6616.974657 766.824576 4186.357885 249.360114 631.549254 -0.055946
887.657681 -6616.941674 766.817839 4186.340304 249.359506 631.551043 -0.055370
887.649706 -6616.909504 766.811226 4186.323033 249.358942 631.552767 -0.054760
887.641794 -6616.877270 766.804661 4186.305831 249.358346 631.554502 -0.054192
887.633968 -6616.845314 766.798159 4186.288792 249.357733 631.556221 -0.053632
887.626237 -6616.813783 766.791736 4186.271981 249.357126 631.557921 -0.053078
887.618599 -6616.782682 766.785391 4186.255398 249.356526 631.559602 -0.052529
887.611053 -6616.752013 766.779123 4186.239043 249.355936 631.561264 -0.051985
887.603600 -6616.721780 766.772932 4186.222918 249.355354 631.562907 -0.051445
887.596238 -6616.691986 766.766818 4186.207023 249.354783 631.564531 -0.050908
887.588966 -6616.662635 766.760780 4186.191359 249.354223 631.566137 -0.050376
887.581784 -6616.633729 766.754818 4186.175927 249.353675 631.567723 -0.049846
887.574691 -6616.605272 766.748932 4186.160729 249.353140 631.569292 -0.049318
887.567686 -6616.577268 766.743120 4186.145765 249.352618 631.570842 -0.048793
887.560769 -6616.549719 766.737383 4186.131035 249.352111 631.572374 -0.048270
3408.374006 -9048.367494 3164.071452 7237.454658 156.051178 1237.645512 -0.047748
887.235728 -6616.532361 766.494554 4186.173968 249.371050 631.615607 -0.047227
887.540533 -6616.469840 766.720616 4186.088265 249.350686 631.576864 -0.046707
887.533957 -6616.444147 766.715173 4186.074484 249.350246 631.578325 -0.046187
887.527464 -6616.418926 766.709803 4186.060943 249.349824 631.579768 -0.045667
887.521055 -6616.394181 766.704505 4186.047642 249.349422 631.581195 -0.045146
887.514727 -6616.369914 766.699279 4186.034582 249.349041 631.582604 -0.044624
887.508481 -6616.346130 766.694124 4186.021765 249.348681 631.583996 -0.044100
887.502315 -6616.322831 766.689040 4186.009190 249.348343 631.585372 -0.043575
887.496228 -6616.300021 766.684027 4185.996860 249.348029 631.586730 -0.043047
887.490220 -6616.277703 766.679084 4185.984774 249.347738 631.588072 -0.042517
887.371965 -6611.540641 766.612956 4184.406271 249.347472 631.589398 -0.041983
887.483989 -6616.438408 766.672256 4186.018142 249.347232 631.590707 -0.041447
887.191805 -6614.160404 766.417136 4185.578226 249.155429 631.858943 -0.276371
