-558.772089 -231.931784 -709.614928 1104.007791 -1126.129190 667.494131 -23.332927
-816.449508 -134.844115 -964.104456 905.567641 -1253.153735 638.491925 -21.939812
-1004.891169 -27.650150 -1148.460044 729.820486 -1347.542363 617.157896 -21.004781
-1190.414958 64.255912 -1330.505152 586.092186 -1438.686114 601.468164 -20.046274
-1371.815985 147.622959 -1508.671935 458.968106 -1527.346248 588.235751 -19.192860
-1548.082705 224.872626 -1681.851486 342.307312 -1613.670371 575.956967 -18.499457
-1723.107780 296.910436 -1853.887030 233.180127 -1698.154291 564.015405 -17.990734
-1893.534675 363.984574 -2021.676601 132.630780 -1783.246240 552.651853 -17.667613
-2030.015006 425.466784 -2155.037815 32.337060 -1854.372643 536.949759 -17.695386
-2181.765357 480.988376 -2304.481127 -49.966034 -1932.546601 526.540421 -17.653939
-2314.261794 531.401324 -2434.610052 -130.040903 -2003.996045 513.315339 -17.935430
-2446.071869 576.545513 -2564.184676 -204.245342 -2073.543442 499.798747 -18.399062
-2564.725472 615.770582 -2680.764737 -270.501228 -2138.663903 485.967711 -19.026827
-2666.299414 648.817822 -2780.441390 -328.092349 -2198.382517 471.838199 -19.793477
-2755.494048 675.799886 -2867.889811 -377.558098 -2253.269203 457.518645 -20.665700
-2833.497086 696.822876 -2944.282273 -419.085891 -2303.354117 443.073564 -21.601364
-2989.683734 725.260625 -3098.704867 -483.808261 -2378.573137 425.336912 -23.939482
-3087.029150 748.145746 -3194.332063 -529.611391 -2433.997729 410.089780 -24.790981
-3206.537551 769.587390 -3312.093398 -577.697155 -2494.940998 394.054983 -25.730135
-3285.184730 786.899934 -3389.422760 -611.067087 -2542.540719 379.640156 -26.203118
-3417.980862 806.126795 -3521.207985 -654.163814 -2607.534768 363.689974 -26.569964
-3513.482918 816.955816 -3615.148252 -682.832656 -2655.087224 350.266223 -26.907885
-3638.605582 828.356999 -3738.587082 -723.488092 -2716.427189 333.230645 -28.828207
-3764.406086 836.958329 -3862.479523 -760.910607 -2774.899805 316.952130 -30.600032
-3897.839255 842.248592 -3993.831799 -795.100410 -2831.967409 301.323871 -31.516341
-3960.377446 860.074219 -4054.284990 -837.257273 -2891.469526 287.956034 -31.740041
-4123.400697 841.269424 -4212.975090 -846.104514 -2919.687257 274.363039 -32.439303
-4337.438578 813.361503 -4422.220626 -859.776715 -2957.785181 257.904190 -33.382656
-4474.330051 794.147870 -4558.104229 -861.868682 -2999.897366 240.528770 -34.608465
-4589.226421 773.572642 -4672.535336 -856.090838 -3036.780310 224.883790 -35.557655
-4745.442099 747.994831 -4827.103195 -857.764852 -3079.292072 208.189614 -36.354642
-4890.689219 718.799222 -4970.273403 -853.605250 -3111.723909 193.981142 -37.410506
-5062.192231 690.068653 -5139.421384 -859.794469 -3155.423686 176.838826 -38.609121
-5229.450119 658.822407 -5304.016541 -861.153065 -3191.414940 162.441637 -39.543995
-5393.586677 624.956696 -5465.272360 -858.685218 -3221.144387 149.909612 -40.549749
-5063.652622 628.281521 -5146.222488 -832.895283 -3281.090313 137.151175 -41.437432
-4864.299984 630.538573 -4953.442397 -822.081909 -3339.875133 123.218948 -42.472683
-4762.263918 633.610650 -4854.855741 -825.025698 -3399.049612 107.858875 -43.965311
-4726.653379 630.731423 -4820.175827 -824.140228 -3442.605518 97.211668 -44.988740
-4756.850711 621.137331 -4849.474587 -824.670038 -3481.469358 87.120384 -46.022959
-4835.253515 604.783841 -4925.803060 -824.633258 -3516.454935 77.581527 -47.066067
-4946.777106 582.683941 -5034.595288 -823.277799 -3548.750782 68.490492 -48.101650
-5090.558908 557.585491 -5175.376562 -825.863953 -3586.804958 57.489524 -48.823962
-5237.690772 528.276710 -5319.454247 -822.010370 -3616.733167 49.251619 -49.804009
-5392.211716 496.395173 -5471.046758 -816.326399 -3645.599098 41.517171 -50.737653
-5550.280722 462.521117 -5626.412827 -808.787118 -3673.523688 34.312614 -51.613185
-5708.913089 426.962238 -5782.643671 -799.115684 -3700.312466 27.760387 -52.429637
-5862.943097 390.951607 -5934.592043 -789.307050 -3727.589596 21.139078 -53.150848
-6013.193782 354.089555 -6083.112995 -777.693106 -3753.723662 15.118562 -53.790556
-6171.643470 316.234295 -6240.072099 -763.578519 -3778.135333 10.562463 -54.327292
-6401.872505 292.430485 -6464.973459 -800.527054 -3840.438091 -15.206564 -53.296999
-9646.504476 -91.847519 -9708.989087 -3422.050256 -5853.589614 -1618.676334 -197.944483
-2736.179633 368.748639 -2807.518925 211.420499 -1887.658512 471.023110 13.410486
-6715.104732 160.906547 -6781.796804 -683.693465 -3857.646986 1.215737 -54.960403
-6834.256845 123.634893 -6901.044503 -662.586786 -3874.556183 -0.613860 -54.416652
-6938.305669 87.296858 -7005.473195 -640.351536 -3889.180612 -2.140845 -53.579993
-7014.261676 52.653094 -7082.084775 -617.634805 -3900.857138 -4.297387 -52.447656
-7098.696399 18.468163 -7167.339660 -593.350121 -3910.620468 -4.453725 -51.017638
-7167.159011 -14.555826 -7236.836389 -568.014645 -3917.203943 -4.267740 -49.307698
-7220.748712 -46.091371 -7291.634067 -542.292207 -3921.082640 -3.872284 -47.339490
-7254.306358 -75.588024 -7326.547481 -516.695583 -3922.094989 -3.707039 -45.134343
-7274.633176 -103.306418 -7348.336892 -491.313556 -3920.669301 -3.448960 -42.732403
-7298.482038 -130.558298 -7373.765924 -465.400042 -3917.808393 -1.899123 -40.179933
-7316.180057 -156.802074 -7393.090447 -440.114456 -3913.636111 -0.247819 -37.562768
-8516.470909 -1548.894256 -8596.066078 356.155851 -4090.833585 100.712044 -34.941179
-9748.729901 -432.249749 -9840.665198 -286.706068 -4119.658853 189.623989 -32.439458
-7353.190750 -231.886773 -7435.255634 -368.456470 -3897.003219 5.844645 -30.136966
-7395.132788 -258.691496 -7479.124226 -345.912586 -3894.928410 9.946781 -28.118701
-7453.569201 -286.865115 -7539.636073 -324.086435 -3895.348618 15.016996 -26.444848
-7532.358331 -316.766425 -7620.696369 -302.985038 -3899.001159 21.244089 -25.159230
-7634.599163 -348.657537 -7725.462323 -282.532330 -3906.452582 28.857436 -24.279711
-7761.409638 -382.764738 -7855.093974 -262.655380 -3917.945559 37.903920 -23.828779
-7892.987694 -417.110558 -7989.651472 -244.221669 -3931.047243 46.912917 -23.792375
-8082.126330 -456.549059 -8182.432668 -225.188289 -3952.711258 59.903775 -24.155319
-8250.011477 -500.387438 -8353.902558 -201.128668 -3969.294835 72.175504 -24.453900
-7934.703883 -552.481144 -8037.035955 -135.113998 -3894.083505 58.156222 -20.638691
-7765.536805 -608.118917 -7867.514367 -78.097438 -3846.784103 51.557979 -18.695968
-7606.044871 -652.312934 -7707.558913 -32.435345 -3805.051386 44.706209 -16.275396
-7458.532845 -686.654501 -7559.519249 2.783871 -3768.846546 37.551824 -13.716801
-7330.126704 -713.294129 -7430.642261 29.007032 -3738.879297 30.621816 -11.257405
-7179.317300 -736.272261 -7278.892819 53.426966 -3704.761374 22.103478 -8.558182
-7095.509990 -762.429126 -7194.813330 75.207500 -3684.195830 17.252742 -6.516629
-7081.581461 -791.361412 -7181.423804 93.942204 -3677.634165 16.421525 -5.086400
-13080.696497 -3410.414409 -13227.725815 1105.919450 -4503.220748 471.085174 -4.063025
-7180.002326 -866.920137 -7282.750016 142.717141 -3676.829386 26.360072 -3.417092
-7284.797890 -886.577521 -7389.574822 138.126459 -3706.396878 28.672312 -3.082048
-7227.911991 -926.934326 -7332.645978 170.901614 -3678.796550 27.030331 -2.266833
-7171.431380 -994.094048 -7275.958958 227.463323 -3642.769557 26.863381 -2.053026
-7253.690378 -1078.749995 -7359.999734 287.048138 -3637.372674 34.570035 -3.527281
-7347.733837 -1164.966170 -7456.078326 347.237154 -3633.996805 43.513135 -4.929150
-7452.054829 -1252.441439 -7562.662968 407.727320 -3632.562072 53.493691 -6.231987
-7562.938557 -1340.354933 -7676.001536 468.161821 -3632.600294 64.300078 -7.383447
-7679.823730 -1428.492890 -7795.520828 528.281831 -3634.160835 75.810838 -8.380189
-7701.457124 -1513.177047 -7818.359676 592.880314 -3610.286298 82.157605 -8.938006
-7745.519396 -1602.294040 -7863.967617 659.504985 -3592.228819 90.168885 -9.396878
-7835.664910 -1695.438456 -7956.409850 725.758390 -3586.987724 101.072843 -9.833003
-7904.930520 -1784.862185 -8027.688375 790.179883 -3577.514059 110.742120 -10.024704
-7967.601277 -1870.766283 -8092.271941 851.752965 -3568.386535 119.870983 -9.890977
-8035.988936 -1954.563654 -8162.726928 911.227274 -3562.804304 129.561873 -9.486240
-8092.318844 -2032.719266 -8220.930498 966.439008 -3556.924842 138.214893 -8.749511
-8089.296034 -2101.571424 -8218.768387 1017.578893 -3537.378841 142.642127 -7.809896
-8426.728191 -2333.169854 -8568.351688 1217.681883 -3538.771841 203.704374 -15.752480
-8522.881692 -3002.406116 -8657.414974 1674.381416 -3527.804101 251.444769 -7.296197
-9752.107365 -3013.102176 -9917.739872 1726.531683 -3634.006975 367.518642 -5.258681
-8176.856446 -2384.744967 -8312.159885 1227.744176 -3490.589696 172.729843 -3.417176
-8183.465376 -2436.798147 -8319.661209 1263.429618 -3483.645585 176.994151 -1.534418
-8191.703558 -2485.000243 -8328.811807 1295.569084 -3478.624514 181.127480 0.357139
-8179.816826 -2529.251524 -8317.476313 1325.575595 -3467.944507 183.799335 2.098336
-8155.097877 -2570.997202 -8293.042173 1354.042124 -3453.753346 185.396510 3.670600
-8171.879901 -2614.712719 -8310.815422 1381.185251 -3453.011161 189.632141 5.282180
-8195.333188 -2656.618615 -8335.396668 1406.338135 -3454.989904 194.239174 6.770959
-8179.605266 -2699.840415 -8320.030786 1435.611779 -3441.888369 197.005666 8.241518
-8192.620592 -2746.863565 -8333.892093 1465.832640 -3438.378661 201.458700 9.444745
-8230.346247 -2796.408014 -8372.892207 1496.069282 -3442.664585 207.353145 10.404477
-8278.635110 -2847.718177 -8422.682883 1527.207391 -3449.684609 214.235779 11.155098
-15298.039814 -6882.853290 -15483.074346 4241.929350 -5399.813190 570.445160 -5.182654
-14403.845656 -5423.337458 -14670.091069 3310.643399 -4590.641783 863.492814 8.420320
-8458.861018 -3006.352983 -8607.929085 1621.046862 -3480.566780 237.256206 12.468448
-8543.982994 -3061.331951 -8695.178495 1652.517200 -3498.703534 246.907749 12.764485
-8624.595439 -3115.884069 -8777.825862 1684.042782 -3515.041260 256.431777 12.984619
-8695.876771 -3170.004044 -8850.945042 1716.056118 -3528.015180 265.563558 13.153595
-8746.399435 -3239.617029 -8902.779960 1763.746561 -3528.710209 275.556343 13.522173
-8791.653167 -3326.314804 -8949.089140 1826.845593 -3523.621532 286.898571 13.811981
-8873.443722 -3418.060080 -9032.513049 1891.441890 -3531.939823 300.542332 13.957902
-8953.572598 -3509.425368 -9114.183112 1956.221283 -3540.168862 314.477013 14.181751
-9031.593208 -3600.116210 -9193.637302 2020.914334 -3548.188854 328.622599 14.485929
-9106.561669 -3689.729033 -9269.916997 2085.317297 -3555.795920 342.927500 14.872750
-9177.624161 -3777.598008 -9342.137649 2148.826853 -3562.862843 357.209332 15.347417
-9243.748633 -3863.057732 -9409.242200 2210.943773 -3569.218437 371.326103 15.910284
-9304.774125 -3946.284411 -9471.082747 2271.978977 -3574.719862 385.377764 16.547305
-9360.267586 -4026.757045 -9527.200232 2331.340512 -3579.297467 399.168227 17.252811
-9409.342357 -4104.135219 -9576.701253 2388.921129 -3582.745407 412.672661 18.018282
-9452.112322 -4178.453280 -9619.698593 2444.665679 -3585.004803 425.851481 18.828688
-9468.601462 -4250.059531 -9635.850353 2499.910369 -3577.957837 437.424166 19.646602
-9467.419102 -4320.776167 -9633.909024 2555.788298 -3564.805067 448.140793 20.483548
-9480.211313 -4390.677900 -9646.082377 2610.690568 -3558.299722 460.068541 21.369839
-9479.029299 -4433.987367 -9643.803340 2657.954441 -3549.481056 471.606914 22.249217
-9790.016284 -4708.863950 -9958.915937 2805.066966 -3578.452610 501.607591 20.500273
-9362.029352 -4530.883528 -9522.838169 2733.228575 -3507.188307 483.109373 24.518095
-9413.726278 -4622.411185 -9574.402148 2805.930112 -3508.323280 502.130224 25.340737
-9391.953819 -4682.254054 -9551.037342 2854.986149 -3491.279481 512.112144 26.074661
-9363.232609 -4740.383308 -9520.541700 2903.120507 -3472.117667 521.719796 26.772379
-9327.898164 -4796.871944 -9483.246474 2950.157623 -3450.906123 530.837699 27.428806
-9285.013033 -4851.542519 -9438.217867 2996.162646 -3427.458675 539.462513 28.051036
-9235.532227 -4904.935504 -9386.426430 3041.394602 -3401.974770 547.618527 28.635953
-9182.558226 -4958.795810 -9331.026639 3086.919068 -3375.052377 555.572331 29.171036
-9119.418912 -5009.870846 -9265.258733 3130.835704 -3345.476828 562.733427 29.692476
-9054.503099 -5062.585514 -9197.643056 3175.943664 -3314.956630 569.923019 30.170990
-8985.519438 -5115.864080 -9125.857265 3221.546923 -3283.104333 576.890837 30.617838
-8912.649610 -5169.720960 -9050.087991 3267.633671 -3250.086463 583.635186 31.037638
-8836.585653 -5224.499793 -8971.043975 3314.449661 -3216.151739 590.241087 31.434042
-8758.962367 -5281.135974 -8890.391167 3362.671366 -3181.724661 596.932146 31.810674
-8679.618505 -5339.484010 -8807.962608 3412.113465 -3146.818191 603.644443 32.171156
-8598.566588 -5399.602961 -8723.782130 3462.931005 -3111.527442 610.462244 32.525621
-8517.571017 -5462.584564 -8639.643683 3515.941344 -3076.268207 617.668535 32.881730
-8435.879974 -5527.955788 -8554.777643 3570.696002 -3040.863703 625.116849 33.244536
-8354.300946 -5596.336088 -8470.019956 3627.905851 -3005.593662 633.111654 33.635928
-8924.011025 -6082.609285 -9045.363877 3998.373485 -3105.744482 745.056006 35.224626
-8006.898911 -5642.195199 -8113.634124 3672.106979 -2889.847742 621.345264 34.370375
-7997.440754 -5745.405067 -8102.018898 3757.672231 -2877.947700 641.619194 34.670644
-7930.881407 -5829.983138 -8032.252333 3825.979234 -2837.203717 654.786626 34.748925
-7867.684711 -5917.644489 -7965.758414 3896.328555 -2792.701838 669.877452 34.676509
-7806.031112 -6009.453054 -7900.869705 3970.905502 -2749.322332 686.486451 34.722566
-7743.230643 -6103.391845 -7834.821569 4047.362402 -2706.075921 703.673077 34.851318
-7679.493193 -6199.313449 -7767.842223 4125.825925 -2663.212565 721.603001 35.074773
-7613.368769 -6295.979440 -7698.459323 4205.081539 -2620.332020 739.834373 35.372485
-7543.274504 -6391.890737 -7625.083758 4284.013956 -2577.238837 758.038568 35.730003
-7470.017512 -6487.225625 -7548.529858 4362.521187 -2534.034639 776.162600 36.132181
-7390.683267 -6579.132376 -7465.856887 4438.165765 -2490.191737 793.375398 36.541319
-7305.109369 -6666.760281 -7376.909739 4510.134772 -2445.772946 809.406228 36.932721
-7213.610087 -6749.575533 -7282.010898 4577.762126 -2400.867315 824.006226 37.284133
-7112.555782 -6823.341789 -7177.497976 4637.216614 -2354.834810 835.821672 37.528475
-7004.362701 -6889.104427 -7065.827570 4689.338717 -2308.345307 845.160328 37.660341
-6887.453261 -6944.104946 -6945.410467 4731.407247 -2261.141070 851.011095 37.619194
-6762.078518 -6987.216243 -6816.516176 4762.440061 -2213.531838 853.046247 37.372263
-6628.968461 -7017.502525 -6679.884427 4781.186554 -2165.694226 850.753359 36.874548
-6487.270398 -7032.441678 -6534.667613 4785.385366 -2117.722743 843.348333 36.073370
-6339.854109 -7033.341378 -6383.767761 4775.925561 -2070.260610 831.097445 34.960553
-6187.329924 -7019.327173 -6227.808724 4751.996602 -2023.609709 813.718021 33.510862
-6032.190158 -6991.713374 -6069.306746 4714.639066 -1978.319134 791.555323 31.727965
-5876.194305 -6951.204602 -5910.034456 4664.363851 -1934.744343 764.778320 29.614927
-5722.206359 -6900.451282 -5752.877384 4603.681577 -1893.446871 734.305264 27.214314
-5572.396494 -6841.535034 -5600.012145 4534.410991 -1854.695074 700.780415 24.557632
-5429.762454 -6778.453400 -5454.447770 4460.366072 -1818.878288 665.603632 21.712690
-5296.488140 -6714.797255 -5318.367332 4384.987345 -1786.130173 630.046123 18.731500
-5528.288935 -7163.322932 -5549.223915 4742.475976 -1796.967617 735.270695 21.630117
-4970.313657 -6465.368545 -4986.416237 4131.407258 -1715.184240 528.127069 12.129899
-23882.181165 -15631.819816 -23982.854107 9387.001518 -7398.890023 1902.756580 74.904556
3007.025973 1969.958494 3016.422348 -3831.286139 504.581098 -2542.177818 187.777103
-4872.737117 -6656.740056 -4882.505428 4260.955261 -1676.199988 546.632904 5.004610
-4806.644119 -6638.322406 -4814.097030 4228.381691 -1659.433157 528.780895 1.157110
-4764.945470 -6676.896260 -4770.124487 4248.873246 -1642.939317 529.263705 -1.635620
-4728.605287 -6728.426671 -4731.501599 4282.458500 -1626.550798 534.874657 -4.225113
-4697.200265 -6794.398568 -4697.803181 4330.386562 -1610.038594 545.941982 -6.569129
-4667.525493 -6870.502687 -4665.815770 4388.658250 -1592.776842 561.075436 -8.668237
-4637.505745 -6954.235996 -4633.465780 4454.954749 -1574.425210 579.412529 -10.532792
-4606.262739 -7045.731670 -4599.887241 4529.574901 -1554.970691 600.974319 -12.167213
-4570.377133 -7136.720832 -4561.654378 4604.089802 -1533.574309 622.730865 -13.596066
-4530.117906 -7228.965012 -4519.059779 4680.405724 -1510.611745 645.224027 -14.825976
-4483.763309 -7318.331625 -4470.391675 4754.428696 -1485.772689 666.931797 -15.841269
-4430.619995 -7402.015653 -4414.969422 4823.182438 -1459.000179 686.660290 -16.634836
-4370.114449 -7477.260152 -4352.233138 4883.821722 -1430.288626 703.276148 -17.181973
-4302.541948 -7542.993616 -4282.491188 4935.059873 -1399.825870 716.162787 -17.461713
-4227.528879 -7596.164199 -4205.379835 4973.810008 -1367.661837 724.119740 -17.428397
-4145.732152 -7635.343366 -4121.561372 4998.335420 -1334.023734 726.370418 -17.050860
-4058.256453 -7660.271318 -4032.143203 5008.157890 -1299.296781 722.621849 -16.310190
-3966.379004 -7670.462373 -3938.397173 5002.481418 -1263.831096 712.486247 -15.186724
-3871.352854 -7665.460780 -3841.567250 4980.675256 -1228.028888 695.682234 -13.673249
-3862.174065 -8131.208910 -3831.719322 5453.375186 -1235.382068 857.797262 -20.346003
-3704.982814 -7766.604476 -3672.032490 5049.842673 -1164.998743 700.746229 -10.917561
-3619.528094 -7724.393938 -3584.819906 4989.009592 -1136.970848 668.904718 -10.040746
-3534.116395 -7699.771647 -3497.721886 4943.795416 -1106.278878 641.265520 -7.977760
-3454.004315 -7673.569910 -3415.897617 4896.128623 -1077.574815 612.396706 -5.881343
-3380.907348 -7649.856484 -3341.037232 4850.152019 -1051.271537 583.978247 -3.850767
-3314.760360 -7630.524711 -3273.070051 4807.999114 -1027.311623 556.935936 -1.973335
-3256.325855 -7618.630513 -3212.743520 4772.899611 -1005.856260 532.617307 -0.339082
-3205.457626 -7616.194344 -3159.908993 4747.087745 -986.807657 511.970107 0.987374
-3161.485397 -7622.979766 -3113.895015 4730.576530 -969.937664 495.119004 1.995242
-3123.882306 -7641.048608 -3074.187368 4725.629189 -955.096629 482.962503 2.625535
-3091.697908 -7669.141600 -3039.840728 4731.136072 -941.952178 475.150181 2.909725
-3064.219321 -7707.545189 -3010.153852 4747.410786 -930.243352 471.786017 2.849470
-3040.282692 -7755.558841 -2983.985792 4773.997367 -919.697544 472.733024 2.455522
-3170.207740 -8663.906602 -3110.944527 5604.228245 -926.347910 723.916144 -3.382264
-2551.435382 -9648.252045 -2518.894623 6469.993597 -790.626945 938.900725 -9.201489
-2981.592990 -7940.849588 -2918.568919 4898.984469 -892.235546 494.874042 -0.192319
-2963.929235 -8012.204735 -2898.703015 4951.579945 -883.737294 507.010095 -1.422164
-2946.000284 -8085.928190 -2878.621611 5007.313223 -875.276999 520.615330 -2.759624
-2927.668746 -8160.188248 -2858.181789 5064.135476 -866.701407 534.852267 -4.128055
-2908.353664 -8234.211119 -2836.824709 5121.357003 -857.928992 549.443664 -5.514080
-2887.874183 -8306.228418 -2814.368273 5177.158376 -848.870238 563.697226 -6.859447
-11720.480820 -20787.153527 -11653.744892 15641.556914 -2488.926623 2309.703031 -8.142750
2225.327728 -9483.436797 1999.430505 6069.818475 -242.848571 552.045897 -9.341371
-2817.691598 -8502.896728 -2738.722103 5328.509514 -819.622506 601.473440 -10.433549
-2791.271528 -8560.381873 -2710.647888 5371.900213 -809.136405 611.763383 -11.413381
-2763.152844 -8612.921041 -2680.970600 5411.002979 -798.296255 620.693811 -12.277508
-2733.537167 -8661.142131 -2649.892700 5446.303488 -787.114199 628.416106 -13.027150
-2525.025420 -8913.043000 -2451.555328 5739.792077 -766.088212 736.760381 -25.190123
-2608.946066 -8838.650904 -2526.755863 5615.285775 -753.775980 683.726066 -16.246074
-2594.539688 -8839.876606 -2510.167280 5601.412122 -749.000104 672.123629 -17.310244
-2556.082003 -8875.646292 -2470.992406 5627.180527 -736.497805 677.295400 -17.838576
-2516.248446 -8907.639618 -2430.575674 5649.797023 -723.764335 681.596489 -18.271379
-2475.181645 -8935.925267 -2389.057367 5669.310427 -710.831129 685.044963 -18.606740
-2433.014746 -8960.566335 -2346.567690 5685.761627 -697.721121 687.654132 -18.840191
-2390.495088 -8980.976418 -2303.804262 5698.438276 -684.504141 689.170147 -18.933859
-2347.099333 -8997.682117 -2260.286073 5708.008072 -671.187893 689.829580 -18.928169
-2303.089157 -9011.204132 -2216.263376 5714.877294 -657.768061 689.758307 -18.812385
-2258.680455 -9021.279624 -2171.937695 5718.807252 -644.289299 688.885328 -18.580542
-2214.028425 -9028.162863 -2127.457733 5720.014293 -630.783188 687.275066 -18.237227
-2169.313419 -9032.484962 -2082.997411 5719.025718 -617.269623 685.085453 -17.791150
-2124.451893 -9034.242348 -2038.479718 5715.914764 -603.762597 682.360329 -17.252501
-2079.602618 -9033.008692 -1994.048612 5710.345346 -590.299609 679.016035 -16.615680
-2034.965107 -9030.210878 -1949.902145 5703.497065 -576.896902 675.390567 -15.907164
-1990.541192 -9025.474894 -1906.037426 5695.120535 -563.574337 671.438280 -15.128642
-1946.209062 -9019.476893 -1862.348638 5685.845464 -550.332837 667.354157 -14.305581
-1902.333728 -9012.351371 -1819.171777 5675.753472 -537.205446 663.170623 -13.433765
-1858.882391 -9004.033932 -1776.475917 5664.834621 -524.219867 658.890022 -12.526970
-1815.900992 -8995.109618 -1734.307249 5653.596378 -511.382346 654.665495 -11.601347
-1773.204438 -8985.492273 -1692.494253 5642.036454 -498.693079 650.510170 -10.670288
-1730.835432 -8975.556143 -1651.078533 5630.481013 -486.156408 646.524121 -9.744673
-1688.910619 -8965.346611 -1610.165979 5618.964878 -473.790045 642.718097 -8.828262
-1647.590440 -8955.148005 -1569.904020 5607.703026 -461.611205 639.148531 -7.927233
-12485.849764 -22115.575319 -12427.184922 16897.806818 -2026.774936 2499.531432 -7.046475
2694.669212 -6406.920019 2315.994205 3342.530720 -161.576071 18.583563 -6.206875
-1526.150317 -8924.208380 -1451.993367 5575.389402 -426.180094 629.854723 -5.397842
-1486.529297 -8913.930068 -1413.661023 5565.233016 -414.741601 627.254443 -4.624413
-1447.687454 -8904.777707 -1376.137012 5556.221588 -403.495196 625.127540 -3.895476
-1408.963649 -8894.125964 -1338.797841 5546.317286 -392.433336 622.896129 -3.188630
-1370.620424 -8884.486925 -1301.902994 5537.522193 -381.537809 621.123110 -2.540305
-2013.237310 -9001.469181 -1925.699873 5680.977971 -363.293249 669.748535 -1.922585
-801.696581 -8674.921863 -803.055099 5374.047875 -373.976601 596.051579 -1.343343
-1258.692830 -8856.053628 -1194.540498 5512.908852 -349.905584 617.060782 -0.795001
-1222.199420 -8846.483267 -1159.655255 5505.060418 -339.693354 616.026057 -0.280428
-1186.190150 -8837.041740 -1125.287180 5497.503793 -329.639720 615.173856 0.205323
-1150.508478 -8827.379135 -1091.291288 5489.950279 -319.735607 614.410311 0.662530
-1115.400950 -8817.684790 -1057.886800 5482.515812 -309.986611 613.762999 1.103103
-1080.798324 -8808.040927 -1025.010717 5475.240917 -300.386446 613.227409 1.520939
-1046.483335 -8797.914913 -992.462165 5467.709944 -290.919917 612.683203 1.919769
-1012.688637 -8787.789060 -960.450509 5460.291598 -281.593218 612.234702 2.304055
-979.257395 -8777.404631 -928.832557 5452.768665 -272.397618 611.808978 2.670890
-946.150282 -8766.820609 -897.572146 5445.190912 -263.326039 611.420393 3.018903
-913.462986 -8755.929707 -866.751251 5437.453166 -254.381964 611.034033 3.357233
-881.168020 -8744.846602 -836.345405 5429.635003 -245.563732 610.664883 3.681110
-849.331055 -8733.634257 -806.411311 5421.771135 -236.872392 610.319144 3.993102
-817.765602 -8721.941773 -776.780213 5413.588304 -228.299756 609.914979 4.291085
-786.346075 -8709.820148 -747.341312 5405.148771 -219.839270 609.475827 4.567030
-755.600171 -8697.921292 -718.562297 5396.925865 -211.513848 609.134331 4.834938
-725.061000 -8685.449778 -690.025423 5388.292723 -203.304497 608.698924 5.082425
-694.871279 -8672.735489 -661.856993 5379.541095 -195.215677 608.270403 5.311364
-665.155906 -8660.059116 -634.167552 5370.872890 -187.253033 607.900947 5.519406
-635.443968 -8646.665081 -606.538546 5361.713429 -179.397909 607.425620 5.695137
-606.254673 -8633.201248 -579.427255 5352.569806 -171.673645 606.998408 5.856694
-577.395937 -8619.389005 -552.663240 5343.189715 -164.072858 606.527399 5.996411
-548.915107 -8605.628031 -526.290071 5333.889971 -156.597751 606.105230 6.106953
-520.572216 -8591.146889 -500.091610 5324.061148 -149.238415 605.553303 6.193739
-492.738557 -8576.665231 -474.395379 5314.258534 -142.013711 605.028439 6.263685
-465.417264 -8562.376627 -449.204984 5304.585802 -134.924924 604.539492 6.309340
-437.993133 -8546.512585 -423.972354 5293.674533 -127.949043 603.694468 6.338949
-411.200350 -8531.276227 -399.350064 5283.262152 -121.122640 602.996996 6.344959
-384.858981 -8515.859659 -375.174853 5272.638679 -114.434341 602.214182 6.333106
-358.560399 -8499.690884 -351.088808 5261.386501 -107.869663 601.232416 6.293190
-332.549988 -8483.465308 -327.307918 5250.065715 -101.440659 600.219145 6.225386
-307.385078 -8467.515152 -304.311769 5238.873202 -95.164582 599.207230 6.161109
-68.595647 -9156.119945 -88.748506 5881.553678 -9.065672 840.023364 22.953854
96.968955 -8190.533281 59.044334 4787.309007 -12.677426 334.204937 -16.496945
-233.149041 -8417.693696 -236.716695 5203.218357 -77.104464 595.325117 5.832229
-208.998763 -8400.796726 -214.798105 5190.947664 -71.344748 593.843478 5.688581
-185.328900 -8383.880646 -193.340733 5178.552849 -65.716837 592.274317 5.541616
-161.898476 -8366.706450 -172.136058 5165.843079 -60.210984 590.560048 5.382471
-138.933185 -8349.762045 -151.378039 5153.199733 -54.832194 588.809449 5.217584
-116.250192 -8332.222866 -130.901899 5140.647510 -49.525616 587.365373 5.000213
-94.192352 -8312.659843 -110.974708 5130.540876 -44.068321 588.625778 4.507827
-72.418430 -8293.029201 -91.331695 5120.227298 -38.739216 589.736710 4.016609
-51.252408 -8273.874798 -72.249031 5110.115559 -33.541779 590.806707 3.539229
-30.284312 -8254.433210 -53.373758 5099.609599 -28.462158 591.668932 3.065400
-9.517633 -8234.856165 -34.708073 5088.860481 -23.498953 592.379041 2.593824
95.221414 -7401.942893 2.423345 4584.333156 -126.725191 593.146212 2.139489
51.568864 -8658.855670 35.067037 5340.629664 41.094330 593.355762 1.668129
50.185192 -8177.546092 18.860974 5056.848926 -9.296884 594.050418 1.255944
69.538517 -8158.280909 36.181566 5045.712125 -4.772377 594.287622 0.828597
88.399313 -8139.456404 53.052784 5034.819677 -0.351166 594.524002 0.417970
106.853859 -8120.882307 69.547936 5023.985896 3.972792 594.695214 0.021611
125.054503 -8102.246106 85.797486 5012.986779 8.203846 594.748033 -0.364650
142.777634 -8084.067760 101.613649 5002.225677 12.344676 594.793327 -0.734743
160.246227 -8065.863212 117.185685 4991.338661 16.399349 594.738326 -1.095313
177.350249 -8047.832211 132.422777 4980.498695 20.370791 594.636168 -1.441777
193.929417 -8030.461167 147.190456 4970.063029 24.264350 594.579612 -1.772261
210.398567 -8012.703767 161.838865 4959.264873 28.080080 594.378831 -2.097191
226.386972 -7995.502354 176.058737 4948.835317 31.824519 594.231170 -2.406868
242.057545 -7978.504353 189.986684 4938.503305 35.499741 594.068184 -2.707407
257.425074 -7961.622554 203.636919 4928.226562 39.108347 593.887751 -2.998335
272.543174 -7944.813210 217.054938 4917.992093 42.652138 593.696924 -3.283046
287.202924 -7928.558261 230.067720 4908.165048 46.138219 593.591718 -3.555090
301.583215 -7912.454448 242.824484 4898.453620 49.566178 593.505217 -3.820947
315.715022 -7896.443143 255.352503 4888.842415 52.938133 593.445487 -4.082073
329.461799 -7880.806864 267.539851 4879.554443 56.260322 593.473456 -4.333559
342.905008 -7865.448594 279.454189 4870.524708 59.534302 593.580161 -4.580003
356.181911 -7850.044654 291.209846 4861.533944 62.757619 593.720922 -4.825739
369.084421 -7835.056232 302.636443 4852.917423 65.938534 593.974292 -5.061480
381.679600 -7820.239712 313.789052 4844.480436 69.074019 594.285959 -5.286700
394.096116 -7805.379856 324.773794 4836.059536 72.159790 594.615585 -5.505609
406.171125 -7790.778849 335.457827 4827.865237 75.200386 595.005773 -5.710066
417.897959 -7776.408593 345.835511 4819.857063 78.194736 595.437282 -5.898431
429.273726 -7762.299642 355.904875 4812.044301 81.142859 595.906437 -6.070550
440.591157 -7747.857031 365.905030 4804.003004 84.031150 596.319581 -6.238929
451.493905 -7733.865883 375.547543 4796.295243 86.876683 596.798770 -6.389738
462.177639 -7719.884426 384.990582 4788.590535 89.669246 597.265291 -6.531077
472.909429 -7705.374195 394.452107 4780.523430 92.395868 597.646360 -6.674994
482.784563 -7692.509530 403.201237 4773.607857 95.110934 598.260020 -6.786314
492.788485 -7678.785001 412.031011 4766.067546 97.751696 598.720602 -6.902444
503.315211 -7661.841548 421.265456 4756.365006 100.267128 598.687307 -7.029576
511.774216 -7653.705382 428.825516 4752.657037 102.953885 599.966356 -7.104151
521.335940 -7639.274463 437.229003 4744.596897 105.417286 600.279059 -7.204224
530.407679 -7626.451427 445.236796 4737.672204 107.890013 600.815879 -7.289007
539.372966 -7613.460271 453.140392 4730.621106 110.311616 601.309713 -7.369976
548.149352 -7600.630127 460.876213 4723.673671 112.693548 601.809342 -7.444417
556.617920 -7588.391400 468.349421 4717.112473 115.049099 602.371878 -7.507848
565.115571 -7575.405138 475.827106 4710.037948 117.338983 602.809515 -7.571800
573.295103 -7563.173507 483.038150 4703.463129 119.611519 603.331407 -7.624787
581.281187 -7551.075733 490.077723 4696.960056 121.846083 603.848232 -7.670547
589.185420 -7538.869799 497.036155 4690.370647 124.036174 604.330931 -7.713844
596.905955 -7526.841617 503.834231 4683.889932 126.192761 604.815883 -7.750946
604.417057 -7515.097800 510.451454 4677.582883 128.319657 605.314666 -7.780798
611.764551 -7503.497495 516.923950 4671.354341 130.412487 605.809103 -7.805222
619.015026 -7491.858177 523.304981 4665.085708 132.465644 606.277493 -7.827085
626.077457 -7480.445412 529.524027 4658.953894 134.489807 606.751189 -7.843002
632.975289 -7469.237454 535.599344 4652.939853 136.484198 607.227401 -7.853762
639.956540 -7457.462646 541.725224 4646.541304 138.420231 607.616227 -7.869586
646.411493 -7446.993922 547.427925 4640.986406 140.371312 608.134506 -7.866435
652.934253 -7436.021144 553.166049 4635.075295 142.265037 608.571558 -7.866794
659.288140 -7425.245676 558.760242 4629.283905 144.132590 609.009631 -7.862709
665.504052 -7414.643683 564.233877 4623.588440 145.972468 609.445227 -7.854873
671.613186 -7404.068399 569.610995 4617.895400 147.779255 609.861418 -7.844784
677.557449 -7393.735704 574.847478 4612.344284 149.562441 610.282229 -7.830175
683.406722 -7383.364630 579.999281 4606.718486 151.312459 610.669597 -7.813288
689.106252 -7373.511089 585.019144 4601.505503 153.045242 611.129043 -7.791080
694.656874 -7363.502771 589.912567 4596.089696 154.746011 611.499408 -7.769235
700.187990 -7353.398504 594.778030 4590.624864 156.407900 611.859167 -7.746726
705.510102 -7343.772218 599.472070 4585.452679 158.059460 612.249087 -7.718228
710.740587 -7334.165376 604.082416 4580.276758 159.680237 612.619957 -7.688238
715.886618 -7324.579343 608.616052 4575.100770 161.271227 612.972293 -7.657481
720.889945 -7315.237649 613.029043 4570.066507 162.842815 613.329590 -7.623489
725.765225 -7306.063391 617.331920 4565.124244 164.391725 613.683652 -7.586814
730.560453 -7296.918069 621.561847 4560.186399 165.912234 614.020985 -7.549448
735.264802 -7287.842548 625.711247 4555.280232 167.406689 614.345722 -7.511235
739.854845 -7278.926592 629.762501 4550.462074 168.879511 614.667031 -7.471152
744.324606 -7270.185196 633.710916 4545.741219 170.331667 614.986663 -7.428907
748.710554 -7261.510271 637.584421 4541.049237 171.758552 615.294515 -7.385896
752.992847 -7252.965152 641.368422 4536.427122 173.163563 615.596666 -7.341565
757.189286 -7244.494645 645.076466 4531.839895 174.544362 615.887950 -7.296610
-21792.855093 -15735.898603 -21683.382064 10582.498259 -8020.482471 873.830782 -194.405728
868.269330 -7199.012335 740.870508 4444.771291 196.948466 562.083349 -11.724011
769.183734 -7219.878331 655.687168 4518.507491 178.561795 616.733652 -7.154570
772.997106 -7211.889407 659.063566 4514.176842 179.858013 617.002003 -7.105577
776.719936 -7204.027709 662.361667 4509.914363 181.134380 617.265948 -7.055666
780.384064 -7196.144676 665.605026 4505.628983 182.383536 617.511258 -7.006668
783.940811 -7188.496385 668.758658 4501.478560 183.619096 617.763075 -6.955820
787.411501 -7180.936480 671.837195 4497.373677 184.833584 618.007704 -6.904424
786.653127 -7203.011516 671.936392 4511.195814 187.664870 621.240647 -6.478897
795.122946 -7154.151484 678.356667 4482.144795 186.554735 617.454632 -6.876900
798.110310 -7154.270708 681.223138 4482.605014 188.121318 618.226605 -6.820023
800.166467 -7151.544422 683.212236 4481.437242 189.485280 618.859833 -6.712109
804.153705 -7140.288301 686.600336 4475.017987 190.375089 618.702545 -6.701606
807.073492 -7134.252848 689.226288 4471.793787 191.521858 618.994817 -6.644807
809.996610 -7127.450955 691.827707 4468.093966 192.601432 619.210249 -6.590395
812.825783 -7120.850904 694.351142 4464.509986 193.669112 619.430262 -6.534783
815.563998 -7114.474588 696.798900 4461.053510 194.727115 619.658281 -6.477023
818.354161 -7107.533796 699.272820 4457.249525 195.730537 619.821785 -6.427441
820.914353 -7101.521493 701.572961 4454.001020 196.763645 620.054363 -6.368471
823.464497 -7095.261203 703.853506 4450.595148 197.761408 620.254397 -6.312013
825.959211 -7089.046739 706.085079 4447.211170 198.740051 620.445674 -6.256633
828.386281 -7082.970847 708.259188 4443.903770 199.705548 620.637272 -6.200727
830.739561 -7076.998510 710.370253 4440.653861 200.655686 620.826413 -6.144614
-35020.416471 -97084.087899 -35356.841177 80175.626849 2784.916629 13584.571637 -1681.915948
969.358911 -6868.420736 821.262611 4200.378414 195.285693 531.075770 -29.774487
837.460140 -7059.486856 716.405444 4431.113500 203.406480 621.362773 -5.977906
839.572997 -7053.845008 718.307948 4428.040390 204.294474 621.536853 -5.922212
841.676645 -7028.357944 720.209625 4418.085376 205.163163 621.701163 -5.867516
843.623971 -7056.810824 721.946251 4426.842721 206.020653 621.867243 -5.812309
845.567405 -7037.419528 723.717447 4419.091294 206.871079 622.041037 -5.755481
847.490124 -7031.914800 725.449217 4416.081766 207.689824 622.187337 -5.702496
849.324855 -7026.700206 727.111306 4413.240822 208.507130 622.347956 -5.647406
851.115956 -7021.435284 728.731447 4410.356218 209.303917 622.497102 -5.593663
852.863959 -7016.395268 730.317348 4407.627171 210.092115 622.650104 -5.539115
854.535713 -7011.353457 731.838266 4404.871145 210.866531 622.800327 -5.484713
856.189566 -7006.305624 733.339080 4402.113051 211.621234 622.938929 -5.431939
857.772891 -7001.445793 734.782534 4399.463157 212.369769 623.084272 -5.378062
859.323657 -6996.579406 736.195073 4396.805307 213.100783 623.220907 -5.325239
860.823325 -6991.804240 737.564072 4394.198372 213.820188 623.356715 -5.272571
862.277714 -6987.104463 738.893847 4391.632400 214.527628 623.490723 -5.220003
1623.061584 -7619.086354 1430.227076 5475.897925 210.087639 868.881338 -5.167772
891.201551 -7122.543332 761.886787 4530.464769 216.870070 663.785311 -5.115341
866.386512 -6973.394060 742.661390 4384.144510 216.576749 623.878490 -5.063825
867.671436 -6968.960578 743.843843 4381.723298 217.236494 624.003943 -5.012301
868.921848 -6964.559035 744.995218 4379.318117 217.882713 624.124909 -4.961488
870.130388 -6960.237499 746.110721 4376.957377 218.518694 624.245273 -4.910792
871.296605 -6956.003594 747.190174 4374.645277 219.145395 624.365769 -4.859930
872.426919 -6951.801540 748.237628 4372.350015 219.759013 624.482221 -4.809839
873.521606 -6947.681741 749.254468 4370.099328 220.363740 624.598334 -4.759604
874.581063 -6943.602083 750.240162 4367.870463 220.956436 624.711376 -4.710009
875.606401 -6939.577080 751.195991 4365.671297 221.538410 624.822370 -4.660842
876.593338 -6935.643498 752.119366 4363.522911 222.112613 624.934225 -4.611414
877.550252 -6931.734328 753.015609 4361.386996 222.674473 625.042036 -4.562799
878.478666 -6927.866578 753.886409 4359.272835 223.225469 625.147015 -4.514764
879.369459 -6924.085081 754.725473 4357.207203 223.768763 625.252902 -4.466640
880.232120 -6920.342511 755.539401 4355.162168 224.301558 625.356185 -4.418986
881.057744 -6916.688207 756.322237 4353.166974 224.827265 625.460768 -4.371174
881.862100 -6913.043080 757.084907 4351.174932 225.340917 625.560638 -4.324240
882.636895 -6909.454756 757.821927 4349.214280 225.845682 625.659484 -4.277670
889.513951 -6871.915078 762.690944 4327.425986 223.949580 623.159559 -4.774981
885.312845 -6900.128652 760.161709 4343.899867 226.584424 625.561099 -4.295374
886.074612 -6892.956259 760.772112 4339.929814 226.834927 625.449412 -4.252601
886.800305 -6889.326170 761.453913 4337.934297 227.280384 625.522762 -4.212287
887.503308 -6885.734796 762.115298 4335.959440 227.716573 625.594156 -4.172490
888.185405 -6882.172753 762.757526 4333.999906 228.142987 625.663002 -4.133358
888.840014 -6878.676662 763.376209 4332.077233 228.562318 625.732153 -4.094354
889.464259 -6875.294586 763.970204 4330.217294 228.979031 625.804648 -4.054260
890.103405 -6871.678371 764.567760 4328.223416 229.366502 625.856450 -4.019534
890.671706 -6868.452981 765.114828 4326.451689 229.771198 625.931337 -3.979715
891.235933 -6865.137962 765.653559 4324.627059 230.159277 625.996114 -3.941699
891.787025 -6861.821794 766.179018 4322.800681 230.536142 626.056606 -3.905072
892.306464 -6858.635129 766.679431 4321.047018 230.912057 626.122131 -3.867337
892.816723 -6855.410655 767.168855 4319.271303 231.274699 626.181384 -3.831267
893.299632 -6852.295948 767.636328 4317.556975 231.635237 626.244292 -3.794449
893.767924 -6849.159224 768.088917 4315.825535 231.984909 626.300557 -3.758830
894.225109 -6846.098402 768.531289 4314.148910 232.326494 626.364466 -3.724171
894.655906 -6843.057144 768.951492 4312.469623 232.663895 626.418262 -3.688682
895.069131 -6840.083364 769.356125 4310.832453 232.994912 626.476173 -3.653721
895.464715 -6837.149741 769.745056 4309.217546 233.319174 626.533308 -3.619148
895.844386 -6834.254381 770.119680 4307.623170 233.636859 626.589393 -3.584896
895.298278 -6841.126356 769.991014 4311.328966 234.786233 627.218147 -3.327665
896.708418 -6825.620048 770.874845 4302.899315 234.036798 626.543257 -3.559650
897.066425 -6824.085004 771.261099 4302.036857 234.404625 626.654639 -3.527479
897.380446 -6821.407709 771.578360 4300.559513 234.701608 626.710529 -3.492959
897.686574 -6818.715151 771.886697 4299.073114 234.988720 626.762485 -3.459714
897.972859 -6816.117777 772.179346 4297.638919 235.275081 626.817437 -3.425586
898.245940 -6813.552564 772.460092 4296.222014 235.555996 626.871569 -3.391609
898.512137 -6810.945336 772.732172 4294.783166 235.824732 626.920983 -3.359781
898.761236 -6808.435601 772.990962 4293.396605 236.093630 626.973073 -3.326819
898.994412 -6805.973015 773.236157 4292.036407 236.358560 627.025640 -3.293772
899.217138 -6803.526976 773.471415 4290.685159 236.617111 627.076614 -3.261305
899.429875 -6801.106676 773.697378 4289.347465 236.870204 627.126373 -3.229217
899.634372 -6798.694023 773.915011 4288.013790 237.116329 627.174059 -3.197956
899.822633 -6796.354896 774.119614 4286.720680 237.361055 627.223762 -3.166170
900.001811 -6794.029616 774.315426 4285.435133 237.599699 627.271939 -3.134973
900.169696 -6791.744990 774.501400 4284.171726 237.834537 627.320107 -3.103865
900.326656 -6789.497055 774.677762 4282.928260 238.065423 627.368060 -3.072864
900.476628 -6787.255662 774.846914 4281.688272 238.289876 627.414118 -3.042636
900.611807 -6785.083488 775.004257 4280.486609 238.513183 627.462160 -3.011929
900.743366 -6782.901094 775.156717 4279.278528 238.729128 627.507114 -2.982155
900.863531 -6780.765050 775.299562 4278.096190 238.942173 627.552752 -2.952406
900.973337 -6778.671268 775.433548 4276.936845 239.152368 627.598676 -2.922562
901.078466 -6776.573715 775.562049 4275.775360 239.355832 627.642297 -2.893652
901.172238 -6774.532561 775.681323 4274.644702 239.557742 627.687094 -2.864420
901.258571 -6772.513821 775.793644 4273.526186 239.755463 627.731136 -2.835477
901.337215 -6770.518325 775.898861 4272.420696 239.948984 627.774680 -2.806933
901.408224 -6768.556167 775.997312 4271.333021 240.139465 627.818002 -2.778424
901.471336 -6766.622267 776.088682 4270.261053 240.326447 627.861144 -2.750145
901.528827 -6764.705042 776.174510 4269.198015 240.509109 627.903280 -2.722284
901.578545 -6762.821858 776.253561 4268.153619 240.688989 627.945510 -2.694496
901.622159 -6760.959732 776.326851 4267.120729 240.865106 627.987115 -2.667027
901.657615 -6759.137758 776.393274 4266.109773 241.039213 628.029186 -2.639451
901.689303 -6757.319334 776.455389 4265.100812 241.208225 628.069726 -2.612564
901.713119 -6755.545117 776.511025 4264.115758 241.375788 628.110891 -2.585447
901.732382 -6753.780560 776.561933 4263.136341 241.538926 628.151062 -2.558906
901.745799 -6752.045522 776.607634 4262.172859 241.699514 628.191113 -2.532447
901.284650 -6755.997150 776.427633 4264.128658 242.402165 628.459161 -2.342970
901.837843 -6747.081972 776.708293 4259.479092 241.883397 628.208582 -2.511972
901.840913 -6745.972472 776.758077 4258.845044 242.066707 628.272741 -2.485505
901.830355 -6744.380230 776.783048 4257.958116 242.219597 628.313122 -2.458527
901.817269 -6742.793156 776.804924 4257.074507 242.368034 628.352326 -2.432309
901.796330 -6741.257469 776.820725 4256.218978 242.516330 628.392718 -2.405673
901.773590 -6739.718650 776.833819 4255.361939 242.659771 628.431457 -2.379811
901.744409 -6738.221779 776.841744 4254.527557 242.802414 628.470866 -2.353691
901.713647 -6736.723426 776.847215 4253.692373 242.940511 628.508735 -2.328266
901.676155 -6735.270303 776.847416 4252.881734 243.078272 628.547586 -2.302490
901.634599 -6733.840621 776.843908 4252.083643 243.213994 628.586215 -2.276744
901.591510 -6732.410719 776.838085 4251.285795 243.345471 628.623653 -2.251697
901.544081 -6731.010055 776.828538 4250.503607 243.475517 628.661243 -2.226566
901.492133 -6729.637985 776.815142 4249.736998 243.604199 628.699046 -2.201354
901.437815 -6728.274915 776.799095 4248.975778 243.729739 628.736217 -2.176599
902.688111 -6715.541763 777.506310 4242.111679 242.793635 628.205126 -2.437377
901.601350 -6724.056513 776.935925 4246.636236 243.795023 628.721546 -2.185128
-288.535648 -4956.044167 -155.783630 2014.257736 311.089015 -272.368904 243.643480
904.039879 -6682.660221 779.470618 4197.305646 247.197870 609.643011 1.381836
901.428799 -6719.449292 776.852471 4244.084023 244.091247 628.791742 -2.118699
901.372556 -6718.099332 776.828753 4243.330380 244.193018 628.821115 -2.097920
901.315780 -6716.753883 776.803779 4242.578959 244.291530 628.849345 -2.077649
901.247802 -6715.505255 776.771657 4241.879543 244.395497 628.881123 -2.055577
901.183533 -6714.216375 776.740463 4241.158910 244.492361 628.909886 -2.035038
901.116733 -6712.952409 776.707048 4240.451843 244.587982 628.938795 -2.014570
901.046595 -6711.719737 776.670975 4239.761536 244.683211 628.968052 -1.993860
900.976386 -6710.483089 776.633872 4239.069963 244.774673 628.996387 -1.973930
900.902477 -6709.285352 776.594070 4238.398916 244.866581 629.025308 -1.953521
900.827625 -6708.094056 776.552873 4237.731811 244.955907 629.053644 -1.933522
900.750694 -6706.921728 776.509740 4237.075269 245.043826 629.081972 -1.913646
900.672203 -6705.765530 776.465022 4236.427469 245.130202 629.110010 -1.893885
900.593911 -6704.603497 776.419509 4235.777664 245.212828 629.137222 -1.874988
900.510979 -6703.497287 776.371107 4235.156309 245.297966 629.165294 -1.854940
900.427151 -6702.395240 776.321362 4234.538062 245.380556 629.192911 -1.835384
900.343721 -6701.290663 776.271111 4233.919132 245.459918 629.219684 -1.816525
900.257692 -6700.216638 776.218921 4233.316410 245.539355 629.246795 -1.797372
900.171158 -6699.149953 776.165815 4232.717987 245.616705 629.273401 -1.778555
900.083198 -6698.099682 776.111330 4232.128832 245.692812 629.300012 -1.759890
899.994111 -6697.066283 776.055726 4231.548673 245.767866 629.326399 -1.741246
899.904828 -6696.037335 775.999404 4230.971554 245.840620 629.352331 -1.723067
899.812903 -6695.041362 775.941245 4230.411797 245.913970 629.378694 -1.704454
899.721700 -6694.040563 775.882857 4229.850259 245.984234 629.404255 -1.686536
899.628574 -6693.066452 775.823046 4229.302844 246.054543 629.430034 -1.668369
899.535052 -6692.100713 775.762518 4228.760328 246.123162 629.455461 -1.650483
899.440698 -6691.149531 775.701111 4228.225826 246.190720 629.480745 -1.632703
899.344979 -6690.211427 775.638276 4227.698425 246.257204 629.505930 -1.615035
899.250622 -6689.288059 775.576451 4227.179667 246.322418 629.530843 -1.597543
899.153248 -6688.379482 775.512099 4226.668483 246.387124 629.555747 -1.580006
699.399472 -6435.721196 596.162173 4606.192311 185.840750 1088.907088 43.887694
897.089076 -6686.869086 773.779967 4227.543309 246.188618 631.524135 -1.330088
898.861409 -6685.719431 775.317406 4225.172568 246.573444 629.629169 -1.528616
899.408339 -6678.175209 775.568928 4221.272911 245.957895 629.425177 -1.716343
898.805927 -6682.955671 775.263694 4223.668416 246.567821 629.639467 -1.536417
898.708616 -6681.871335 775.191074 4223.070714 246.609806 629.651631 -1.520746
898.617248 -6680.985805 775.127714 4222.574783 246.659657 629.672432 -1.506301
898.525019 -6680.120284 775.063702 4222.089415 246.709391 629.693247 -1.491707
898.433073 -6679.260917 774.999557 4221.607839 246.757640 629.713776 -1.477420
898.340644 -6678.417916 774.934973 4221.135004 246.805480 629.734238 -1.463087
898.248469 -6677.581718 774.870269 4220.666268 246.851967 629.754439 -1.449030
898.156422 -6676.754334 774.805414 4220.202624 246.897321 629.774441 -1.435190
898.063694 -6675.945965 774.740068 4219.748934 246.942657 629.794412 -1.421173
897.971579 -6675.140845 774.674812 4219.297485 246.986386 629.814007 -1.407515
897.879174 -6674.349231 774.609236 4218.853574 247.029541 629.833600 -1.393929
897.786820 -6673.569437 774.543565 4218.416167 247.072000 629.852984 -1.380430
897.694978 -6672.794743 774.477978 4217.982172 247.113059 629.872140 -1.367291
897.602434 -6672.040791 774.411967 4217.558931 247.154401 629.891287 -1.353908
897.510801 -6671.287389 774.346232 4217.136566 247.193970 629.910007 -1.340970
897.418767 -6670.550909 774.280216 4216.723044 247.233477 629.928667 -1.327909
897.327354 -6669.819270 774.214382 4216.312352 247.271734 629.946962 -1.315100
897.236318 -6669.095179 774.148624 4215.905970 247.309019 629.965049 -1.302483
897.145235 -6668.384033 774.082775 4215.506483 247.345944 629.983023 -1.289841
897.054285 -6667.683358 774.016916 4215.112743 247.382292 630.000864 -1.277260
896.964319 -6666.983582 773.951446 4214.720061 247.417085 630.018369 -1.265070
896.873922 -6666.301032 773.885735 4214.336546 247.452037 630.035956 -1.252727
896.783880 -6665.626604 773.820145 4213.957590 247.486268 630.053345 -1.240497
896.693933 -6664.960943 773.754480 4213.583396 247.519886 630.070542 -1.228376
896.605217 -6664.300912 773.689584 4213.213124 247.552408 630.087700 -1.216507
896.515364 -6663.658774 773.623966 4212.851672 247.585448 630.104707 -1.204383
896.427038 -6663.014008 773.559086 4212.489660 247.616667 630.121363 -1.192765
896.339082 -6662.377861 773.494385 4212.132476 247.647288 630.137888 -1.181272
896.251000 -6661.756126 773.429646 4211.782749 247.677992 630.154323 -1.169633
896.163718 -6661.137438 773.365277 4211.435102 247.707592 630.170516 -1.158279
896.075084 -6660.547748 773.300347 4211.102171 247.738848 630.186969 -1.146286
895.989632 -6659.932731 773.236848 4210.757599 247.766048 630.202666 -1.135597
895.903720 -6659.337716 773.173231 4210.423372 247.793933 630.218463 -1.124618
895.817722 -6658.756651 773.109626 4210.096507 247.821956 630.234210 -1.113513
895.732677 -6658.177175 773.046491 4209.771041 247.848808 630.249717 -1.102743
895.648096 -6657.605917 772.983638 4209.450060 247.875205 630.265052 -1.092047
895.563537 -6657.047493 772.920860 4209.135853 247.901665 630.280333 -1.081261
895.479894 -6656.491583 772.858562 4208.823295 247.927126 630.295320 -1.070724
895.396398 -6655.946982 772.796404 4208.516805 247.952518 630.310264 -1.060155
895.313931 -6655.403118 772.734772 4208.211215 247.976748 630.324961 -1.049917
895.231329 -6654.874662 772.673186 4207.913460 248.001408 630.339587 -1.039441
895.149771 -6654.346105 772.612128 4207.616295 248.024859 630.354014 -1.029335
895.068667 -6653.825279 772.551367 4207.323420 248.047942 630.368341 -1.019302
894.987838 -6653.314763 772.490841 4207.035873 248.070985 630.382502 -1.009189
894.907786 -6652.807194 772.430738 4206.750463 248.093190 630.396575 -0.999343
894.828066 -6652.309044 772.370900 4206.470001 248.115285 630.410505 -0.989460
894.749058 -6651.814997 772.311476 4206.192068 248.136714 630.424287 -0.979762
894.670556 -6651.327654 772.252385 4205.917912 248.157765 630.437965 -0.970155
894.592240 -6650.851283 772.193503 4205.649421 248.178934 630.451520 -0.960436
894.514914 -6650.375414 772.135162 4205.381746 248.199098 630.464899 -0.951035
894.437847 -6649.909450 772.077066 4205.119313 248.219280 630.478200 -0.941585
894.361431 -6649.448268 772.019375 4204.859672 248.238954 630.491355 -0.932270
894.285812 -6648.990057 771.962158 4204.601997 248.257928 630.504370 -0.923171
894.210362 -6648.542876 771.905157 4204.349992 248.277100 630.517278 -0.913946
894.135692 -6648.098733 771.848624 4204.099900 248.295624 630.530010 -0.904905
894.061476 -6647.661651 771.792425 4203.853695 248.313938 630.542653 -0.895910
893.988040 -6647.227611 771.736701 4203.609415 248.331626 630.555139 -0.887099
893.915108 -6646.799885 771.681335 4203.368666 248.349051 630.567542 -0.878356
893.842394 -6646.382118 771.626211 4203.132936 248.366651 630.579798 -0.869477
893.770764 -6645.962747 771.571676 4202.897067 248.383160 630.591942 -0.860982
893.699505 -6645.551759 771.517467 4202.665551 248.399681 630.603950 -0.852434
893.628610 -6645.148455 771.463564 4202.438219 248.416153 630.615898 -0.843889
893.558515 -6644.747466 771.410150 4202.212417 248.432010 630.627687 -0.835527
893.488730 -6644.354963 771.357030 4201.991124 248.447928 630.639408 -0.827127
893.419989 -6643.961486 771.304504 4201.769992 248.462878 630.651026 -0.819085
893.351345 -6643.580094 771.252211 4201.554816 248.478314 630.662475 -0.810806
893.283443 -6643.201498 771.200391 4201.341508 248.493224 630.673826 -0.802716
893.216205 -6642.827014 771.149022 4201.130605 248.507758 630.685061 -0.794750
893.149417 -6642.459257 771.098014 4200.923274 248.522219 630.696176 -0.786785
893.083320 -6642.094929 771.047462 4200.717987 248.536259 630.707166 -0.778956
893.017844 -6641.734895 770.997339 4200.515135 248.549982 630.718038 -0.771221
892.952887 -6641.380401 770.947604 4200.315248 248.563543 630.728781 -0.763513
892.888468 -6641.030929 770.898261 4200.118135 248.576897 630.739424 -0.755861
892.824723 -6640.684814 770.849372 4199.922967 248.589877 630.749935 -0.748320
892.761399 -6640.345210 770.800835 4199.731179 248.602844 630.760316 -0.740749
892.698817 -6640.007500 770.752771 4199.540757 248.615298 630.770616 -0.733365
892.636754 -6639.674678 770.705093 4199.353027 248.627580 630.780819 -0.726025
892.575325 -6639.344922 770.657844 4199.167213 248.639498 630.790956 -0.718819
892.514167 -6639.023398 770.610889 4198.985506 248.651646 630.800940 -0.711482
892.453801 -6638.703035 770.564438 4198.804959 248.663226 630.810887 -0.704387
892.393923 -6638.387606 770.518361 4198.627121 248.674665 630.820727 -0.697347
892.334747 -6638.076034 770.472797 4198.451675 248.685858 630.830563 -0.690406
892.275889 -6637.770095 770.427496 4198.278981 248.697024 630.840154 -0.683445
892.217641 -6637.468121 770.382639 4198.099970 248.707446 630.842539 -0.677250
892.160042 -6637.168761 770.338219 4197.939624 248.718592 630.859074 -0.669764
892.102896 -6636.874576 770.294161 4197.773450 248.729151 630.868372 -0.662981
892.046388 -6636.582868 770.250534 4197.608797 248.739370 630.877581 -0.656317
891.990369 -6636.295505 770.207280 4197.446523 248.749468 630.886705 -0.649688
891.934966 -6636.010801 770.164450 4197.285812 248.759269 630.895718 -0.643154
891.880017 -6635.730629 770.121979 4197.127601 248.768989 630.904667 -0.636652
891.825537 -6635.454759 770.079872 4196.971731 248.778614 630.913524 -0.630176
891.771731 -6635.180349 770.038208 4196.816935 248.787834 630.922305 -0.623857
891.718295 -6634.911438 769.996872 4196.665005 248.797108 630.930987 -0.617509
891.665297 -6634.646991 769.955887 4196.515478 248.806331 630.939579 -0.611175
891.613154 -6634.381286 769.915414 4196.365883 248.814860 630.948158 -0.605139
891.561154 -6634.124100 769.875181 4196.220370 248.823809 630.956563 -0.598903
891.509826 -6633.867607 769.835378 4196.075573 248.832306 630.964902 -0.592852
891.458956 -6633.615076 769.795931 4195.932894 248.840724 630.973138 -0.586824
891.408557 -6633.366169 769.756845 4195.792216 248.849032 630.981304 -0.580836
891.358811 -6633.118577 769.718195 4195.652538 248.856977 630.989425 -0.575000
891.309531 -6632.874913 769.679913 4195.515005 248.864856 630.997471 -0.569190
891.260741 -6632.634648 769.642006 4195.379397 248.872619 631.005454 -0.563432
891.212376 -6632.396549 769.604390 4195.244790 248.880232 631.013274 -0.557641
891.165078 -6632.158752 769.567498 4195.110409 248.887340 631.020766 -0.552052
891.118254 -6631.924206 769.530967 4194.977857 248.894326 631.028187 -0.546517
891.071889 -6631.692938 769.494786 4194.847154 248.901203 631.035542 -0.541033
891.025967 -6631.465002 769.458947 4194.718332 248.907981 631.042840 -0.535600
890.980475 -6631.240450 769.423444 4194.591423 248.914672 631.050086 -0.530213
890.935397 -6631.019337 769.388266 4194.466459 248.921289 631.057289 -0.524872
890.890718 -6630.801716 769.353407 4194.343471 248.927844 631.064454 -0.519573
890.846425 -6630.587640 769.318858 4194.222492 248.934349 631.071590 -0.514316
890.802501 -6630.377162 769.284610 4194.103552 248.940814 631.078703 -0.509097
890.758933 -6630.170337 769.250657 4193.986685 248.947254 631.085800 -0.503914
890.715705 -6629.967218 769.216989 4193.871921 248.953679 631.092887 -0.498766
890.672803 -6629.767857 769.183598 4193.759293 248.960101 631.099973 -0.493649
890.630212 -6629.572309 769.150476 4193.648832 248.966533 631.107065 -0.488562
890.587917 -6629.380627 769.117616 4193.540570 248.972986 631.114168 -0.483503
890.545904 -6629.192864 769.085009 4193.434539 248.979472 631.121291 -0.478470
890.504157 -6629.009074 769.052646 4193.330771 248.986004 631.128440 -0.473459
890.462662 -6628.829310 769.020520 4193.229298 248.992593 631.135622 -0.468470
890.421403 -6628.653626 768.988622 4193.130150 248.999252 631.142844 -0.463500
890.380367 -6628.482075 768.956945 4193.033361 249.005991 631.150114 -0.458546
890.339539 -6628.314710 768.925479 4192.938962 249.012824 631.157439 -0.453607
890.298903 -6628.151585 768.894218 4192.846984 249.019762 631.164825 -0.448681
890.258445 -6627.992754 768.863153 4192.757460 249.026817 631.172279 -0.443764
890.218150 -6627.838269 768.832275 4192.670421 249.034001 631.179809 -0.438856
890.178003 -6627.688185 768.801577 4192.585899 249.041327 631.187422 -0.433954
891.671998 -6605.721607 769.354609 4184.104493 246.483161 632.065797 -1.802408
