0.156638 0.553761 0.069323 5.936351 0.017879 -0.124872 -0.220923
0.350423 -0.471479 0.158334 7.913492 -0.114391 0.837287 -0.168529
0.134006 -0.547866 0.086200 6.529916 0.003174 -0.302068 -0.166114
0.134385 0.549404 0.105742 5.017647 -0.053015 -1.086193 -0.110421
0.128453 0.548423 0.117042 4.757131 -0.074767 -1.374094 -0.079943
0.122798 0.554377 0.127108 4.506343 -0.095948 -1.655790 -0.053033
0.118184 0.562233 0.136635 4.288318 -0.116251 -1.909856 -0.029636
0.113839 0.572701 0.144863 4.066009 -0.136518 -2.165476 -0.009997
0.109932 0.585018 0.152075 3.851061 -0.156144 -2.412707 0.006390
0.106527 0.598591 0.158381 3.643969 -0.175113 -2.651197 0.019584
0.103654 0.612946 0.163864 3.444779 -0.193367 -2.880952 0.029702
0.101344 0.627699 0.168596 3.253520 -0.210840 -3.101990 0.036827
0.099631 0.642519 0.172635 3.070217 -0.227456 -3.314332 0.041005
0.098548 0.657110 0.176032 2.894903 -0.243133 -3.517997 0.042260
0.098120 0.671198 0.178822 2.727632 -0.257780 -3.712992 0.040608
0.096917 0.686811 0.179629 2.573744 -0.266237 -3.901640 0.036073
0.099866 0.695088 0.184147 2.413331 -0.287626 -4.075244 0.028686
0.100790 0.707894 0.183716 2.275053 -0.294570 -4.245776 0.018653
0.102875 0.717509 0.184173 2.141042 -0.304134 -4.405822 0.006057
0.105413 0.725497 0.183999 2.015698 -0.312211 -4.556992 -0.008801
0.108266 0.731720 0.183151 1.899150 -0.318745 -4.699224 -0.025566
0.111271 0.736076 0.181589 1.791497 -0.323708 -4.832469 -0.043803
0.114254 0.738497 0.179283 1.692808 -0.327104 -4.956694 -0.063013
0.117052 0.738936 0.176236 1.603127 -0.328979 -5.071879 -0.082664
0.119532 0.737351 0.172491 1.522492 -0.329426 -5.178010 -0.102219
0.134320 0.781943 0.163888 1.461580 -0.321503 -5.271901 -0.159994
0.124153 0.781732 0.151842 1.401019 -0.315431 -5.335490 -0.159821
0.123187 0.754147 0.153368 1.427352 -0.313886 -5.321755 -0.156541
0.123314 0.704248 0.154726 1.393621 -0.316261 -5.373373 -0.154943
0.123311 0.662972 0.156686 1.390270 -0.317287 -5.390257 -0.151207
0.108931 0.516672 0.157838 1.248843 -0.324308 -5.491095 -0.119695
0.133275 0.594222 0.171163 1.482507 -0.322931 -5.343241 -0.146965
0.123100 0.572917 0.168982 1.599589 -0.317864 -5.241734 -0.122036
0.129759 0.453505 0.172251 1.380328 -0.322293 -5.410266 -0.138713
0.121722 0.364386 0.165950 1.201984 -0.319550 -5.494910 -0.133877
0.118107 0.260728 0.164362 1.037584 -0.318757 -5.574692 -0.132034
0.114545 0.155678 0.162141 0.868850 -0.316990 -5.660551 -0.131888
0.111024 0.048543 0.159328 0.694477 -0.314299 -5.754093 -0.133240
0.107354 -0.059593 0.156119 0.520229 -0.310755 -5.849839 -0.134972
0.103917 -0.171014 0.152741 0.340701 -0.306573 -5.954084 -0.137794
0.100370 -0.284495 0.149088 0.159179 -0.301681 -6.063399 -0.140848
0.096932 -0.401084 0.145493 -0.024433 -0.296333 -6.178549 -0.144127
0.093600 -0.521223 0.142025 -0.210534 -0.290620 -6.300172 -0.147536
0.090462 -0.644466 0.138840 -0.397304 -0.284621 -6.426955 -0.151000
0.071607 -0.856671 0.135800 -0.593296 -0.289348 -6.523442 -0.118951
0.096676 -0.866622 0.152031 -0.615371 -0.283887 -6.554886 -0.153395
0.086098 -0.999848 0.137226 -0.856755 -0.266869 -6.748688 -0.157677
0.084357 -1.137894 0.136356 -1.044692 -0.261017 -6.897417 -0.161599
0.081634 -1.189905 0.142197 -0.976765 -0.258562 -6.798265 -0.142806
0.089251 -1.421319 0.150663 -1.320412 -0.261466 -7.126637 -0.165738
0.081694 -1.458784 0.147110 -1.283693 -0.250654 -7.061945 -0.147202
0.089907 -1.703267 0.157774 -1.631636 -0.255414 -7.404221 -0.170601
0.080237 -1.848233 0.150842 -1.845973 -0.237389 -7.599691 -0.175582
0.087032 -2.012367 0.155094 -2.044745 -0.237871 -7.792151 -0.180787
0.088379 -2.172020 0.158499 -2.215227 -0.232759 -7.971198 -0.187424
0.091131 -2.339100 0.164039 -2.394961 -0.229284 -8.161375 -0.194041
0.094599 -2.510167 0.170607 -2.573827 -0.226439 -8.356683 -0.200998
0.098734 -2.685333 0.178206 -2.751890 -0.224357 -8.556905 -0.208113
0.103555 -2.864505 0.186931 -2.928742 -0.223249 -8.761346 -0.215253
0.109118 -3.047070 0.196882 -3.103327 -0.223297 -8.968697 -0.222349
0.115410 -3.233414 0.208117 -3.276108 -0.224761 -9.179213 -0.229281
0.122445 -3.422690 0.220692 -3.445721 -0.227863 -9.391363 -0.235907
0.130289 -3.614819 0.234710 -3.612140 -0.232859 -9.604907 -0.242261
0.138669 -3.810704 0.250007 -3.776163 -0.240100 -9.820670 -0.247807
0.462941 -4.439016 0.432362 -4.051253 -0.498981 -10.389431 -0.129497
0.259605 -4.096236 0.446976 -3.482402 -0.354877 -9.771662 -0.193125
0.181172 -4.341703 0.322528 -4.088817 -0.291411 -10.322974 -0.263469
0.176789 -4.350711 0.319007 -3.966157 -0.288727 -10.269649 -0.241457
0.203669 -4.698516 0.365224 -4.297507 -0.332242 -10.667504 -0.262657
0.205999 -4.889509 0.371727 -4.455739 -0.337557 -10.890937 -0.261406
0.217783 -5.081761 0.393508 -4.573261 -0.360714 -11.080437 -0.262414
0.229731 -5.271346 0.415310 -4.683275 -0.385108 -11.263397 -0.263288
0.208028 -5.469217 0.400131 -4.746715 -0.393489 -11.434546 -0.219218
0.260991 -5.341745 0.465242 -4.452688 -0.451866 -11.159051 -0.249026
0.277592 -5.702498 0.495196 -4.769276 -0.481807 -11.569685 -0.261704
0.275843 -5.867142 0.494496 -4.878143 -0.485809 -11.740118 -0.259992
0.259604 -6.243884 0.486558 -5.196833 -0.499155 -12.159299 -0.235649
0.303492 -6.128926 0.536961 -4.957580 -0.549384 -11.917475 -0.266147
0.298912 -6.292604 0.532284 -5.029289 -0.551779 -12.060473 -0.265262
0.300858 -6.430607 0.537007 -5.084593 -0.570946 -12.159906 -0.265534
0.300208 -6.561504 0.537906 -5.136432 -0.588255 -12.248632 -0.265705
0.280978 -6.457744 0.508276 -4.908327 -0.575518 -12.036724 -0.248848
0.301023 -6.755004 0.543159 -5.149929 -0.639761 -12.316401 -0.262188
0.282202 -6.853583 0.517125 -5.204249 -0.629496 -12.377681 -0.260703
0.271463 -6.946310 0.503731 -5.236491 -0.640788 -12.412632 -0.259824
0.258567 -7.030199 0.487418 -5.265151 -0.651172 -12.435230 -0.258607
0.243766 -7.106424 0.468583 -5.291085 -0.660822 -12.446957 -0.256855
0.227567 -7.175669 0.447908 -5.314620 -0.670099 -12.448754 -0.254490
0.210494 -7.238076 0.426014 -5.335217 -0.679152 -12.441033 -0.251519
0.193106 -7.295524 0.403610 -5.354127 -0.688246 -12.426230 -0.247922
0.175979 -7.348320 0.381337 -5.370890 -0.697454 -12.404909 -0.243724
0.159619 -7.397923 0.359778 -5.386219 -0.706862 -12.379011 -0.238961
0.144492 -7.444768 0.339411 -5.399842 -0.716425 -12.349253 -0.233735
0.130988 -7.488843 0.320608 -5.411036 -0.726019 -12.315758 -0.228183
0.119303 -7.531802 0.303558 -5.421006 -0.735527 -12.280483 -0.222405
0.136245 -7.328629 0.308930 -5.094321 -0.725865 -11.883858 -0.222594
0.110141 -7.559840 0.281195 -5.371542 -0.739690 -12.130648 -0.212485
0.103781 -7.599415 0.269682 -5.366972 -0.754793 -12.083611 -0.207333
0.100498 -7.632940 0.260164 -5.363806 -0.761594 -12.033153 -0.202625
0.098775 -7.664222 0.251907 -5.357850 -0.767720 -11.979176 -0.198243
0.098357 -7.693163 0.244645 -5.349305 -0.773260 -11.921542 -0.194169
0.100423 -7.870127 0.242124 -5.449751 -0.785188 -11.960776 -0.181956
0.100573 -7.710579 0.231186 -5.314697 -0.778194 -11.777866 -0.188561
0.102295 -7.733967 0.225790 -5.282353 -0.787896 -11.700314 -0.184791
0.105109 -7.751087 0.220615 -5.262914 -0.792541 -11.623308 -0.181487
0.108276 -7.763954 0.215542 -5.240181 -0.797544 -11.540119 -0.178258
0.111678 -7.772887 0.210484 -5.214600 -0.803089 -11.451059 -0.175017
0.115196 -7.778192 0.205362 -5.186775 -0.809357 -11.356792 -0.171674
0.118822 -7.779151 0.200181 -5.156136 -0.816416 -11.256805 -0.168247
0.122555 -7.776261 0.194971 -5.123097 -0.824370 -11.151558 -0.164685
0.126323 -7.769620 0.189694 -5.088139 -0.833270 -11.041977 -0.160945
0.130176 -7.759648 0.184421 -5.051471 -0.843186 -10.928480 -0.157009
0.134103 -7.746659 0.179161 -5.013554 -0.854100 -10.811937 -0.152853
0.138070 -7.731242 0.173906 -4.975079 -0.866024 -10.693671 -0.148423
0.142345 -7.711492 0.168855 -4.933644 -0.878672 -10.570758 -0.143998
0.169650 -7.420031 0.180009 -4.595591 -0.862424 -10.059709 -0.172204
0.154948 -7.599311 0.161505 -4.782852 -0.892354 -10.220066 -0.142760
0.160368 -7.582633 0.157541 -4.745334 -0.913822 -10.113340 -0.137163
0.165277 -7.552880 0.152922 -4.700346 -0.928737 -9.985270 -0.132470
0.170290 -7.521725 0.148325 -4.655484 -0.943980 -9.858095 -0.127613
0.175416 -7.489266 0.143742 -4.610700 -0.959444 -9.731920 -0.122621
0.182727 -7.564365 0.140439 -4.644840 -0.985763 -9.655358 -0.108711
0.185101 -7.396125 0.133831 -4.513534 -0.986180 -9.479861 -0.114648
0.205356 -7.111526 0.140451 -4.204281 -0.983386 -9.006046 -0.140089
0.198751 -7.268394 0.127042 -4.357177 -1.011518 -9.135924 -0.110521
0.204896 -7.242308 0.122857 -4.322651 -1.030978 -9.039019 -0.104827
0.210597 -7.204153 0.118293 -4.278529 -1.046059 -8.919650 -0.099818
0.227626 -6.921264 0.123117 -3.997356 -1.042412 -8.484548 -0.125345
0.223829 -7.065697 0.110893 -4.131624 -1.068219 -8.592986 -0.097002
0.230214 -7.035269 0.106580 -4.097150 -1.085841 -8.498885 -0.091936
0.236133 -6.993929 0.101934 -4.052680 -1.099954 -8.382260 -0.087367
0.232833 -6.921662 0.068640 -3.997573 -1.087597 -8.258760 -0.087747
0.270357 -6.909330 0.112990 -3.993615 -1.144513 -8.172486 -0.074349
0.256510 -6.953815 0.087847 -3.981592 -1.150845 -8.062346 -0.065456
0.259251 -6.805706 0.082636 -3.870751 -1.150008 -7.923940 -0.071939
0.265634 -6.760277 0.077934 -3.815882 -1.164762 -7.802428 -0.067112
0.271569 -6.717420 0.073031 -3.773120 -1.177145 -7.691636 -0.062821
0.277486 -6.674134 0.068090 -3.730428 -1.189224 -7.581664 -0.058597
0.283382 -6.630763 0.063112 -3.688046 -1.201026 -7.472636 -0.054404
0.289236 -6.587412 0.058092 -3.646116 -1.212534 -7.364890 -0.050232
0.295055 -6.543832 0.053044 -3.604383 -1.223737 -7.258154 -0.046116
0.300836 -6.500571 0.047963 -3.563258 -1.234682 -7.152750 -0.041997
0.306581 -6.457295 0.042862 -3.522480 -1.245338 -7.048450 -0.037923
0.312278 -6.414032 0.037744 -3.482062 -1.255697 -6.945349 -0.033891
0.317925 -6.371186 0.032602 -3.442315 -1.265791 -6.843772 -0.029857
0.323532 -6.328207 0.027460 -3.402762 -1.275587 -6.743190 -0.025897
0.329083 -6.285427 0.022310 -3.363671 -1.285094 -6.643939 -0.021970
0.337411 -6.314041 0.016358 -3.375145 -1.304262 -6.557139 -0.009594
0.339180 -6.188063 0.011997 -3.284791 -1.300135 -6.453521 -0.016187
0.345025 -6.144373 0.006943 -3.237869 -1.310502 -6.350004 -0.011853
0.350370 -6.103257 0.001835 -3.201171 -1.318916 -6.256290 -0.008048
0.355657 -6.062517 -0.003266 -3.165010 -1.327065 -6.163973 -0.004271
0.362646 -5.852202 -0.002980 -2.985206 -1.323940 -5.917913 -0.023085
0.366067 -5.941415 -0.012223 -3.053016 -1.339535 -5.929195 -0.001606
0.371419 -5.907287 -0.017068 -3.028060 -1.347674 -5.859338 0.001765
0.376479 -5.866520 -0.021978 -2.992461 -1.354719 -5.770606 0.005065
0.381471 -5.826247 -0.026866 -2.957446 -1.361508 -5.683354 0.008336
0.386397 -5.786213 -0.031721 -2.922786 -1.368030 -5.597357 0.011542
0.391270 -5.746652 -0.036545 -2.888621 -1.374328 -5.512566 0.014715
0.396070 -5.707641 -0.041342 -2.855071 -1.380370 -5.429295 0.017863
0.400805 -5.668788 -0.046096 -2.821774 -1.386150 -5.347150 0.020932
0.405473 -5.630649 -0.050822 -2.789164 -1.391706 -5.266500 0.023999
0.410077 -5.592860 -0.055507 -2.756955 -1.397018 -5.187081 0.027011
0.414614 -5.555513 -0.060152 -2.725202 -1.402093 -5.108912 0.029984
0.419078 -5.518743 -0.064762 -2.694030 -1.406927 -5.032196 0.032935
0.423482 -5.482241 -0.069322 -2.663144 -1.411530 -4.956546 0.035821
0.427811 -5.446261 -0.073841 -2.632764 -1.415892 -4.882251 0.038676
0.432079 -5.410829 -0.078317 -2.602881 -1.420047 -4.809191 0.041504
0.436273 -5.375992 -0.082751 -2.573563 -1.423971 -4.737532 0.044309
0.440400 -5.341474 -0.087132 -2.544557 -1.427665 -4.666986 0.047058
0.444454 -5.307472 -0.091466 -2.516017 -1.431133 -4.597708 0.049775
0.448438 -5.273938 -0.095751 -2.487903 -1.434378 -4.529661 0.052456
0.451615 -5.113286 -0.095622 -2.357845 -1.428579 -4.378053 0.037251
0.456026 -5.188430 -0.103399 -2.408933 -1.438741 -4.368981 0.055043
0.459816 -5.152342 -0.107245 -2.385591 -1.441450 -4.314631 0.056607
0.463523 -5.119905 -0.111252 -2.358024 -1.443865 -4.249917 0.058969
0.467158 -5.087891 -0.115197 -2.331149 -1.446082 -4.186963 0.061266
0.470737 -5.056650 -0.119098 -2.304876 -1.448146 -4.125215 0.063571
0.474239 -5.025733 -0.122937 -2.278903 -1.449988 -4.064602 0.065816
0.477694 -4.995521 -0.126730 -2.253453 -1.451700 -4.005039 0.068064
0.481044 -4.965423 -0.130453 -2.228164 -1.453124 -3.946697 0.070217
0.484354 -4.936069 -0.134129 -2.203390 -1.454436 -3.889377 0.072381
0.487596 -4.907220 -0.137751 -2.179034 -1.455568 -3.833156 0.074517
0.490768 -4.878786 -0.141313 -2.155004 -1.456511 -3.778000 0.076611
0.492617 -4.742888 -0.140901 -2.046696 -1.450159 -3.666460 0.063256
0.496713 -4.805413 -0.147362 -2.085573 -1.456260 -3.649553 0.077702
0.499686 -4.776029 -0.150709 -2.067434 -1.457336 -3.605831 0.079468
0.506144 -4.788678 -0.155833 -2.071972 -1.467768 -3.547993 0.088065
0.504417 -4.712495 -0.156972 -2.018908 -1.455275 -3.506664 0.081673
0.507726 -4.688736 -0.160051 -1.992823 -1.456173 -3.454608 0.083628
0.510491 -4.663486 -0.163158 -1.971002 -1.456186 -3.406125 0.085412
0.513202 -4.638886 -0.166217 -1.949660 -1.456080 -3.358678 0.087194
0.515858 -4.614681 -0.169219 -1.928601 -1.455847 -3.312126 0.088942
0.518454 -4.590875 -0.172163 -1.907815 -1.455472 -3.266487 0.090653
0.520998 -4.567670 -0.175058 -1.887447 -1.454986 -3.221795 0.092358
0.523488 -4.544955 -0.177901 -1.867429 -1.454384 -3.178018 0.094043
0.525918 -4.522659 -0.180687 -1.847701 -1.453645 -3.135152 0.095697
0.528306 -4.501042 -0.183428 -1.828440 -1.452826 -3.093174 0.097360
0.529319 -4.391338 -0.182762 -1.741188 -1.446939 -3.017260 0.086153
0.532697 -4.449745 -0.187847 -1.775057 -1.449183 -3.000837 0.097999
0.534939 -4.422686 -0.190498 -1.758357 -1.449085 -2.964673 0.099431
0.537116 -4.402282 -0.192967 -1.739732 -1.447892 -2.925598 0.100840
0.539243 -4.382367 -0.195381 -1.721427 -1.446608 -2.887265 0.102229
0.541317 -4.362882 -0.197740 -1.703402 -1.445222 -2.849673 0.103591
0.546868 -4.375226 -0.201922 -1.708188 -1.453462 -2.805224 0.110844
0.544301 -4.315172 -0.202108 -1.664706 -1.439938 -2.778046 0.105127
0.546649 -4.301969 -0.204157 -1.646585 -1.438643 -2.742775 0.106494
0.548554 -4.284710 -0.206322 -1.630084 -1.437012 -2.708383 0.107849
0.550426 -4.268081 -0.208451 -1.614033 -1.435340 -2.674840 0.109221
0.552259 -4.251762 -0.210533 -1.598197 -1.433613 -2.642080 0.110564
0.554053 -4.236043 -0.212576 -1.582767 -1.431828 -2.610217 0.111912
0.559337 -4.249427 -0.216457 -1.588623 -1.439588 -2.571848 0.118832
0.556595 -4.195943 -0.216388 -1.549079 -1.426135 -2.549657 0.113589
0.558679 -4.187673 -0.218137 -1.534728 -1.424481 -2.521099 0.114950
0.560396 -4.174375 -0.220051 -1.521043 -1.422728 -2.492663 0.116350
0.562092 -4.161706 -0.221939 -1.507818 -1.420966 -2.465099 0.117771
0.563764 -4.149452 -0.223794 -1.494899 -1.419196 -2.438351 0.119184
0.565419 -4.137869 -0.225627 -1.482461 -1.417426 -2.412454 0.120626
0.567058 -4.126710 -0.227431 -1.470344 -1.415662 -2.387341 0.122069
0.568676 -4.116162 -0.229212 -1.458671 -1.413891 -2.363062 0.123534
0.570275 -4.106091 -0.230967 -1.447361 -1.412119 -2.339571 0.125009
0.572276 -4.111860 -0.232925 -1.454589 -1.412931 -2.307458 0.126678
0.574822 -4.126698 -0.235625 -1.474504 -1.414511 -2.259374 0.127633
0.573389 -4.067116 -0.235154 -1.406236 -1.403211 -2.256621 0.127570
0.574079 -4.052888 -0.236314 -1.391434 -1.399549 -2.227266 0.128054
0.574749 -4.039126 -0.237450 -1.376984 -1.395892 -2.198853 0.128537
0.575401 -4.025936 -0.238562 -1.362940 -1.392238 -2.171376 0.129030
0.576053 -4.013441 -0.239662 -1.349407 -1.388636 -2.144766 0.129562
0.576683 -4.001288 -0.240735 -1.336139 -1.385033 -2.119001 0.130081
0.577301 -3.989811 -0.241793 -1.323353 -1.381445 -2.094078 0.130632
0.577899 -3.978528 -0.242819 -1.310717 -1.377858 -2.069921 0.131151
0.578489 -3.968248 -0.243841 -1.298806 -1.374287 -2.046577 0.131753
0.579065 -3.958135 -0.244842 -1.287078 -1.370739 -2.023902 0.132341
0.579830 -3.948663 -0.246053 -1.275983 -1.367159 -2.001727 0.132933
0.580196 -3.939240 -0.246779 -1.264381 -1.363734 -1.980841 0.133559
0.580672 -3.930554 -0.247708 -1.253889 -1.360031 -1.959956 0.134158
0.581162 -3.922131 -0.248618 -1.243408 -1.356433 -1.939878 0.134771
0.581638 -3.914177 -0.249509 -1.233277 -1.352834 -1.920349 0.135405
0.581257 -3.865496 -0.248422 -1.190295 -1.348017 -1.901851 0.128857
0.582256 -3.906270 -0.250369 -1.211922 -1.344463 -1.886938 0.135139
0.582882 -3.887076 -0.251577 -1.198946 -1.342153 -1.866097 0.135856
0.583290 -3.880359 -0.252356 -1.189685 -1.338608 -1.848575 0.136437
0.583673 -3.873931 -0.253110 -1.180639 -1.335043 -1.831438 0.137012
0.584027 -3.867749 -0.253835 -1.171767 -1.331450 -1.814659 0.137574
0.584356 -3.861892 -0.254534 -1.163124 -1.327834 -1.798197 0.138133
0.584654 -3.856238 -0.255202 -1.154624 -1.324184 -1.782022 0.138673
0.584922 -3.850828 -0.255840 -1.146284 -1.320503 -1.766099 0.139196
0.585163 -3.845719 -0.256452 -1.138153 -1.316800 -1.750377 0.139715
0.585365 -3.840685 -0.257026 -1.130060 -1.313047 -1.734861 0.140192
0.588290 -3.850410 -0.259098 -1.134810 -1.315990 -1.712583 0.144523
0.584972 -3.822725 -0.257962 -1.109912 -1.303930 -1.704201 0.140397
0.585284 -3.825453 -0.258243 -1.104572 -1.300234 -1.690953 0.140795
0.588053 -3.834923 -0.260205 -1.109278 -1.302870 -1.669381 0.145001
0.584787 -3.809253 -0.259034 -1.085636 -1.291150 -1.661651 0.141029
0.585037 -3.812589 -0.259258 -1.080888 -1.287492 -1.649091 0.141437
0.584183 -3.783199 -0.257938 -1.051046 -1.282667 -1.641174 0.136106
0.584919 -3.814534 -0.259300 -1.067734 -1.279371 -1.626280 0.141120
0.585081 -3.800661 -0.260018 -1.057470 -1.276398 -1.610340 0.141659
0.585098 -3.797920 -0.260351 -1.051037 -1.272721 -1.597334 0.142058
0.585098 -3.795350 -0.260662 -1.044726 -1.269045 -1.584584 0.142438
0.585079 -3.792961 -0.260952 -1.038543 -1.265370 -1.572085 0.142802
0.585043 -3.790789 -0.261224 -1.032524 -1.261695 -1.559819 0.143160
0.584009 -3.767666 -0.259773 -1.006733 -1.256910 -1.554455 0.138107
0.584749 -3.795435 -0.261014 -1.021692 -1.254020 -1.540533 0.142679
0.584774 -3.783486 -0.261556 -1.012394 -1.250955 -1.526615 0.143090
0.584703 -3.781962 -0.261751 -1.006833 -1.247422 -1.515353 0.143369
0.584614 -3.780611 -0.261928 -1.001396 -1.243890 -1.504315 0.143636
0.586714 -3.788287 -0.263401 -1.005306 -1.245332 -1.487018 0.147060
0.583824 -3.771667 -0.262102 -0.987201 -1.235600 -1.482855 0.143576
0.583882 -3.776910 -0.262095 -0.984423 -1.232420 -1.473719 0.143790
0.583767 -3.776235 -0.262223 -0.979562 -1.229008 -1.463456 0.144051
0.583641 -3.775696 -0.262338 -0.974820 -1.225612 -1.453370 0.144308
0.585552 -3.782794 -0.263688 -0.978537 -1.226724 -1.437195 0.147540
0.582807 -3.768778 -0.262383 -0.962139 -1.217648 -1.433845 0.144239
0.582833 -3.774453 -0.262343 -0.959962 -1.214646 -1.425465 0.144451
0.582684 -3.774419 -0.262414 -0.955681 -1.211369 -1.416071 0.144688
0.582528 -3.774548 -0.262475 -0.951528 -1.208110 -1.406843 0.144923
0.582368 -3.774806 -0.262530 -0.947504 -1.204876 -1.397752 0.145164
0.582195 -3.775100 -0.262571 -0.943513 -1.201651 -1.388841 0.145383
0.582013 -3.775539 -0.262601 -0.939639 -1.198443 -1.380086 0.145597
0.581827 -3.776074 -0.262624 -0.935857 -1.195257 -1.371473 0.145809
0.515038 -3.676292 0.054038 -0.541197 -1.029236 -1.106105 0.080909
0.576511 -3.794453 -0.264226 -0.979413 -1.179082 -1.409295 0.150700
0.581221 -3.778206 -0.262636 -0.925013 -1.185802 -1.346489 0.146407
0.581006 -3.779104 -0.262622 -0.921567 -1.182688 -1.338439 0.146594
0.582465 -3.784739 -0.263689 -0.924674 -1.183009 -1.324807 0.149357
0.580084 -3.776242 -0.262417 -0.912002 -1.175473 -1.322993 0.146472
0.580033 -3.782280 -0.262315 -0.910761 -1.172835 -1.316200 0.146633
0.579812 -3.783481 -0.262280 -0.907660 -1.169850 -1.308642 0.146816
0.579588 -3.784772 -0.262238 -0.904639 -1.166886 -1.301206 0.146995
0.579359 -3.786132 -0.262192 -0.901692 -1.163942 -1.293885 0.147172
0.579125 -3.787542 -0.262138 -0.898800 -1.161016 -1.286687 0.147341
0.578889 -3.789025 -0.262080 -0.895985 -1.158115 -1.279594 0.147510
0.578647 -3.790553 -0.262015 -0.893222 -1.155231 -1.272617 0.147672
0.591133 -3.814477 -0.268293 -0.909216 -1.162916 -1.233080 0.149139
0.584266 -3.787494 -0.258313 -0.865529 -1.154592 -1.238822 0.148567
0.577904 -3.795479 -0.261795 -0.885328 -1.146707 -1.252294 0.148146
0.577650 -3.797219 -0.261712 -0.882814 -1.143907 -1.245717 0.148299
0.577391 -3.798995 -0.261622 -0.880341 -1.141123 -1.239251 0.148442
0.577131 -3.800836 -0.261531 -0.877941 -1.138363 -1.232869 0.148588
0.577165 -3.801014 -0.260915 -0.871527 -1.137159 -1.229558 0.146997
0.576215 -3.807714 -0.260792 -0.872420 -1.132494 -1.223843 0.147642
0.576020 -3.807562 -0.260764 -0.869369 -1.130008 -1.217372 0.147792
0.574840 -3.807370 -0.259254 -0.859328 -1.126772 -1.219530 0.144112
0.575549 -3.818215 -0.260186 -0.866505 -1.125366 -1.208576 0.147223
0.575202 -3.814636 -0.260158 -0.862125 -1.122595 -1.201932 0.147371
0.574969 -3.816861 -0.260036 -0.860105 -1.120159 -1.196373 0.147449
6.915257 -6.372461 -10.901081 1.173031 -22.226278 -5.984379 0.148465
0.571425 -3.828615 -0.281075 -0.866126 -1.168035 -1.201119 0.142758
0.574278 -3.823722 -0.259664 -0.854342 -1.113016 -1.180149 0.147683
0.574049 -3.826062 -0.259536 -0.852507 -1.110686 -1.174899 0.147756
0.573820 -3.828430 -0.259407 -0.850716 -1.108381 -1.169723 0.147828
0.573595 -3.830823 -0.259280 -0.848979 -1.106105 -1.164606 0.147906
0.573367 -3.833227 -0.259147 -0.847260 -1.103849 -1.159581 0.147971
0.573144 -3.835669 -0.259017 -0.845606 -1.101624 -1.154608 0.148045
0.572919 -3.838115 -0.258883 -0.843970 -1.099420 -1.149718 0.148109
0.572695 -3.840591 -0.258748 -0.842377 -1.097242 -1.144897 0.148172
0.572475 -3.843084 -0.258615 -0.840829 -1.095090 -1.140131 0.148238
0.571480 -3.846670 -0.257260 -0.833804 -1.092670 -1.143022 0.144968
0.572089 -3.853561 -0.258081 -0.839027 -1.091427 -1.133235 0.147652
0.571752 -3.851781 -0.257977 -0.835798 -1.089034 -1.128099 0.147747
0.571546 -3.854393 -0.257835 -0.834387 -1.087032 -1.123687 0.147779
0.571344 -3.857020 -0.257695 -0.833017 -1.085060 -1.119328 0.147815
0.570432 -3.861658 -0.256395 -0.826839 -1.082952 -1.122424 0.144655
0.571007 -3.867428 -0.257177 -0.831492 -1.081770 -1.113075 0.147195
0.570690 -3.866183 -0.257056 -0.828590 -1.079554 -1.108424 0.147258
0.570507 -3.868914 -0.256911 -0.827348 -1.077735 -1.104400 0.147261
0.570327 -3.871652 -0.256769 -0.826140 -1.075944 -1.100429 0.147265
0.570150 -3.874399 -0.256626 -0.824957 -1.074181 -1.096521 0.147265
0.569977 -3.877155 -0.256484 -0.823811 -1.072446 -1.092661 0.147267
0.569808 -3.879912 -0.256345 -0.822695 -1.070737 -1.088849 0.147270
0.569641 -3.882673 -0.256205 -0.821603 -1.069055 -1.085093 0.147270
0.569478 -3.885439 -0.256067 -0.820544 -1.067400 -1.081384 0.147272
0.569318 -3.888208 -0.255930 -0.819506 -1.065770 -1.077733 0.147270
0.569163 -3.890976 -0.255795 -0.818502 -1.064167 -1.074119 0.147272
0.569010 -3.893740 -0.255661 -0.817516 -1.062587 -1.070560 0.147271
0.568300 -3.900141 -0.254528 -0.813069 -1.061162 -1.073808 0.144415
0.568786 -3.903599 -0.255219 -0.816556 -1.060080 -1.065483 0.146655
0.568526 -3.903381 -0.255081 -0.814379 -1.058264 -1.061780 0.146683
0.568395 -3.906217 -0.254949 -0.813506 -1.056827 -1.058486 0.146660
0.568266 -3.909046 -0.254817 -0.812651 -1.055413 -1.055240 0.146635
0.568143 -3.911870 -0.254689 -0.811829 -1.054027 -1.052025 0.146615
0.568020 -3.914693 -0.254559 -0.811017 -1.052661 -1.048871 0.146588
0.567903 -3.917519 -0.254432 -0.810235 -1.051322 -1.045754 0.146562
0.567789 -3.920334 -0.254307 -0.809476 -1.050007 -1.042671 0.146540
0.567679 -3.923147 -0.254183 -0.808732 -1.048715 -1.039640 0.146512
0.567572 -3.925954 -0.254061 -0.808014 -1.047446 -1.036643 0.146487
0.567469 -3.928749 -0.253942 -0.807318 -1.046201 -1.033681 0.146464
0.567369 -3.931541 -0.253823 -0.806636 -1.044977 -1.030765 0.146437
0.567273 -3.934324 -0.253707 -0.805979 -1.043777 -1.027882 0.146413
0.567174 -3.937121 -0.253586 -0.805319 -1.042594 -1.025076 0.146372
0.566687 -3.944578 -0.252652 -0.802349 -1.041832 -1.028187 0.143846
0.567077 -3.946134 -0.253240 -0.804842 -1.040845 -1.020991 0.145795
0.566893 -3.946729 -0.253109 -0.803324 -1.039461 -1.018111 0.145800
0.566819 -3.949537 -0.252997 -0.802763 -1.038402 -1.015486 0.145753
0.566749 -3.952329 -0.252888 -0.802223 -1.037366 -1.012890 0.145709
0.566681 -3.955110 -0.252781 -0.801698 -1.036350 -1.010329 0.145665
0.566618 -3.957880 -0.252676 -0.801192 -1.035355 -1.007799 0.145622
0.566558 -3.960640 -0.252572 -0.800702 -1.034382 -1.005305 0.145578
0.566501 -3.963395 -0.252470 -0.800227 -1.033429 -1.002847 0.145532
0.566448 -3.966137 -0.252370 -0.799770 -1.032496 -1.000418 0.145488
0.566397 -3.968866 -0.252272 -0.799328 -1.031582 -0.998021 0.145444
0.566351 -3.971578 -0.252177 -0.798904 -1.030688 -0.995648 0.145403
0.566307 -3.974285 -0.252082 -0.798490 -1.029814 -0.993316 0.145358
0.566266 -3.976977 -0.251990 -0.798096 -1.028958 -0.991007 0.145316
0.566228 -3.979661 -0.251898 -0.797712 -1.028121 -0.988736 0.145271
0.566193 -3.982327 -0.251810 -0.797347 -1.027302 -0.986485 0.145230
0.566162 -3.984978 -0.251723 -0.796994 -1.026501 -0.984262 0.145189
0.566133 -3.987616 -0.251638 -0.796655 -1.025717 -0.982069 0.145148
0.566107 -3.990241 -0.251555 -0.796329 -1.024951 -0.979903 0.145107
0.566084 -3.992855 -0.251473 -0.796015 -1.024202 -0.977767 0.145065
0.566063 -3.995457 -0.251393 -0.795714 -1.023470 -0.975659 0.145023
0.566046 -3.998031 -0.251316 -0.795431 -1.022754 -0.973563 0.144988
0.566030 -4.000601 -0.251239 -0.795153 -1.022055 -0.971507 0.144946
0.566018 -4.003157 -0.251165 -0.794891 -1.021372 -0.969473 0.144907
0.566008 -4.005695 -0.251092 -0.794640 -1.020704 -0.967462 0.144869
0.566000 -4.008222 -0.251021 -0.794400 -1.020052 -0.965479 0.144829
0.565995 -4.010729 -0.250952 -0.794174 -1.019415 -0.963515 0.144793
0.561333 -3.953326 -0.246555 -0.726356 -1.009559 -1.001084 0.144463
0.566833 -4.023706 -0.251640 -0.805917 -1.019771 -0.950922 0.145797
0.565904 -4.017985 -0.250675 -0.793114 -1.017448 -0.958123 0.144502
0.565961 -4.021165 -0.250637 -0.793269 -1.017020 -0.956273 0.144444
0.565970 -4.023572 -0.250578 -0.793102 -1.016459 -0.954418 0.144416
0.565981 -4.025964 -0.250521 -0.792944 -1.015911 -0.952585 0.144389
0.565994 -4.028336 -0.250466 -0.792797 -1.015376 -0.950769 0.144364
0.566008 -4.030703 -0.250410 -0.792656 -1.014855 -0.948985 0.144334
0.566025 -4.033046 -0.250358 -0.792528 -1.014346 -0.947213 0.144310
0.566044 -4.035367 -0.250308 -0.792410 -1.013848 -0.945457 0.144287
0.566064 -4.037677 -0.250258 -0.792297 -1.013363 -0.943727 0.144263
0.566087 -4.039967 -0.250210 -0.792196 -1.012889 -0.942012 0.144241
0.566110 -4.042245 -0.250163 -0.792101 -1.012427 -0.940321 0.144218
0.566136 -4.044505 -0.250118 -0.792015 -1.011977 -0.938647 0.144196
0.566163 -4.046761 -0.250073 -0.791934 -1.011540 -0.937004 0.144169
0.566192 -4.048975 -0.250031 -0.791866 -1.011110 -0.935359 0.144153
0.566222 -4.051176 -0.249991 -0.791802 -1.010691 -0.933739 0.144134
0.566254 -4.053364 -0.249951 -0.791745 -1.010283 -0.932139 0.144114
0.566288 -4.055536 -0.249913 -0.791696 -1.009886 -0.930557 0.144095
0.566323 -4.057685 -0.249876 -0.791655 -1.009500 -0.928987 0.144080
0.566359 -4.059823 -0.249841 -0.791621 -1.009124 -0.927439 0.144063
0.566397 -4.061946 -0.249806 -0.791593 -1.008758 -0.925909 0.144046
0.566436 -4.064051 -0.249773 -0.791573 -1.008401 -0.924393 0.144031
0.566478 -4.066085 -0.249747 -0.791567 -1.008047 -0.922854 0.144037
0.566518 -4.068185 -0.249712 -0.791550 -1.007712 -0.921397 0.144010
0.566562 -4.070247 -0.249683 -0.791553 -1.007384 -0.919929 0.143998
0.566606 -4.072283 -0.249655 -0.791558 -1.007064 -0.918476 0.143986
0.566651 -4.074296 -0.249629 -0.791570 -1.006751 -0.917034 0.143978
0.566697 -4.076302 -0.249602 -0.791586 -1.006447 -0.915614 0.143966
0.566745 -4.078285 -0.249578 -0.791609 -1.006151 -0.914204 0.143959
0.566793 -4.080251 -0.249555 -0.791637 -1.005863 -0.912809 0.143951
0.566842 -4.082205 -0.249532 -0.791671 -1.005583 -0.911431 0.143943
0.566892 -4.084141 -0.249510 -0.791710 -1.005311 -0.910067 0.143937
0.566943 -4.086060 -0.249490 -0.791754 -1.005047 -0.908717 0.143930
0.566996 -4.087955 -0.249471 -0.791803 -1.004789 -0.907375 0.143928
0.567048 -4.089843 -0.249452 -0.791855 -1.004539 -0.906056 0.143921
0.567102 -4.091709 -0.249434 -0.791914 -1.004295 -0.904746 0.143918
0.567156 -4.093561 -0.249418 -0.791975 -1.004058 -0.903451 0.143914
0.567211 -4.095393 -0.249402 -0.792042 -1.003828 -0.902168 0.143913
0.567267 -4.097210 -0.249387 -0.792112 -1.003605 -0.900899 0.143911
0.567323 -4.099011 -0.249374 -0.792188 -1.003389 -0.899642 0.143910
0.567380 -4.100795 -0.249361 -0.792267 -1.003179 -0.898398 0.143911
0.567438 -4.102567 -0.249349 -0.792350 -1.002976 -0.897169 0.143910
0.567497 -4.104318 -0.249338 -0.792437 -1.002778 -0.895949 0.143912
0.567556 -4.106047 -0.249328 -0.792528 -1.002585 -0.894739 0.143917
0.567615 -4.107771 -0.249318 -0.792621 -1.002400 -0.893548 0.143918
0.567768 -4.107795 -0.249469 -0.793029 -1.002131 -0.891215 0.144658
0.567702 -4.111306 -0.249260 -0.792652 -1.002008 -0.891412 0.143791
0.567784 -4.113228 -0.249266 -0.792888 -1.001899 -0.890236 0.143786
0.567846 -4.114863 -0.249261 -0.792997 -1.001734 -0.889084 0.143799
0.567907 -4.116506 -0.249255 -0.793105 -1.001577 -0.887959 0.143802
0.567972 -4.118093 -0.249253 -0.793225 -1.001423 -0.886817 0.143823
0.567985 -4.123661 -0.248968 -0.793135 -1.001800 -0.888020 0.142476
0.568122 -4.122421 -0.249211 -0.793641 -1.001342 -0.885075 0.143564
0.568161 -4.123645 -0.249194 -0.793588 -1.001137 -0.884024 0.143587
0.568226 -4.125224 -0.249191 -0.793716 -1.001013 -0.882969 0.143589
0.568292 -4.126786 -0.249188 -0.793846 -1.000893 -0.881924 0.143593
0.568357 -4.128336 -0.249187 -0.793979 -1.000778 -0.880891 0.143596
0.568423 -4.129866 -0.249186 -0.794114 -1.000667 -0.879866 0.143602
0.568562 -4.129852 -0.249319 -0.794478 -1.000471 -0.877896 0.144277
0.568530 -4.133056 -0.249151 -0.794268 -1.000435 -0.878032 0.143490
0.568613 -4.134721 -0.249162 -0.794509 -1.000381 -0.877019 0.143491
0.568680 -4.136182 -0.249164 -0.794653 -1.000287 -0.876037 0.143502
0.568747 -4.137626 -0.249167 -0.794800 -1.000196 -0.875062 0.143514
0.568815 -4.139052 -0.249170 -0.794948 -1.000109 -0.874095 0.143528
0.568883 -4.140469 -0.249174 -0.795098 -1.000027 -0.873141 0.143542
0.568951 -4.141866 -0.249178 -0.795250 -0.999947 -0.872193 0.143558
0.569019 -4.143257 -0.249182 -0.795403 -0.999871 -0.871259 0.143571
0.569087 -4.144629 -0.249188 -0.795557 -0.999798 -0.870331 0.143587
0.569155 -4.145985 -0.249193 -0.795713 -0.999728 -0.869413 0.143604
0.569223 -4.147330 -0.249199 -0.795869 -0.999661 -0.868505 0.143620
0.569291 -4.148661 -0.249206 -0.796027 -0.999598 -0.867607 0.143637
0.569359 -4.149975 -0.249212 -0.796185 -0.999537 -0.866716 0.143655
0.569428 -4.151276 -0.249220 -0.796345 -0.999480 -0.865834 0.143674
0.569496 -4.152564 -0.249228 -0.796506 -0.999425 -0.864961 0.143693
0.569564 -4.153842 -0.249236 -0.796667 -0.999374 -0.864098 0.143712
0.569632 -4.155104 -0.249244 -0.796830 -0.999325 -0.863243 0.143732
0.569701 -4.156353 -0.249253 -0.796993 -0.999279 -0.862397 0.143752
0.569769 -4.157589 -0.249262 -0.797157 -0.999236 -0.861558 0.143774
0.569837 -4.158806 -0.249272 -0.797322 -0.999194 -0.860726 0.143797
0.569905 -4.160018 -0.249282 -0.797486 -0.999156 -0.859906 0.143818
0.569973 -4.161212 -0.249293 -0.797651 -0.999119 -0.859092 0.143841
0.570041 -4.162395 -0.249303 -0.797816 -0.999085 -0.858288 0.143864
0.570108 -4.163563 -0.249314 -0.797981 -0.999053 -0.857491 0.143887
0.570176 -4.164717 -0.249326 -0.798147 -0.999022 -0.856701 0.143912
0.570243 -4.165864 -0.249337 -0.798312 -0.998995 -0.855922 0.143935
0.570311 -4.166993 -0.249349 -0.798478 -0.998969 -0.855148 0.143960
0.570378 -4.168113 -0.249361 -0.798645 -0.998946 -0.854383 0.143986
0.570445 -4.169219 -0.249374 -0.798811 -0.998925 -0.853625 0.144012
0.570512 -4.170313 -0.249387 -0.798978 -0.998906 -0.852874 0.144039
0.570579 -4.171394 -0.249400 -0.799145 -0.998889 -0.852130 0.144066
0.570646 -4.172465 -0.249413 -0.799312 -0.998873 -0.851394 0.144094
0.570712 -4.173524 -0.249426 -0.799478 -0.998859 -0.850667 0.144121
0.570779 -4.174569 -0.249440 -0.799644 -0.998846 -0.849945 0.144150
0.570845 -4.175601 -0.249454 -0.799810 -0.998835 -0.849230 0.144179
0.570910 -4.176624 -0.249469 -0.799975 -0.998826 -0.848524 0.144208
0.570976 -4.177636 -0.249483 -0.800141 -0.998819 -0.847824 0.144237
0.571016 -4.181267 -0.249338 -0.800299 -0.999123 -0.848369 0.143311
6.490166 -6.609726 -9.815573 1.058719 -20.343540 -4.595444 -0.030529
0.570403 -4.182794 -0.252807 -0.804238 -1.006287 -0.850267 0.142798
0.571233 -4.182110 -0.249510 -0.800814 -0.998886 -0.845394 0.144155
0.571297 -4.183055 -0.249526 -0.800979 -0.998887 -0.844730 0.144189
0.571361 -4.184042 -0.249539 -0.801143 -0.998896 -0.844098 0.144203
0.571425 -4.184996 -0.249553 -0.801309 -0.998903 -0.843461 0.144226
0.571489 -4.185936 -0.249567 -0.801473 -0.998912 -0.842830 0.144250
0.571552 -4.186870 -0.249582 -0.801636 -0.998922 -0.842208 0.144273
0.571615 -4.187790 -0.249597 -0.801799 -0.998932 -0.841590 0.144298
0.571678 -4.188701 -0.249611 -0.801962 -0.998944 -0.840980 0.144322
0.571741 -4.189603 -0.249626 -0.802124 -0.998957 -0.840377 0.144347
0.571803 -4.190491 -0.249641 -0.802286 -0.998971 -0.839778 0.144373
0.571841 -4.193667 -0.249519 -0.802453 -0.999241 -0.840219 0.143536
-4.996222 -16.452661 26.220900 20.918374 -52.095629 -18.947367 4.289219
0.567279 -4.194775 -0.249834 -0.815779 -0.980148 -0.845384 0.162652
0.572045 -4.194420 -0.249675 -0.802936 -0.999104 -0.837704 0.144291
0.572105 -4.195274 -0.249689 -0.803096 -0.999126 -0.837149 0.144311
0.572165 -4.196126 -0.249703 -0.803254 -0.999151 -0.836605 0.144327
0.572225 -4.196962 -0.249718 -0.803412 -0.999175 -0.836064 0.144345
0.572285 -4.197790 -0.249732 -0.803568 -0.999200 -0.835530 0.144364
0.572344 -4.198608 -0.249747 -0.803724 -0.999226 -0.835002 0.144382
0.572403 -4.199415 -0.249762 -0.803879 -0.999253 -0.834480 0.144401
0.572462 -4.200214 -0.249777 -0.804033 -0.999281 -0.833964 0.144420
0.572520 -4.201003 -0.249792 -0.804187 -0.999310 -0.833453 0.144439
-13.823486 -21.385229 44.337736 25.796639 -43.830616 -28.151988 8.846495
0.570923 -4.206416 -0.251711 -0.811603 -0.993291 -0.843581 0.157930
0.572694 -4.203322 -0.249836 -0.804643 -0.999402 -0.831956 0.144496
0.572751 -4.204077 -0.249851 -0.804794 -0.999434 -0.831469 0.144516
0.572808 -4.204821 -0.249866 -0.804943 -0.999466 -0.830986 0.144535
0.572864 -4.205555 -0.249882 -0.805091 -0.999498 -0.830509 0.144556
0.572920 -4.206283 -0.249897 -0.805238 -0.999532 -0.830038 0.144575
0.572976 -4.207001 -0.249912 -0.805385 -0.999566 -0.829571 0.144595
0.573031 -4.207714 -0.249927 -0.805531 -0.999601 -0.829112 0.144615
0.573086 -4.208415 -0.249942 -0.805675 -0.999636 -0.828655 0.144635
0.573141 -4.209112 -0.249957 -0.805819 -0.999672 -0.828206 0.144654
0.573196 -4.209797 -0.249973 -0.805963 -0.999708 -0.827760 0.144675
-13.778881 -21.428763 44.232850 25.733742 -43.725337 -28.059801 8.813142
0.571833 -4.214451 -0.251627 -0.812329 -0.994587 -0.836393 0.156227
0.573357 -4.211808 -0.250019 -0.806387 -0.999821 -0.826454 0.144736
0.573410 -4.212460 -0.250034 -0.806526 -0.999859 -0.826028 0.144758
0.573463 -4.213111 -0.250049 -0.806665 -0.999897 -0.825609 0.144777
0.573515 -4.213750 -0.250064 -0.806802 -0.999936 -0.825193 0.144798
0.573568 -4.214382 -0.250080 -0.806939 -0.999976 -0.824782 0.144818
0.573619 -4.215006 -0.250095 -0.807074 -1.000015 -0.824375 0.144839
0.573671 -4.215624 -0.250110 -0.807209 -1.000055 -0.823974 0.144859
0.573722 -4.216229 -0.250125 -0.807343 -1.000095 -0.823575 0.144882
0.573772 -4.216835 -0.250140 -0.807475 -1.000136 -0.823184 0.144901
0.573848 -4.216791 -0.250202 -0.807650 -1.000163 -0.822518 0.145256
0.573867 -4.218136 -0.250160 -0.807721 -1.000216 -0.822464 0.144877
0.573918 -4.218735 -0.250177 -0.807864 -1.000263 -0.822080 0.144898
0.573968 -4.219303 -0.250192 -0.807992 -1.000305 -0.821705 0.144921
0.574017 -4.219865 -0.250207 -0.808120 -1.000346 -0.821334 0.144943
0.574065 -4.220419 -0.250223 -0.808247 -1.000388 -0.820967 0.144967
0.574138 -4.220369 -0.250282 -0.808413 -1.000420 -0.820349 0.145308
0.574156 -4.221619 -0.250243 -0.808482 -1.000470 -0.820293 0.144951
0.574205 -4.222168 -0.250260 -0.808617 -1.000518 -0.819934 0.144974
0.574276 -4.222114 -0.250318 -0.808779 -1.000552 -0.819338 0.145309
0.574295 -4.223314 -0.250281 -0.808848 -1.000601 -0.819281 0.144964
0.574343 -4.223837 -0.250298 -0.808979 -1.000648 -0.818934 0.144990
7.009198 -6.990760 -10.848586 1.038288 -20.530876 -5.156260 0.011564
0.574168 -4.225418 -0.251956 -0.809796 -1.004480 -0.819452 0.144534
0.574481 -4.225312 -0.250344 -0.809336 -1.000777 -0.817927 0.145071
0.574548 -4.225256 -0.250400 -0.809489 -1.000815 -0.817373 0.145392
0.574566 -4.226368 -0.250367 -0.809556 -1.000861 -0.817315 0.145069
0.574612 -4.226847 -0.250383 -0.809680 -1.000908 -0.816990 0.145096
0.574679 -4.226785 -0.250437 -0.809830 -1.000948 -0.816455 0.145412
0.574696 -4.227853 -0.250406 -0.809895 -1.000992 -0.816396 0.145100
0.574741 -4.228311 -0.250422 -0.810016 -1.001039 -0.816082 0.145129
0.574806 -4.228243 -0.250475 -0.810162 -1.001080 -0.815565 0.145441
0.574823 -4.229268 -0.250445 -0.810226 -1.001122 -0.815505 0.145139
0.574889 -4.229213 -0.250499 -0.810377 -1.001168 -0.814998 0.145445
0.574927 -4.229724 -0.250506 -0.810474 -1.001209 -0.814737 0.145424
0.574945 -4.230717 -0.250479 -0.810545 -1.001253 -0.814673 0.145133
0.574988 -4.231124 -0.250496 -0.810658 -1.001300 -0.814376 0.145169
0.575030 -4.231512 -0.250512 -0.810764 -1.001342 -0.814086 0.145207
0.575071 -4.231896 -0.250528 -0.810869 -1.001385 -0.813798 0.145244
0.575112 -4.232278 -0.250543 -0.810973 -1.001428 -0.813514 0.145280
0.575153 -4.232649 -0.250559 -0.811076 -1.001470 -0.813230 0.145319
0.575194 -4.233017 -0.250575 -0.811178 -1.001513 -0.812950 0.145357
0.575234 -4.233380 -0.250591 -0.811280 -1.001555 -0.812672 0.145396
0.575294 -4.233308 -0.250639 -0.811412 -1.001602 -0.812222 0.145684
0.575310 -4.234177 -0.250615 -0.811471 -1.001638 -0.812157 0.145424
0.575351 -4.234532 -0.250632 -0.811576 -1.001683 -0.811884 0.145462
0.575390 -4.234873 -0.250648 -0.811674 -1.001725 -0.811617 0.145503
0.575429 -4.235208 -0.250663 -0.811772 -1.001767 -0.811351 0.145543
0.575468 -4.235537 -0.250679 -0.811868 -1.001808 -0.811088 0.145585
0.575506 -4.235865 -0.250695 -0.811964 -1.001850 -0.810827 0.145625
0.575545 -4.236187 -0.250711 -0.812059 -1.001892 -0.810569 0.145666
0.575583 -4.236505 -0.250726 -0.812153 -1.001933 -0.810312 0.145707
0.575621 -4.236818 -0.250742 -0.812247 -1.001975 -0.810058 0.145749
0.575658 -4.237130 -0.250757 -0.812339 -1.002016 -0.809807 0.145789
0.575696 -4.237431 -0.250773 -0.812432 -1.002057 -0.809556 0.145833
0.575733 -4.237731 -0.250789 -0.812523 -1.002098 -0.809307 0.145875
0.575770 -4.238029 -0.250804 -0.812613 -1.002139 -0.809061 0.145917
0.575806 -4.238321 -0.250820 -0.812703 -1.002180 -0.808817 0.145960
0.575844 -4.238609 -0.250836 -0.812793 -1.002221 -0.808575 0.146003
0.575879 -4.238896 -0.250851 -0.812881 -1.002261 -0.808336 0.146044
0.575915 -4.239174 -0.250867 -0.812969 -1.002302 -0.808096 0.146089
0.575928 -4.240280 -0.250828 -0.813038 -1.002376 -0.808180 0.145716
0.575982 -4.239886 -0.250888 -0.813143 -1.002392 -0.807695 0.146093
0.576033 -4.239813 -0.250928 -0.813250 -1.002439 -0.807334 0.146343
0.576048 -4.240487 -0.250911 -0.813300 -1.002466 -0.807266 0.146133
0.576083 -4.240757 -0.250927 -0.813387 -1.002508 -0.807040 0.146174
0.576134 -4.240693 -0.250967 -0.813498 -1.002558 -0.806688 0.146419
0.576125 -4.242108 -0.250900 -0.813527 -1.002611 -0.806914 0.145823
0.576194 -4.241427 -0.250982 -0.813658 -1.002644 -0.806337 0.146382
0.618978 -4.219942 -0.285789 -0.955164 -0.982556 -0.857456 0.142172
0.576479 -4.242724 -0.250950 -0.813898 -1.003276 -0.806225 0.146107
0.576266 -4.242746 -0.250981 -0.813855 -1.002751 -0.805933 0.146152
0.576298 -4.242983 -0.250995 -0.813931 -1.002789 -0.805730 0.146192
0.576330 -4.243219 -0.251009 -0.814008 -1.002827 -0.805527 0.146231
0.576362 -4.243452 -0.251023 -0.814084 -1.002866 -0.805326 0.146271
0.576394 -4.243681 -0.251037 -0.814160 -1.002904 -0.805127 0.146310
0.576403 -4.244594 -0.251005 -0.814214 -1.002959 -0.805191 0.145986
0.576452 -4.244264 -0.251056 -0.814308 -1.002986 -0.804791 0.146318
0.576482 -4.244480 -0.251069 -0.814377 -1.003022 -0.804601 0.146356
0.576490 -4.245363 -0.251038 -0.814429 -1.003074 -0.804664 0.146038
7.049328 -7.038050 -11.345839 0.957187 -20.968273 -5.159499 -0.052931
0.576500 -4.245341 -0.251778 -0.814563 -1.004735 -0.804144 0.146331
0.576575 -4.246114 -0.251069 -0.814637 -1.003187 -0.804159 0.146084
0.576622 -4.245814 -0.251117 -0.814726 -1.003217 -0.803790 0.146395
0.576629 -4.246643 -0.251087 -0.814770 -1.003262 -0.803853 0.146088
0.576653 -4.246967 -0.251091 -0.814835 -1.003302 -0.803728 0.146056
0.576697 -4.246679 -0.251137 -0.814919 -1.003331 -0.803381 0.146353
0.576724 -4.246887 -0.251148 -0.814982 -1.003367 -0.803219 0.146379
0.576752 -4.247099 -0.251159 -0.815048 -1.003403 -0.803057 0.146404
0.576779 -4.247307 -0.251170 -0.815113 -1.003440 -0.802897 0.146430
0.576806 -4.247513 -0.251181 -0.815178 -1.003476 -0.802739 0.146455
0.576832 -4.247716 -0.251192 -0.815241 -1.003512 -0.802582 0.146480
0.576859 -4.247916 -0.251203 -0.815305 -1.003548 -0.802427 0.146505
0.576885 -4.248114 -0.251214 -0.815367 -1.003583 -0.802273 0.146531
0.576891 -4.248856 -0.251187 -0.815406 -1.003621 -0.802327 0.146246
0.576933 -4.248605 -0.251228 -0.815487 -1.003655 -0.802015 0.146520
0.576957 -4.248793 -0.251239 -0.815545 -1.003689 -0.801870 0.146543
0.576983 -4.248984 -0.251249 -0.815604 -1.003724 -0.801725 0.146566
0.577008 -4.249173 -0.251259 -0.815664 -1.003758 -0.801581 0.146588
0.577032 -4.249360 -0.251269 -0.815722 -1.003793 -0.801440 0.146610
0.577057 -4.249542 -0.251280 -0.815781 -1.003827 -0.801299 0.146633
0.577081 -4.249723 -0.251290 -0.815839 -1.003861 -0.801160 0.146655
0.577105 -4.249901 -0.251300 -0.815896 -1.003895 -0.801022 0.146678
0.577129 -4.250077 -0.251310 -0.815952 -1.003929 -0.800885 0.146701
0.577153 -4.250251 -0.251320 -0.816008 -1.003962 -0.800750 0.146723
0.577177 -4.250423 -0.251330 -0.816064 -1.003995 -0.800616 0.146746
0.577202 -4.250600 -0.251341 -0.816125 -1.004031 -0.800475 0.146767
0.577223 -4.250760 -0.251350 -0.816174 -1.004061 -0.800352 0.146791
0.577259 -4.250733 -0.251375 -0.816249 -1.004110 -0.800148 0.146950
0.577267 -4.251126 -0.251366 -0.816277 -1.004123 -0.800106 0.146809
0.577290 -4.251287 -0.251376 -0.816332 -1.004156 -0.799978 0.146832
0.577312 -4.251444 -0.251386 -0.816384 -1.004188 -0.799852 0.146855
0.577335 -4.251598 -0.251395 -0.816436 -1.004220 -0.799727 0.146878
0.577357 -4.251751 -0.251405 -0.816488 -1.004252 -0.799603 0.146901
0.577360 -4.252324 -0.251383 -0.816514 -1.004275 -0.799639 0.146668
0.577397 -4.252130 -0.251418 -0.816585 -1.004314 -0.799394 0.146897
0.577418 -4.252277 -0.251427 -0.816633 -1.004344 -0.799277 0.146918
0.577420 -4.252831 -0.251406 -0.816658 -1.004365 -0.799313 0.146689
0.577261 -4.248855 -0.251342 -0.811757 -1.004182 -0.798008 0.147001
0.577456 -4.253164 -0.251417 -0.816721 -1.004420 -0.799101 0.146684
0.577492 -4.253006 -0.251450 -0.816815 -1.004460 -0.798890 0.146899
0.577494 -4.253535 -0.251429 -0.816835 -1.004479 -0.798928 0.146674
0.577527 -4.253362 -0.251460 -0.816900 -1.004517 -0.798709 0.146883
0.577557 -4.253346 -0.251481 -0.816963 -1.004561 -0.798546 0.147016
0.577564 -4.253677 -0.251473 -0.816985 -1.004571 -0.798515 0.146888
0.577583 -4.253816 -0.251481 -0.817029 -1.004600 -0.798414 0.146902
0.577601 -4.253952 -0.251488 -0.817073 -1.004628 -0.798315 0.146917
0.577620 -4.254086 -0.251496 -0.817116 -1.004657 -0.798216 0.146931
0.577638 -4.254219 -0.251504 -0.817158 -1.004685 -0.798119 0.146946
0.594810 -4.241818 -0.335930 -0.783835 -1.107303 -0.747226 0.162630
0.577668 -4.254529 -0.251583 -0.817302 -1.004906 -0.798047 0.146933
0.577693 -4.254606 -0.251526 -0.817283 -1.004768 -0.797833 0.146988
0.577710 -4.254732 -0.251533 -0.817324 -1.004795 -0.797740 0.147002
0.577738 -4.254717 -0.251553 -0.817382 -1.004838 -0.797594 0.147124
0.577744 -4.255007 -0.251545 -0.817401 -1.004846 -0.797566 0.147009
0.577761 -4.255128 -0.251553 -0.817441 -1.004873 -0.797476 0.147024
0.577788 -4.255113 -0.251572 -0.817498 -1.004915 -0.797335 0.147142
0.577793 -4.255390 -0.251565 -0.817516 -1.004922 -0.797308 0.147032
0.577810 -4.255504 -0.251572 -0.817555 -1.004949 -0.797220 0.147047
0.577827 -4.255616 -0.251579 -0.817593 -1.004975 -0.797134 0.147062
0.577843 -4.255727 -0.251586 -0.817630 -1.005001 -0.797049 0.147077
0.577860 -4.255837 -0.251593 -0.817667 -1.005026 -0.796965 0.147091
0.577876 -4.255944 -0.251600 -0.817704 -1.005052 -0.796882 0.147106
0.577892 -4.256050 -0.251607 -0.817741 -1.005077 -0.796799 0.147121
0.577908 -4.256155 -0.251613 -0.817777 -1.005102 -0.796718 0.147136
0.577924 -4.256259 -0.251620 -0.817813 -1.005127 -0.796637 0.147151
0.577939 -4.256361 -0.251627 -0.817848 -1.005152 -0.796557 0.147165
0.577955 -4.256462 -0.251634 -0.817883 -1.005176 -0.796478 0.147180
0.577970 -4.256562 -0.251640 -0.817918 -1.005201 -0.796400 0.147195
0.577986 -4.256659 -0.251647 -0.817952 -1.005225 -0.796322 0.147210
0.578001 -4.256757 -0.251653 -0.817986 -1.005249 -0.796246 0.147224
0.578016 -4.256852 -0.251660 -0.818020 -1.005273 -0.796170 0.147238
0.578030 -4.256947 -0.251666 -0.818053 -1.005297 -0.796095 0.147253
0.578045 -4.257040 -0.251673 -0.818086 -1.005320 -0.796021 0.147267
0.578060 -4.257131 -0.251679 -0.818119 -1.005344 -0.795947 0.147282
0.578072 -4.257260 -0.251682 -0.818147 -1.005363 -0.795889 0.147268
0.578086 -4.257354 -0.251688 -0.818179 -1.005386 -0.795819 0.147279
0.578100 -4.257446 -0.251694 -0.818210 -1.005409 -0.795750 0.147291
0.578114 -4.257537 -0.251700 -0.818241 -1.005431 -0.795681 0.147302
0.619658 -4.234415 -0.284943 -0.960557 -0.985361 -0.845911 0.143305
0.578224 -4.257718 -0.251712 -0.818322 -1.005660 -0.795559 0.147350
0.578155 -4.257799 -0.251717 -0.818332 -1.005498 -0.795480 0.147338
0.578168 -4.257884 -0.251723 -0.818362 -1.005520 -0.795414 0.147351
0.578181 -4.257967 -0.251729 -0.818392 -1.005542 -0.795348 0.147363
0.578195 -4.258049 -0.251734 -0.818421 -1.005563 -0.795283 0.147376
0.578208 -4.258129 -0.251740 -0.818450 -1.005585 -0.795219 0.147389
0.578221 -4.258207 -0.251746 -0.818479 -1.005606 -0.795155 0.147402
0.578234 -4.258284 -0.251752 -0.818507 -1.005627 -0.795091 0.147415
0.578246 -4.258360 -0.251757 -0.818536 -1.005648 -0.795029 0.147429
0.578259 -4.258434 -0.251763 -0.818564 -1.005669 -0.794966 0.147443
0.578272 -4.258507 -0.251769 -0.818591 -1.005690 -0.794904 0.147457
7.058273 -7.060690 -11.348477 0.945762 -20.946388 -5.149510 -0.053997
0.578274 -4.258661 -0.251995 -0.818631 -1.006229 -0.794758 0.147477
0.578309 -4.258717 -0.251786 -0.818673 -1.005751 -0.794720 0.147501
0.578322 -4.258784 -0.251791 -0.818700 -1.005771 -0.794660 0.147516
0.578334 -4.258850 -0.251797 -0.818727 -1.005791 -0.794600 0.147531
0.578346 -4.258914 -0.251803 -0.818753 -1.005811 -0.794540 0.147547
0.578358 -4.258977 -0.251808 -0.818779 -1.005830 -0.794480 0.147563
0.578370 -4.259038 -0.251814 -0.818805 -1.005850 -0.794421 0.147579
0.578382 -4.259098 -0.251820 -0.818831 -1.005869 -0.794362 0.147596
0.578082 -4.263270 -0.251461 -0.818309 -1.005314 -0.795860 0.144245
