-0.677511 2.896124 -0.693398 6.769090 5.156693 6.905814 -0.014187
-0.567245 2.921253 -0.596277 6.575340 5.562022 6.735447 -0.003634
-0.495952 2.931461 -0.537635 6.328250 5.918095 6.536007 0.005539
-0.425126 2.941650 -0.479467 6.078473 6.264195 6.334046 0.013704
-0.354842 2.951217 -0.421829 5.831515 6.600230 6.132466 0.020954
-0.285689 2.959724 -0.365332 5.590620 6.926827 5.933022 0.027353
-0.219189 2.966018 -0.311606 5.358267 7.245294 5.736639 0.032941
-0.152826 2.972189 -0.257932 5.134420 7.554017 5.544457 0.037778
-0.088026 2.977650 -0.205803 4.919746 7.853851 5.356647 0.041883
-0.024945 2.982391 -0.155371 4.714515 8.144784 5.173430 0.045276
0.036284 2.986376 -0.106759 4.518826 8.426742 4.994909 0.047977
0.095564 2.989584 -0.060058 4.332695 8.699638 4.821140 0.050001
0.152781 2.991927 -0.015376 4.156018 8.963335 4.652076 0.051363
0.207841 2.993328 0.027200 3.988658 9.217701 4.487651 0.052076
0.260683 2.993761 0.067615 3.830493 9.462652 4.327817 0.052158
0.311210 2.993113 0.105777 3.681293 9.698006 4.172422 0.051620
0.359379 2.991369 0.141647 3.540905 9.923709 4.021396 0.050481
0.405129 2.988467 0.175172 3.409105 10.139613 3.874599 0.048758
0.448416 2.984371 0.206310 3.285683 10.345626 3.731905 0.046468
0.487534 2.977569 0.233228 3.171447 10.542236 3.592843 0.043641
0.523948 2.969049 0.257487 3.065486 10.728869 3.457497 0.040286
0.558996 2.960032 0.280544 2.966858 10.905022 3.326089 0.036437
0.591436 2.949634 0.301092 2.875565 11.070629 3.198088 0.032094
0.621191 2.937837 0.319075 2.791502 11.225313 3.073451 0.027287
0.648597 2.924820 0.334801 2.713860 11.370014 2.951692 0.022079
0.662261 2.926337 0.332730 2.558251 11.685379 2.793491 0.020214
0.676411 2.885444 0.338569 2.555216 11.687227 2.702863 0.015946
0.656140 2.825635 0.327014 2.733313 11.519702 2.789044 0.035062
0.697199 2.797840 0.339763 2.546390 11.677140 2.498114 0.000400
0.705970 2.762745 0.339921 2.551577 11.672796 2.411041 -0.005026
0.708946 2.724175 0.334406 2.560047 11.660106 2.325133 -0.011527
0.702054 2.691042 0.329948 2.603480 11.735739 2.334498 0.012949
0.707336 2.652494 0.309555 2.516941 11.719860 2.099099 -0.031817
0.680516 2.583425 0.270936 2.552677 11.722580 2.006028 -0.037392
0.669353 2.525667 0.248654 2.572985 11.734151 1.912052 -0.041415
0.691282 2.496013 0.250055 2.419595 12.034381 1.712484 -0.043097
0.653349 2.423413 0.207469 2.566820 11.841583 1.696715 -0.048389
0.636409 2.360864 0.178890 2.585327 11.858418 1.600324 -0.052136
0.590766 2.272095 0.141569 2.768285 11.755779 1.673334 -0.017547
0.655648 2.270950 0.159297 2.389327 12.233854 1.245061 -0.064431
0.607795 2.212338 0.106140 2.538681 12.059286 1.236000 -0.068830
0.588288 2.145382 0.073837 2.558241 12.088569 1.135994 -0.071609
0.571101 2.085734 0.043001 2.572666 12.131252 1.032519 -0.074703
0.553555 2.023867 0.011288 2.590789 12.174990 0.928643 -0.078204
0.535740 1.958689 -0.021227 2.613974 12.219034 0.824768 -0.082066
0.517516 1.889150 -0.054656 2.643411 12.261632 0.721389 -0.086135
0.496054 1.811607 -0.091734 2.682720 12.299274 0.619478 -0.089413
0.529350 1.736353 -0.086534 2.526199 12.615295 0.365448 -0.085190
0.479795 1.641078 -0.137027 2.708188 12.650983 0.391783 -0.059219
0.468457 1.542475 -0.175474 2.706104 12.530361 0.217934 -0.087271
0.446906 1.438768 -0.212859 2.758086 12.557526 0.114575 -0.080650
0.416506 1.300712 -0.259451 2.854527 12.557096 0.024478 -0.078413
0.332043 1.121028 -0.343414 3.168630 12.500178 0.102722 -0.053588
0.307144 0.941336 -0.387162 3.252213 12.487585 -0.017599 -0.045501
0.332650 0.785169 -0.396332 3.126460 12.508180 -0.304614 -0.050369
0.294867 0.601277 -0.449033 3.244420 12.482273 -0.392860 -0.030928
0.255675 0.394042 -0.501943 3.376825 12.433499 -0.475413 -0.009014
0.214632 0.182749 -0.556147 3.510163 12.375489 -0.555512 0.013665
0.172083 -0.028071 -0.611472 3.641096 12.310654 -0.633674 0.035742
0.208030 0.090845 -0.608647 3.775485 12.190199 -0.581631 0.083687
0.050574 -0.635061 -0.768394 3.821628 12.132063 -0.956182 0.041596
0.077385 -0.618358 -0.757365 3.792600 12.314709 -1.043641 0.104455
-0.018980 -0.787671 -0.854003 4.065625 12.049700 -0.953570 0.102558
-0.066984 -0.928724 -0.914242 4.138780 11.978925 -1.024125 0.108391
-0.115600 -1.018218 -0.976312 4.171615 11.932320 -1.096709 0.102024
-0.161913 -1.058243 -1.037084 4.165472 11.905252 -1.170916 0.084356
-0.204111 -1.043061 -1.094967 4.114743 11.902022 -1.248081 0.054297
-0.190567 -1.074235 -1.110429 3.871316 12.086798 -1.530493 0.049515
-0.264781 -0.853183 -1.193979 3.835325 12.017875 -1.457155 -0.036578
-0.283616 -0.714685 -1.230686 3.673395 12.066158 -1.545054 -0.090380
-0.377012 -0.429231 -1.340555 3.650425 12.229466 -1.464367 -0.201143
-0.367826 -0.295805 -1.349080 3.440062 12.244297 -1.579081 -0.246412
-0.283832 -0.294985 -1.281408 3.077677 12.121968 -1.851617 -0.234088
-0.291494 -0.168757 -1.302822 2.903967 12.131943 -1.934559 -0.268622
-0.285098 -0.075510 -1.308125 2.740400 12.123562 -2.020910 -0.291721
-0.349718 0.073714 -1.382786 2.768353 12.208554 -1.951203 -0.342013
-0.318611 0.074830 -1.358496 2.613007 12.118431 -2.062319 -0.332751
-0.290899 0.057539 -1.335401 2.465376 12.011870 -2.172012 -0.313768
-0.139692 -0.045392 -1.203804 1.934912 11.964206 -2.640409 -0.272899
-0.167277 -0.040252 -1.218060 1.969486 11.727054 -2.556087 -0.236112
-0.151520 -0.102450 -1.200587 1.893690 11.591816 -2.626193 -0.206604
-0.156603 -0.178006 -1.201359 1.878010 11.398151 -2.649989 -0.186966
-0.097917 -0.206517 -1.160639 1.592289 11.451661 -2.921247 -0.192099
-0.122293 -0.260537 -1.164573 1.673740 11.166108 -2.820465 -0.138584
-0.109150 -0.342727 -1.145120 1.617430 11.004857 -2.879866 -0.104771
-0.102270 -0.407655 -1.130837 1.561578 10.837645 -2.929191 -0.074785
-0.084681 -0.452660 -1.106606 1.480585 10.697780 -2.989239 -0.049573
-0.051609 -0.500556 -1.064030 1.349026 10.504847 -3.071671 -0.024318
-0.012874 -0.539195 -1.015101 1.202323 10.310401 -3.157249 -0.003046
0.090778 -0.452095 -0.927962 0.801468 10.338024 -3.423045 -0.067723
0.088365 -0.525337 -0.899409 0.819218 10.008827 -3.360429 -0.000300
0.143196 -0.533133 -0.834789 0.649518 9.850338 -3.443932 0.001303
0.202030 -0.512902 -0.766574 0.460831 9.711018 -3.528694 -0.003914
0.266130 -0.482709 -0.693265 0.262332 9.585270 -3.615218 -0.013642
0.334681 -0.447250 -0.615489 0.056211 9.471407 -3.704463 -0.025713
0.406611 -0.412287 -0.534088 -0.155368 9.367603 -3.798035 -0.037657
0.398485 -0.307604 -0.539211 -0.167660 9.394478 -3.752374 -0.073301
0.487459 -0.325347 -0.437717 -0.406296 9.269201 -3.882666 -0.070918
0.660413 -0.406905 -0.245280 -0.859094 9.034819 -4.163691 -0.042257
0.819927 -0.299143 -0.100814 -1.345294 9.097476 -4.462574 -0.098983
0.829287 -0.357156 -0.058445 -1.362467 8.901230 -4.440980 -0.052664
0.894691 -0.429352 0.020778 -1.543808 8.787586 -4.576287 -0.030919
0.871398 -0.407543 0.006427 -1.520363 8.777786 -4.548816 -0.036010
1.034731 -0.457602 0.159796 -1.984098 8.749028 -4.899545 -0.052105
1.225615 -0.592992 0.364711 -2.495207 8.565505 -5.284903 -0.013094
1.215784 -0.686280 0.387863 -2.487304 8.395155 -5.285885 0.038170
1.263133 -0.817190 0.448859 -2.636513 8.277940 -5.443234 0.069477
1.309715 -0.933704 0.508442 -2.793388 8.170668 -5.603134 0.096546
1.256231 -0.957694 0.463192 -2.707744 8.133418 -5.555023 0.091034
1.401338 -1.247410 0.625882 -3.101684 7.927508 -5.965409 0.158801
1.429142 -1.375601 0.667198 -3.233406 7.811319 -6.126817 0.190468
1.446901 -1.548829 0.697303 -3.334851 7.685939 -6.291361 0.222394
1.347868 -1.642775 0.606117 -3.149892 7.597504 -6.207436 0.221965
1.478344 -1.967786 0.753017 -3.533434 7.407011 -6.660079 0.290486
1.464886 -2.159357 0.754050 -3.580932 7.245401 -6.801186 0.326308
1.444086 -2.383894 0.746009 -3.609372 7.082832 -6.947205 0.359460
1.413571 -2.616249 0.728666 -3.620032 6.909768 -7.084263 0.391991
1.374165 -2.853784 0.702944 -3.614986 6.726847 -7.211669 0.423560
1.197978 -3.008476 0.535663 -3.267846 6.545951 -7.022100 0.420895
-4.510071 -9.153460 -5.352463 7.457462 11.277252 -2.487246 -1.660859
0.710857 -9.009429 -1.318871 -1.177940 10.277861 -8.383621 -2.497463
1.120388 -3.759333 0.495115 -3.378129 5.843654 -7.452185 0.499586
1.118523 -3.958216 0.508001 -3.484675 5.651312 -7.634009 0.521105
1.016480 -4.095479 0.433207 -3.340025 5.498826 -7.622615 0.539254
1.100632 -4.431473 0.542776 -3.650155 5.257883 -8.067365 0.595815
0.920244 -4.393010 0.375958 -3.257424 5.060299 -7.675591 0.552329
1.109698 -4.756638 0.582443 -3.803979 4.761672 -8.269105 0.600636
1.105096 -4.759210 0.597195 -3.825820 4.565020 -8.225901 0.575038
1.033452 -4.520836 0.529710 -3.588256 4.482804 -7.780250 0.479397
1.080187 -4.768811 0.602405 -3.807646 4.396442 -8.178554 0.516811
1.048453 -4.426984 0.571130 -3.593812 4.416733 -7.691166 0.408016
1.199156 -4.675066 0.737799 -3.999182 4.310084 -8.164427 0.426840
1.282572 -4.557178 0.826708 -4.111684 4.322214 -8.123212 0.373649
1.388003 -4.459542 0.930999 -4.268201 4.394162 -8.138334 0.321097
1.498097 -4.389209 1.037925 -4.437171 4.486089 -8.190640 0.276647
1.602873 -4.360376 1.138685 -4.605548 4.581698 -8.280597 0.243373
1.694195 -4.380063 1.226280 -4.762036 4.667018 -8.404083 0.222456
1.766541 -4.446964 1.295966 -4.897432 4.732943 -8.551859 0.213140
1.818600 -4.556079 1.347018 -5.009289 4.774300 -8.716226 0.213423
1.763391 -4.538742 1.290887 -4.880712 4.816253 -8.623158 0.216314
1.816631 -4.699546 1.340269 -4.992252 4.841763 -8.871070 0.224573
1.823061 -4.936590 1.356218 -5.092686 4.789179 -9.083517 0.242853
1.912170 -5.316970 1.453595 -5.379317 4.723416 -9.533683 0.258480
1.771507 -5.360567 1.326236 -5.123636 4.606974 -9.399312 0.280865
1.867843 -5.721588 1.425607 -5.420336 4.592323 -9.838544 0.283493
1.810266 -5.905700 1.383253 -5.377922 4.468568 -9.921423 0.296961
1.759310 -6.079651 1.342653 -5.346619 4.382191 -10.004704 0.302645
1.723995 -6.368540 1.329757 -5.402526 4.047586 -10.123416 0.319571
1.608712 -6.353847 1.228012 -5.215733 3.925112 -9.972370 0.322226
1.646959 -6.566496 1.266069 -5.359437 4.063991 -10.232172 0.298939
1.547201 -6.709776 1.188190 -5.247864 3.866297 -10.196125 0.295910
1.477976 -6.816985 1.134043 -5.184918 3.743288 -10.175595 0.285045
1.410077 -6.907154 1.081655 -5.122504 3.619583 -10.138995 0.271442
1.257820 -6.992083 0.961810 -4.944100 3.187436 -9.961203 0.278424
1.373777 -7.206058 1.089623 -5.263625 3.163816 -10.236276 0.259781
1.229196 -6.971356 0.955731 -4.952617 3.176198 -9.896339 0.227676
1.251173 -7.212684 0.991750 -5.102937 3.078432 -10.050710 0.207381
1.223292 -7.227057 0.983428 -5.099193 2.945722 -10.000192 0.186704
1.155036 -7.078740 0.930358 -4.974453 2.840703 -9.815915 0.163237
1.298216 -7.411954 1.101344 -5.400766 2.601467 -10.198778 0.163605
1.225839 -7.119111 1.028688 -5.187583 2.708547 -9.906204 0.121707
1.252065 -7.335382 1.065680 -5.330965 2.634178 -10.036225 0.103743
1.270956 -7.340356 1.095184 -5.390203 2.579901 -10.052466 0.078360
1.396145 -7.352053 1.238835 -5.660134 2.448237 -10.302628 0.060188
1.350529 -7.426324 1.187534 -5.602900 2.547691 -10.212503 0.036173
1.352928 -7.454940 1.195412 -5.627062 2.509433 -10.221752 0.011063
1.358825 -7.485063 1.203148 -5.655475 2.510808 -10.242203 -0.010258
1.357474 -7.517867 1.202788 -5.668970 2.514400 -10.251547 -0.029720
1.348646 -7.551621 1.194448 -5.667297 2.517818 -10.247308 -0.047084
1.484743 -7.760596 1.346203 -5.984452 2.429544 -10.602425 -0.055992
1.361172 -7.653841 1.209707 -5.724624 2.529081 -10.314371 -0.074931
1.322943 -7.681308 1.172891 -5.666866 2.501936 -10.244901 -0.086085
1.440392 -7.894182 1.307260 -5.944963 2.408554 -10.563880 -0.091702
1.459630 -7.960980 1.329910 -5.996209 2.421756 -10.625208 -0.099077
1.456238 -8.022342 1.331704 -6.008371 2.395925 -10.637564 -0.105717
1.287660 -7.755368 1.146355 -5.612609 2.490767 -10.189643 -0.112595
1.372517 -7.985033 1.252704 -5.842040 2.347300 -10.443727 -0.115309
1.263658 -8.010263 1.140786 -5.677291 2.351383 -10.222177 -0.119847
1.227817 -8.001325 1.110410 -5.612008 2.284619 -10.105612 -0.122052
1.321417 -8.196546 1.225059 -5.838218 2.167004 -10.357153 -0.128448
1.199943 -8.047458 1.094229 -5.583444 2.234187 -10.040460 -0.124648
1.278450 -8.224247 1.194741 -5.777285 2.081856 -10.238648 -0.132740
1.165812 -8.070307 1.073697 -5.540013 2.148876 -9.937428 -0.126122
1.126050 -8.045194 1.039742 -5.469566 2.074703 -9.810008 -0.126935
1.096382 -8.026833 1.015154 -5.417970 2.032675 -9.715699 -0.126138
1.049348 -7.883036 0.966996 -5.280741 2.032945 -9.540753 -0.122628
1.035317 -8.004067 0.964391 -5.320772 1.945506 -9.531560 -0.122740
1.012483 -7.974399 0.945599 -5.274535 1.899130 -9.435310 -0.121912
0.967447 -7.824268 0.898407 -5.137420 1.897744 -9.259513 -0.118142
0.952984 -7.928994 0.894189 -5.170026 1.816355 -9.237360 -0.116325
1.020922 -8.079962 0.978732 -5.319946 1.700878 -9.388759 -0.127749
1.025201 -8.088582 0.988714 -5.325804 1.697194 -9.375150 -0.122552
1.015976 -8.082959 0.984687 -5.303999 1.651307 -9.315165 -0.121628
0.923551 -7.890763 0.883428 -5.097752 1.668547 -9.023252 -0.110263
0.968075 -8.018970 0.942880 -5.195401 1.530672 -9.100689 -0.123157
0.895628 -7.838822 0.861525 -5.025141 1.584915 -8.863142 -0.107354
0.864723 -7.782441 0.831030 -4.951347 1.520949 -8.726131 -0.108387
0.843895 -7.735275 0.810767 -4.896562 1.484634 -8.621122 -0.106386
0.812184 -7.585159 0.773618 -4.774067 1.475506 -8.463590 -0.108581
0.868355 -7.832003 0.850754 -4.943543 1.342622 -8.598326 -0.112507
0.813084 -7.651843 0.784092 -4.798755 1.387620 -8.389443 -0.099809
0.746731 -7.551097 0.742382 -4.658089 1.390848 -8.357975 0.028778
0.776793 -7.539575 0.746143 -4.693743 1.331355 -8.162125 -0.080526
0.752373 -7.483325 0.719021 -4.615794 1.263166 -8.039460 -0.098342
0.793962 -7.597342 0.773558 -4.694939 1.158465 -8.090794 -0.110314
0.742558 -7.417135 0.709123 -4.553850 1.207217 -7.892684 -0.095101
0.766135 -7.428124 0.739055 -4.552058 1.100621 -7.869343 -0.120307
0.723728 -7.356082 0.690012 -4.478265 1.131932 -7.715902 -0.091020
0.707532 -7.293155 0.669603 -4.416339 1.076057 -7.589710 -0.095572
0.745416 -7.397638 0.719582 -4.483719 0.972284 -7.620692 -0.109168
0.694942 -7.138426 0.649227 -4.300523 1.032334 -7.411988 -0.105468
0.728318 -7.328643 0.700446 -4.402983 0.900289 -7.433991 -0.105915
0.691837 -7.159264 0.648446 -4.286721 0.939486 -7.271169 -0.092646
0.673862 -7.093365 0.625808 -4.216952 0.893470 -7.138696 -0.094233
0.709215 -7.189627 0.672232 -4.275824 0.790805 -7.154574 -0.110596
0.670950 -7.021493 0.618417 -4.155356 0.833831 -6.992052 -0.093031
0.654759 -6.956374 0.597020 -4.087176 0.789860 -6.861874 -0.094480
0.645427 -6.901201 0.583031 -4.036651 0.760116 -6.761812 -0.093053
0.636285 -6.846310 0.569030 -3.986493 0.730826 -6.662464 -0.091318
0.627268 -6.791350 0.554920 -3.936508 0.702126 -6.563761 -0.089266
0.618435 -6.736683 0.540799 -3.886911 0.673838 -6.465912 -0.086917
0.609716 -6.682125 0.526577 -3.837600 0.646113 -6.368852 -0.084204
0.601110 -6.627756 0.512262 -3.788609 0.618896 -6.272597 -0.081129
0.592669 -6.573732 0.497929 -3.740065 0.592101 -6.177329 -0.077739
0.584365 -6.520039 0.483549 -3.691967 0.565802 -6.083056 -0.073995
0.576193 -6.466621 0.469122 -3.644283 0.539975 -5.989795 -0.069940
0.606752 -6.546677 0.507477 -3.688794 0.446318 -5.980650 -0.091295
0.608122 -6.466909 0.501307 -3.640699 0.424584 -5.937350 -0.108374
0.569722 -6.320549 0.446356 -3.525526 0.453353 -5.780268 -0.079783
0.564976 -6.335871 0.439499 -3.511995 0.411573 -5.669593 -0.057740
0.561252 -6.288867 0.428433 -3.476776 0.383193 -5.594984 -0.055598
0.555099 -6.238346 0.415264 -3.432624 0.357576 -5.509453 -0.052186
0.549112 -6.188267 0.402120 -3.389002 0.332322 -5.425125 -0.048670
0.543277 -6.138693 0.389001 -3.345950 0.307519 -5.341969 -0.044981
0.537552 -6.089433 0.375859 -3.303347 0.283234 -5.259917 -0.041112
0.531979 -6.040655 0.362766 -3.261286 0.259385 -5.179013 -0.037091
0.560116 -6.111616 0.395633 -3.297456 0.172176 -5.159491 -0.060991
0.531620 -5.978305 0.350608 -3.213670 0.209666 -5.068583 -0.033208
0.524247 -5.921779 0.334455 -3.156753 0.176963 -4.961570 -0.031419
0.551855 -5.991438 0.365908 -3.191194 0.091197 -4.940442 -0.055580
0.524799 -5.862843 0.322957 -3.112681 0.128403 -4.857440 -0.028117
0.518764 -5.809197 0.307889 -3.058115 0.095799 -4.755196 -0.026420
0.515012 -5.765364 0.296261 -3.020887 0.073215 -4.683453 -0.022537
0.511374 -5.721944 0.284690 -2.984132 0.051121 -4.612824 -0.018453
0.507874 -5.679093 0.273227 -2.947925 0.029487 -4.543258 -0.014154
0.504465 -5.636625 0.261816 -2.912168 0.008416 -4.474728 -0.009611
0.501140 -5.594542 0.250454 -2.876829 -0.012122 -4.407177 -0.004819
0.497931 -5.552976 0.239195 -2.841984 -0.032191 -4.340641 0.000189
0.489288 -5.464790 0.220923 -2.779635 -0.044471 -4.282965 -0.010342
0.520701 -5.583160 0.254508 -2.833146 -0.132836 -4.238427 -0.013238
0.496574 -5.468881 0.217815 -2.778136 -0.090502 -4.187006 0.014833
0.493577 -5.422355 0.204899 -2.729108 -0.120526 -4.098636 0.017973
0.491184 -5.383370 0.194461 -2.696624 -0.139204 -4.037457 0.022999
0.488880 -5.344932 0.184130 -2.664604 -0.157446 -3.977214 0.028192
0.486646 -5.306934 0.173888 -2.633004 -0.175215 -3.917942 0.033515
0.484477 -5.269378 0.163733 -2.601804 -0.192520 -3.859595 0.038970
0.482400 -5.232360 0.153699 -2.571052 -0.209416 -3.802183 0.044522
0.505769 -5.292088 0.175309 -2.593368 -0.282146 -3.774152 0.025034
0.483153 -5.183486 0.142548 -2.538782 -0.240462 -3.723508 0.051101
0.482144 -5.143958 0.131340 -2.495032 -0.268462 -3.645712 0.054750
0.480644 -5.108793 0.122049 -2.465186 -0.284520 -3.593292 0.059882
0.503300 -5.167707 0.142019 -2.486397 -0.354665 -3.564610 0.041431
0.481858 -5.063361 0.111740 -2.435904 -0.313587 -3.519455 0.065449
0.481785 -5.027080 0.101475 -2.394024 -0.340944 -3.447807 0.068712
0.480882 -4.995140 0.092972 -2.367127 -0.356377 -3.398374 0.073147
0.480064 -4.963735 0.084610 -2.340627 -0.371511 -3.349843 0.077519
0.472306 -4.895575 0.071184 -2.293690 -0.372416 -3.314168 0.069246
0.480807 -4.910087 0.069288 -2.287184 -0.406452 -3.246820 0.088629
0.479098 -4.879665 0.061170 -2.268601 -0.416728 -3.208601 0.093108
0.478494 -4.849735 0.053215 -2.243204 -0.430606 -3.163381 0.097180
0.470719 -4.784965 0.040630 -2.198629 -0.429165 -3.131321 0.089391
0.479942 -4.799608 0.038804 -2.192239 -0.463749 -3.067570 0.107428
0.478249 -4.769972 0.031031 -2.174200 -0.472634 -3.031681 0.111546
0.477845 -4.741643 0.023533 -2.149871 -0.485344 -2.989536 0.115318
0.477479 -4.713765 0.016154 -2.125837 -0.497750 -2.948115 0.119062
0.477131 -4.686271 0.008876 -2.102066 -0.509816 -2.907406 0.122790
0.476850 -4.659363 0.001736 -2.078652 -0.521667 -2.867381 0.126504
0.476591 -4.632879 -0.005288 -2.055542 -0.533199 -2.828129 0.130164
0.495246 -4.684725 0.008266 -2.070446 -0.588428 -2.799955 0.118684
0.496166 -4.670008 0.006324 -2.067390 -0.594810 -2.780041 0.119089
0.480976 -4.581850 -0.016121 -2.016269 -0.570382 -2.736687 0.132892
0.483122 -4.560622 -0.023104 -1.984766 -0.591788 -2.688093 0.135352
0.475585 -4.506172 -0.032631 -1.946604 -0.585080 -2.664311 0.128476
3.828815 -6.341877 -5.998940 0.071963 -14.542381 -6.248398 0.222831
0.400085 -4.518442 -0.333387 -1.901303 -1.401058 -2.551278 0.126717
0.485709 -4.476899 -0.045875 -1.907274 -0.637402 -2.551753 0.146901
0.486135 -4.455769 -0.051465 -1.887668 -0.647519 -2.520148 0.149058
0.478694 -4.405428 -0.059967 -1.852080 -0.638886 -2.500165 0.142651
0.481966 -4.395424 -0.064419 -1.833849 -0.655268 -2.465713 0.146637
0.491715 -4.410888 -0.066260 -1.835785 -0.686097 -2.424981 0.158741
0.490780 -4.387301 -0.071737 -1.821205 -0.691144 -2.400082 0.160556
0.491370 -4.368738 -0.076843 -1.803390 -0.699976 -2.372904 0.162274
0.491969 -4.350671 -0.081874 -1.785986 -0.708498 -2.346632 0.163963
0.492623 -4.333286 -0.086807 -1.769052 -0.716827 -2.321222 0.165640
0.493317 -4.316548 -0.091641 -1.752596 -0.724934 -2.296691 0.167297
0.493674 -4.297897 -0.096334 -1.734484 -0.732724 -2.269669 0.168907
0.493505 -4.276065 -0.100839 -1.713610 -0.740132 -2.238471 0.170404
0.493383 -4.254953 -0.105254 -1.693260 -0.747271 -2.208322 0.171869
0.493308 -4.234554 -0.109582 -1.673427 -0.754154 -2.179192 0.173306
0.506792 -4.275128 -0.101017 -1.682439 -0.792580 -2.150947 0.167945
0.485773 -4.169961 -0.117064 -1.630701 -0.746407 -2.137574 0.167223
0.498281 -4.197209 -0.118677 -1.624326 -0.784965 -2.095339 0.176623
0.496987 -4.172974 -0.122822 -1.608117 -0.787528 -2.070952 0.177526
0.497163 -4.155934 -0.126600 -1.590638 -0.793409 -2.046372 0.178481
0.497348 -4.139412 -0.130312 -1.573585 -0.799012 -2.022656 0.179414
0.497569 -4.123521 -0.133944 -1.556975 -0.804414 -1.999756 0.180324
0.497830 -4.108253 -0.137499 -1.540822 -0.809639 -1.977624 0.181231
0.498102 -4.093506 -0.140986 -1.525074 -0.814632 -1.956258 0.182121
0.498403 -4.079334 -0.144402 -1.509744 -0.819448 -1.935615 0.183000
0.498728 -4.065707 -0.147743 -1.494816 -0.824080 -1.915653 0.183869
0.499066 -4.052584 -0.151014 -1.480267 -0.828518 -1.896343 0.184727
0.492026 -4.017831 -0.155424 -1.453350 -0.814148 -1.886530 0.180608
0.502306 -4.038764 -0.156937 -1.454734 -0.843000 -1.858294 0.187631
0.494067 -3.997715 -0.161345 -1.428976 -0.825403 -1.849182 0.183503
0.504176 -4.018652 -0.162874 -1.430649 -0.853542 -1.822226 0.190188
0.503189 -3.999500 -0.166079 -1.417524 -0.853968 -1.805166 0.190745
0.503479 -3.988687 -0.168976 -1.404601 -0.857201 -1.788963 0.191459
0.514059 -4.022731 -0.163575 -1.412887 -0.885526 -1.766516 0.188905
0.504014 -3.961472 -0.173006 -1.383560 -0.862769 -1.755561 0.191322
0.505852 -3.963602 -0.175574 -1.370782 -0.869801 -1.740580 0.192357
0.506133 -3.954197 -0.178147 -1.358794 -0.872539 -1.725600 0.192929
0.516162 -3.986321 -0.173215 -1.366467 -0.899352 -1.703133 0.190727
0.506617 -3.928879 -0.181705 -1.338523 -0.877426 -1.693414 0.192633
0.501653 -3.914264 -0.184521 -1.316181 -0.866519 -1.687958 0.189714
0.510900 -3.934795 -0.185910 -1.318775 -0.891688 -1.664941 0.194860
0.509959 -3.918529 -0.188282 -1.306876 -0.891235 -1.650034 0.194999
0.510138 -3.910753 -0.190412 -1.295881 -0.893260 -1.636361 0.195297
0.510240 -3.903073 -0.192499 -1.284985 -0.895007 -1.623046 0.195559
0.504077 -3.879644 -0.194917 -1.264439 -0.880525 -1.617875 0.192501
0.512781 -3.899403 -0.196277 -1.267223 -0.903993 -1.596680 0.197009
0.511838 -3.884494 -0.198343 -1.255961 -0.903123 -1.583014 0.197046
0.511889 -3.877910 -0.200209 -1.245846 -0.904402 -1.570873 0.197234
0.505848 -3.856638 -0.202301 -1.226563 -0.889856 -1.566807 0.194385
0.516458 -3.892855 -0.198578 -1.236053 -0.917399 -1.546165 0.193766
0.515132 -3.862200 -0.204362 -1.222539 -0.915678 -1.530018 0.198178
0.515378 -3.860916 -0.206020 -1.213212 -0.917275 -1.519484 0.198419
0.515408 -3.855700 -0.207597 -1.203975 -0.918116 -1.508564 0.198474
0.515395 -3.850619 -0.209134 -1.194884 -0.918780 -1.497939 0.198514
0.523342 -3.874996 -0.206091 -1.200856 -0.939572 -1.478782 0.197351
0.523178 -3.860071 -0.206815 -1.192201 -0.939908 -1.464319 0.196527
0.516492 -3.829949 -0.211687 -1.170910 -0.923509 -1.460631 0.197115
0.512142 -3.825174 -0.212936 -1.156030 -0.912502 -1.459810 0.194878
0.514094 -3.830588 -0.214088 -1.150993 -0.917751 -1.449779 0.195508
0.520479 -3.840393 -0.215292 -1.152453 -0.934754 -1.431561 0.198294
0.519459 -3.828934 -0.216520 -1.142812 -0.932702 -1.421093 0.197889
0.519367 -3.825541 -0.217643 -1.134905 -0.932734 -1.412086 0.197679
0.519283 -3.822387 -0.218736 -1.127185 -0.932740 -1.403283 0.197472
0.519193 -3.819436 -0.219795 -1.119628 -0.932686 -1.394695 0.197263
0.519101 -3.816702 -0.220824 -1.112240 -0.932587 -1.386312 0.197056
0.519011 -3.814185 -0.221822 -1.105023 -0.932454 -1.378126 0.196852
0.518917 -3.811860 -0.222794 -1.097966 -0.932275 -1.370140 0.196652
0.520736 -3.820337 -0.220608 -1.095662 -0.936917 -1.359705 0.193860
0.515522 -3.796443 -0.223904 -1.079526 -0.923548 -1.356819 0.194233
0.522103 -3.815811 -0.224937 -1.082997 -0.940456 -1.342972 0.196609
0.521102 -3.806748 -0.225769 -1.074612 -0.938028 -1.334449 0.196114
0.520958 -3.805205 -0.226562 -1.068136 -0.937558 -1.327261 0.195818
0.520823 -3.803849 -0.227330 -1.061823 -0.937087 -1.320229 0.195527
0.520659 -3.802596 -0.228079 -1.055614 -0.936514 -1.313408 0.195234
0.559460 -3.630167 -0.306202 -0.950743 -0.869075 -1.476979 0.181268
0.593650 -3.816113 -0.185783 -1.140419 -1.008417 -1.356618 0.212792
0.520244 -3.800076 -0.230201 -1.037959 -0.934848 -1.293878 0.194397
0.515916 -3.792780 -0.230614 -1.026996 -0.923327 -1.294107 0.192585
0.527498 -3.821026 -0.229590 -1.038715 -0.953196 -1.271689 0.194151
0.520462 -3.789623 -0.231727 -1.020811 -0.934973 -1.270194 0.193379
0.527141 -3.813096 -0.230469 -1.026626 -0.952010 -1.256313 0.193206
0.521061 -3.789849 -0.232451 -1.011111 -0.935998 -1.256104 0.192557
0.517978 -3.793802 -0.232721 -1.003576 -0.927418 -1.258164 0.191102
0.523175 -3.806156 -0.233624 -1.005979 -0.940483 -1.246075 0.192587
0.518533 -3.794834 -0.233765 -0.994717 -0.928204 -1.245716 0.190752
0.523549 -3.806740 -0.234654 -0.997010 -0.940778 -1.233991 0.192147
0.519013 -3.796235 -0.234748 -0.986159 -0.928734 -1.233869 0.190366
0.523869 -3.807742 -0.235621 -0.988368 -0.940871 -1.222482 0.191677
0.523022 -3.802527 -0.235993 -0.982143 -0.938425 -1.216662 0.191162
0.522873 -3.803411 -0.236411 -0.977734 -0.937607 -1.211868 0.190804
0.527851 -3.813374 -0.235548 -0.980148 -0.950423 -1.197536 0.190479
0.522465 -3.796617 -0.236838 -0.967391 -0.935948 -1.198847 0.189741
0.523201 -3.806289 -0.237279 -0.965600 -0.937214 -1.195662 0.189603
0.523095 -3.807579 -0.237636 -0.961605 -0.936471 -1.191197 0.189246
0.523039 -3.809031 -0.237976 -0.957767 -0.935851 -1.186753 0.188899
0.527681 -3.817206 -0.237285 -0.959716 -0.947803 -1.172925 0.188639
0.522694 -3.803480 -0.238305 -0.948332 -0.934269 -1.174782 0.187908
0.520353 -3.810277 -0.238373 -0.943621 -0.927443 -1.177394 0.186790
0.521463 -3.816877 -0.238808 -0.942194 -0.929732 -1.172832 0.186775
0.526411 -3.823365 -0.238277 -0.944256 -0.942548 -1.158106 0.186725
0.526641 -3.816241 -0.238317 -0.939256 -0.942974 -1.149674 0.186311
0.523306 -3.812402 -0.239246 -0.931688 -0.933528 -1.151911 0.185921
0.527379 -3.823606 -0.239967 -0.933991 -0.943532 -1.142781 0.186774
0.526677 -3.820659 -0.240086 -0.929136 -0.941305 -1.138382 0.186240
0.526577 -3.822696 -0.240292 -0.925882 -0.940514 -1.134697 0.185828
0.524386 -3.788579 -0.263146 -0.876857 -0.948270 -1.026554 0.220669
0.525917 -3.827481 -0.242975 -0.919550 -0.944120 -1.128462 0.184519
0.526310 -3.829238 -0.240882 -0.916634 -0.938203 -1.124178 0.184638
0.530198 -3.834245 -0.240489 -0.917727 -0.948223 -1.111725 0.184454
0.527359 -3.827144 -0.240070 -0.910253 -0.940503 -1.110237 0.183093
0.524988 -3.830447 -0.240790 -0.905583 -0.933376 -1.113459 0.182741
0.528518 -3.839735 -0.241441 -0.907487 -0.941980 -1.105232 0.183367
0.527961 -3.838028 -0.241476 -0.903442 -0.940088 -1.101483 0.182871
0.527904 -3.840524 -0.241611 -0.900776 -0.939389 -1.098346 0.182468
0.527863 -3.843104 -0.241744 -0.898198 -0.938729 -1.095275 0.182073
6.734763 -6.217680 -10.700568 1.332710 -21.205799 -5.434817 0.210086
0.521927 -3.880759 -0.284329 -0.929570 -1.035290 -1.081718 0.176701
0.527774 -3.851214 -0.242129 -0.890902 -0.936828 -1.086520 0.180927
0.531136 -3.854051 -0.241900 -0.891436 -0.945513 -1.075100 0.180785
0.528787 -3.849507 -0.241472 -0.885359 -0.939016 -1.074118 0.179659
0.528884 -3.854616 -0.242269 -0.883804 -0.938374 -1.073102 0.179865
0.529070 -3.859307 -0.242389 -0.882183 -0.938262 -1.070626 0.179520
0.529086 -3.862158 -0.242482 -0.880059 -0.937751 -1.067914 0.179146
0.548790 -4.133622 -0.261692 -1.122383 -1.000764 -0.980995 0.182021
0.538614 -3.943884 -0.251231 -0.943847 -0.957158 -1.040806 0.179744
0.529176 -3.871009 -0.242757 -0.874070 -0.936325 -1.060157 0.178056
0.529216 -3.874052 -0.242847 -0.872193 -0.935873 -1.057704 0.177702
0.529272 -3.877136 -0.242937 -0.870385 -0.935465 -1.055289 0.177356
0.530356 -3.878662 -0.242536 -0.868958 -0.938151 -1.048886 0.176724
0.528180 -3.880583 -0.242763 -0.865114 -0.931605 -1.051837 0.176247
0.530795 -3.886528 -0.243288 -0.866359 -0.937909 -1.045212 0.176572
0.530483 -3.886789 -0.243261 -0.863724 -0.936619 -1.042677 0.176192
0.530547 -3.889996 -0.243336 -0.862118 -0.936234 -1.040491 0.175851
0.533241 -3.890388 -0.243269 -0.862064 -0.943229 -1.030541 0.175772
0.530585 -3.890876 -0.243285 -0.857559 -0.935463 -1.034033 0.175142
0.533690 -3.895102 -0.243357 -0.858792 -0.943430 -1.024710 0.175118
0.531146 -3.895955 -0.243352 -0.854515 -0.935955 -1.028139 0.174498
0.534178 -3.899765 -0.243434 -0.855658 -0.943745 -1.018906 0.174478
0.531733 -3.900927 -0.243408 -0.851583 -0.936534 -1.022270 0.173864
0.530857 -3.909403 -0.243338 -0.850495 -0.933487 -1.024244 0.173140
0.532975 -3.912669 -0.243772 -0.851058 -0.938602 -1.018033 0.173363
0.532792 -3.913483 -0.243729 -0.848956 -0.937659 -1.015808 0.173029
0.532919 -3.916699 -0.243782 -0.847708 -0.937465 -1.013845 0.172712
0.533050 -3.919934 -0.243835 -0.846504 -0.937285 -1.011926 0.172400
0.531872 -3.924997 -0.243658 -0.844534 -0.933545 -1.013522 0.171684
0.533812 -3.927830 -0.244067 -0.845023 -0.938221 -1.007733 0.171880
0.533756 -3.929147 -0.244126 -0.843274 -0.937460 -1.005704 0.171579
0.532582 -3.934292 -0.243867 -0.841444 -0.933865 -1.007394 0.170879
0.535179 -3.934072 -0.244004 -0.841711 -0.940671 -0.998268 0.170949
0.536645 -3.930291 -0.244159 -0.840296 -0.944364 -0.990953 0.171164
0.536783 -3.930060 -0.244079 -0.838384 -0.944369 -0.987712 0.170892
0.536007 -3.933557 -0.243869 -0.836431 -0.941808 -0.987774 0.170247
0.538056 -3.934713 -0.244209 -0.836732 -0.946904 -0.981003 0.170456
0.536348 -3.939062 -0.244122 -0.834329 -0.941591 -0.984242 0.169887
0.536871 -3.944959 -0.244262 -0.834317 -0.942396 -0.982682 0.169595
0.535961 -3.950052 -0.244091 -0.832769 -0.939388 -0.983956 0.168933
0.536553 -3.954101 -0.244230 -0.832504 -0.940457 -0.981709 0.168709
0.537998 -3.954574 -0.244526 -0.832358 -0.943914 -0.976232 0.168858
0.537908 -3.955834 -0.244427 -0.830750 -0.943269 -0.974623 0.168553
0.538071 -3.958947 -0.244456 -0.829908 -0.943231 -0.972996 0.168245
0.539897 -3.957066 -0.244508 -0.829386 -0.948035 -0.965300 0.168265
0.539976 -3.956207 -0.244404 -0.827506 -0.947940 -0.962278 0.168024
0.538785 -3.962892 -0.244379 -0.826265 -0.943964 -0.965405 0.167450
0.539269 -3.968239 -0.244502 -0.826298 -0.944706 -0.963965 0.167148
0.538546 -3.973421 -0.244350 -0.825104 -0.942201 -0.965114 0.166514
0.539990 -3.974924 -0.244648 -0.825348 -0.945692 -0.960344 0.166644
0.539991 -3.976492 -0.244598 -0.824131 -0.945279 -0.958714 0.166377
0.540176 -3.979500 -0.244621 -0.823444 -0.945314 -0.957216 0.166096
0.540366 -3.982513 -0.244646 -0.822787 -0.945364 -0.955744 0.165820
-6.004098 -15.539326 28.652106 22.890595 -57.483196 -21.386561 4.768176
0.506450 -3.996663 -0.247432 -0.912795 -0.808503 -1.001488 0.299833
0.541327 -3.987979 -0.244722 -0.820517 -0.946770 -0.949263 0.165220
0.540811 -3.993921 -0.244612 -0.819832 -0.944795 -0.950434 0.164604
0.542078 -3.995113 -0.244877 -0.820028 -0.947860 -0.946125 0.164731
0.541344 -3.999189 -0.244683 -0.818735 -0.945371 -0.947181 0.164143
0.542567 -4.000335 -0.244941 -0.818924 -0.948324 -0.943006 0.164268
0.542597 -4.002184 -0.244900 -0.817988 -0.948002 -0.941680 0.164019
0.542786 -4.005160 -0.244925 -0.817494 -0.948074 -0.940414 0.163756
0.542967 -4.008160 -0.244949 -0.817020 -0.948124 -0.939206 0.163492
0.544332 -4.005672 -0.245030 -0.816418 -0.951756 -0.933010 0.163610
0.543773 -4.007843 -0.244820 -0.814889 -0.949850 -0.933015 0.163117
0.566447 -4.332618 -0.266560 -1.094663 -1.024455 -0.836902 0.166321
0.548248 -4.054860 -0.249182 -0.845747 -0.957630 -0.923937 0.162930
0.544623 -4.019618 -0.245138 -0.814784 -0.950659 -0.930277 0.162482
0.544684 -4.021527 -0.245105 -0.814030 -0.950441 -0.929080 0.162255
0.544877 -4.024390 -0.245130 -0.813653 -0.950546 -0.927934 0.162010
0.545071 -4.027241 -0.245156 -0.813296 -0.950659 -0.926806 0.161769
0.544663 -4.032440 -0.245059 -0.812802 -0.949025 -0.927819 0.161195
0.545663 -4.033166 -0.245277 -0.812953 -0.951448 -0.924280 0.161344
0.545736 -4.035173 -0.245253 -0.812328 -0.951270 -0.923220 0.161129
0.546893 -4.032546 -0.245342 -0.811725 -0.954372 -0.917790 0.161305
0.546101 -4.038327 -0.245235 -0.811103 -0.951578 -0.920227 0.160766
0.546459 -4.042339 -0.245331 -0.811297 -0.952104 -0.919244 0.160509
0.546651 -4.045112 -0.245360 -0.811049 -0.952234 -0.918245 0.160284
-15.335966 -20.613799 47.408433 27.467594 -46.577249 -30.856056 9.754956
0.536936 -4.068497 -0.258054 -0.852771 -0.918264 -0.981231 0.244614
0.546720 -4.053342 -0.245281 -0.809711 -0.951251 -0.916340 0.159398
0.547240 -4.057161 -0.245430 -0.810168 -0.952251 -0.915045 0.159208
0.548352 -4.053766 -0.245535 -0.809527 -0.955294 -0.909738 0.159507
0.548607 -4.053595 -0.245514 -0.808726 -0.955756 -0.907657 0.159480
0.548671 -4.057619 -0.245596 -0.808837 -0.955422 -0.907728 0.159316
0.548910 -4.060603 -0.245641 -0.808790 -0.955685 -0.906804 0.159097
0.549893 -4.057953 -0.245731 -0.808212 -0.958344 -0.902067 0.159320
0.549295 -4.063662 -0.245639 -0.807903 -0.956110 -0.904154 0.158783
0.549178 -4.069351 -0.245630 -0.808064 -0.955274 -0.904915 0.158208
0.549965 -4.069678 -0.245803 -0.808173 -0.957200 -0.902004 0.158379
0.550381 -4.068567 -0.245760 -0.807302 -0.958222 -0.899134 0.158301
0.550716 -4.069087 -0.245785 -0.806854 -0.958894 -0.897214 0.158259
0.550384 -4.075068 -0.245767 -0.806987 -0.957395 -0.898833 0.157758
0.550762 -4.077777 -0.245857 -0.807165 -0.958080 -0.897618 0.157601
0.551423 -4.077549 -0.245984 -0.807057 -0.959696 -0.894874 0.157803
0.551538 -4.079490 -0.245976 -0.806741 -0.959683 -0.894027 0.157621
0.551725 -4.081938 -0.246005 -0.806647 -0.959852 -0.893184 0.157421
0.551907 -4.084394 -0.246034 -0.806566 -0.960011 -0.892374 0.157221
0.552093 -4.086811 -0.246063 -0.806496 -0.960185 -0.891559 0.157025
0.552910 -4.084282 -0.246151 -0.805964 -0.962411 -0.887547 0.157292
0.552467 -4.089853 -0.246077 -0.805927 -0.960634 -0.889334 0.156745
0.552744 -4.092922 -0.246151 -0.806160 -0.961039 -0.888550 0.156527
0.552582 -4.097314 -0.246106 -0.806141 -0.960151 -0.889166 0.156005
0.552882 -4.099522 -0.246177 -0.806259 -0.960671 -0.888122 0.155874
0.554042 -4.094518 -0.246350 -0.805709 -0.963999 -0.882745 0.156562
0.554163 -4.094781 -0.246308 -0.805090 -0.964111 -0.881458 0.156507
0.553867 -4.100847 -0.246285 -0.805405 -0.962733 -0.883083 0.155937
0.554689 -4.098983 -0.246411 -0.805147 -0.964963 -0.879418 0.156209
0.554327 -4.104318 -0.246348 -0.805224 -0.963437 -0.880991 0.155669
0.555129 -4.102419 -0.246472 -0.804959 -0.965617 -0.877398 0.155949
0.554785 -4.107670 -0.246411 -0.805055 -0.964150 -0.878912 0.155412
0.555044 -4.110327 -0.246479 -0.805279 -0.964545 -0.878144 0.155221
0.555223 -4.112434 -0.246510 -0.805287 -0.964745 -0.877417 0.155053
0.555116 -4.116413 -0.246478 -0.805351 -0.964042 -0.877883 0.154560
0.555674 -4.116424 -0.246605 -0.805432 -0.965430 -0.875743 0.154783
0.556297 -4.113691 -0.246666 -0.804820 -0.967161 -0.872456 0.155121
0.556000 -4.118802 -0.246614 -0.805002 -0.965842 -0.873857 0.154587
0.556718 -4.116878 -0.246731 -0.804730 -0.967810 -0.870604 0.154895
0.556438 -4.121898 -0.246681 -0.804926 -0.966544 -0.871947 0.154366
0.556677 -4.124305 -0.246745 -0.805156 -0.966913 -0.871233 0.154193
0.556853 -4.126237 -0.246777 -0.805202 -0.967128 -0.870548 0.154044
0.557025 -4.128171 -0.246809 -0.805257 -0.967336 -0.869884 0.153894
0.557638 -4.125804 -0.246892 -0.804803 -0.969042 -0.866846 0.154239
0.557392 -4.130669 -0.246849 -0.805053 -0.967889 -0.868092 0.153716
0.557377 -4.134690 -0.246855 -0.805358 -0.967457 -0.868438 0.153230
0.557623 -4.136340 -0.246914 -0.805502 -0.967902 -0.867577 0.153148
0.558068 -4.136009 -0.247008 -0.805471 -0.969022 -0.865750 0.153403
0.558200 -4.137613 -0.247021 -0.805446 -0.969141 -0.865151 0.153274
0.558364 -4.139444 -0.247054 -0.805531 -0.969342 -0.864546 0.153133
0.558526 -4.141263 -0.247087 -0.805622 -0.969542 -0.863952 0.152993
0.558686 -4.143068 -0.247119 -0.805719 -0.969739 -0.863370 0.152855
0.559227 -4.140874 -0.247198 -0.805308 -0.971255 -0.860707 0.153211
0.559402 -4.141547 -0.247210 -0.805131 -0.971556 -0.859759 0.153185
0.559625 -4.142526 -0.247246 -0.805100 -0.971980 -0.858783 0.153146
0.559849 -4.143470 -0.247282 -0.805066 -0.972410 -0.857799 0.153112
0.559713 -4.148220 -0.247274 -0.805523 -0.971589 -0.858793 0.152592
0.559918 -4.150127 -0.247329 -0.805744 -0.971919 -0.858164 0.152459
0.559880 -4.153302 -0.247316 -0.805922 -0.971482 -0.858419 0.152027
0.560099 -4.154680 -0.247370 -0.806069 -0.971887 -0.857655 0.151970
0.560828 -4.150640 -0.247498 -0.805580 -0.974069 -0.854214 0.152724
0.560642 -4.154722 -0.247455 -0.805833 -0.973144 -0.855173 0.152237
0.561169 -4.152901 -0.247552 -0.805578 -0.974623 -0.852752 0.152597
0.561345 -4.153463 -0.247567 -0.805440 -0.974948 -0.851848 0.152592
0.561559 -4.154274 -0.247604 -0.805421 -0.975370 -0.850921 0.152575
0.561590 -4.156503 -0.247597 -0.805464 -0.975185 -0.850763 0.152256
0.561724 -4.159096 -0.247652 -0.805865 -0.975279 -0.850622 0.152128
0.561720 -4.162004 -0.247649 -0.806063 -0.974957 -0.850763 0.151722
0.561929 -4.163170 -0.247699 -0.806187 -0.975359 -0.850007 0.151684
0.562288 -4.162777 -0.247777 -0.806171 -0.976283 -0.848546 0.151957
0.562422 -4.164003 -0.247796 -0.806197 -0.976460 -0.847987 0.151869
0.562575 -4.165357 -0.247828 -0.806290 -0.976688 -0.847418 0.151773
0.562562 -4.168077 -0.247821 -0.806464 -0.976358 -0.847558 0.151377
0.562920 -4.167853 -0.247907 -0.806517 -0.977281 -0.846171 0.151638
0.563173 -4.167160 -0.247929 -0.806204 -0.977918 -0.844779 0.151731
0.563547 -4.166174 -0.248003 -0.806083 -0.978930 -0.843143 0.152087
0.563448 -4.169903 -0.247987 -0.806430 -0.978291 -0.843824 0.151619
0.563623 -4.171357 -0.248033 -0.806610 -0.978585 -0.843255 0.151520
0.563769 -4.172610 -0.248064 -0.806705 -0.978808 -0.842715 0.151432
0.563914 -4.173847 -0.248095 -0.806802 -0.979031 -0.842180 0.151347
0.564057 -4.175078 -0.248125 -0.806901 -0.979248 -0.841657 0.151260
0.564198 -4.176298 -0.248156 -0.807001 -0.979464 -0.841140 0.151175
0.564338 -4.177503 -0.248186 -0.807103 -0.979678 -0.840630 0.151091
0.564476 -4.178701 -0.248216 -0.807206 -0.979888 -0.840131 0.151007
0.564613 -4.179881 -0.248246 -0.807310 -0.980098 -0.839635 0.150925
7.127466 -6.913861 -11.219467 0.253128 -21.128825 -5.422835 -0.325495
0.564772 -4.181291 -0.250688 -0.806883 -0.986329 -0.837191 0.151146
0.565063 -4.182785 -0.248340 -0.807532 -0.980884 -0.837907 0.150771
0.565196 -4.183906 -0.248369 -0.807637 -0.981091 -0.837429 0.150695
0.565328 -4.185016 -0.248398 -0.807742 -0.981296 -0.836958 0.150619
0.565458 -4.186117 -0.248428 -0.807849 -0.981499 -0.836494 0.150544
0.565586 -4.187207 -0.248457 -0.807957 -0.981699 -0.836037 0.150470
0.565714 -4.188287 -0.248486 -0.808066 -0.981897 -0.835587 0.150396
0.565839 -4.189359 -0.248514 -0.808176 -0.982092 -0.835146 0.150323
0.565963 -4.190419 -0.248543 -0.808287 -0.982285 -0.834710 0.150251
0.566085 -4.191471 -0.248571 -0.808399 -0.982475 -0.834283 0.150180
0.566421 -4.189922 -0.248635 -0.808166 -0.983447 -0.832723 0.150557
0.566565 -4.190362 -0.248658 -0.808147 -0.983734 -0.832096 0.150579
0.566516 -4.193434 -0.248656 -0.808519 -0.983300 -0.832560 0.150150
0.566653 -4.194516 -0.248694 -0.808676 -0.983535 -0.832118 0.150080
0.566773 -4.195482 -0.248722 -0.808782 -0.983728 -0.831697 0.150018
0.566892 -4.196433 -0.248750 -0.808889 -0.983920 -0.831280 0.149958
0.567009 -4.197378 -0.248778 -0.808996 -0.984109 -0.830870 0.149898
0.567125 -4.198316 -0.248805 -0.809104 -0.984296 -0.830468 0.149838
0.567132 -4.200234 -0.248806 -0.809280 -0.984099 -0.830514 0.149517
0.567378 -4.199997 -0.248869 -0.809330 -0.984753 -0.829594 0.149770
0.567482 -4.200856 -0.248890 -0.809412 -0.984910 -0.829219 0.149714
0.567592 -4.201763 -0.248917 -0.809521 -0.985087 -0.828841 0.149655
0.567701 -4.202664 -0.248943 -0.809632 -0.985260 -0.828470 0.149596
0.567992 -4.201304 -0.249002 -0.809445 -0.986111 -0.827153 0.149965
0.568122 -4.201693 -0.249026 -0.809451 -0.986377 -0.826614 0.149993
0.568084 -4.204350 -0.249025 -0.809786 -0.986011 -0.826987 0.149594
0.568203 -4.205261 -0.249058 -0.809927 -0.986218 -0.826604 0.149538
0.568310 -4.206085 -0.249084 -0.810031 -0.986394 -0.826239 0.149488
0.568415 -4.206899 -0.249110 -0.810135 -0.986569 -0.825878 0.149439
0.568519 -4.207707 -0.249136 -0.810239 -0.986740 -0.825524 0.149390
0.568791 -4.206425 -0.249193 -0.810073 -0.987542 -0.824309 0.149756
0.568748 -4.208828 -0.249186 -0.810353 -0.987178 -0.824655 0.149378
0.569027 -4.207627 -0.249248 -0.810224 -0.987994 -0.823452 0.149740
0.569150 -4.207956 -0.249272 -0.810238 -0.988254 -0.822950 0.149777
0.569122 -4.210319 -0.249272 -0.810537 -0.987938 -0.823252 0.149406
0.569234 -4.211095 -0.249303 -0.810661 -0.988140 -0.822886 0.149365
0.569336 -4.211800 -0.249329 -0.810756 -0.988317 -0.822534 0.149330
0.569594 -4.210581 -0.249384 -0.810607 -0.989080 -0.821400 0.149695
0.569560 -4.212762 -0.249378 -0.810861 -0.988761 -0.821685 0.149340
0.569823 -4.211619 -0.249438 -0.810746 -0.989535 -0.820563 0.149701
0.569792 -4.213739 -0.249433 -0.810991 -0.989229 -0.820830 0.149353
0.569900 -4.214433 -0.249463 -0.811105 -0.989429 -0.820471 0.149322
0.569999 -4.215065 -0.249488 -0.811192 -0.989607 -0.820127 0.149295
0.577272 -4.243915 -0.257613 -0.856473 -0.977429 -0.778703 0.148572
0.570398 -4.216403 -0.249550 -0.810882 -0.990369 -0.819538 0.149315
0.570290 -4.216913 -0.249561 -0.811450 -0.990132 -0.819116 0.149217
0.570308 -4.218239 -0.249565 -0.811579 -0.990020 -0.819089 0.148968
0.570496 -4.217987 -0.249615 -0.811622 -0.990535 -0.818405 0.149208
0.570510 -4.219256 -0.249616 -0.811735 -0.990415 -0.818383 0.148965
0.570694 -4.219016 -0.249665 -0.811780 -0.990918 -0.817717 0.149202
7.010884 -6.976231 -10.863799 1.051700 -20.539426 -5.148676 0.018397
0.570574 -4.222671 -0.252237 -0.814775 -0.997024 -0.817419 0.148501
0.570973 -4.220587 -0.249734 -0.812008 -0.991440 -0.816746 0.149169
0.570989 -4.221824 -0.249738 -0.812130 -0.991335 -0.816719 0.148929
0.571163 -4.221610 -0.249785 -0.812176 -0.991810 -0.816095 0.149156
0.571246 -4.222151 -0.249804 -0.812247 -0.991954 -0.815807 0.149131
0.571331 -4.222712 -0.249826 -0.812330 -0.992105 -0.815518 0.149103
0.571415 -4.223267 -0.249848 -0.812412 -0.992254 -0.815232 0.149075
0.571431 -4.224440 -0.249852 -0.812529 -0.992153 -0.815206 0.148843
0.571595 -4.224242 -0.249897 -0.812577 -0.992602 -0.814623 0.149062
0.571673 -4.224762 -0.249916 -0.812647 -0.992737 -0.814353 0.149036
0.571753 -4.225297 -0.249937 -0.812728 -0.992879 -0.814082 0.149008
0.571832 -4.225828 -0.249958 -0.812809 -0.993019 -0.813816 0.148980
0.571911 -4.226349 -0.249979 -0.812888 -0.993158 -0.813552 0.148954
0.571988 -4.226868 -0.249999 -0.812968 -0.993295 -0.813292 0.148926
0.572003 -4.227951 -0.250003 -0.813077 -0.993199 -0.813268 0.148704
0.572153 -4.227778 -0.250044 -0.813126 -0.993613 -0.812740 0.148911
0.572225 -4.228266 -0.250062 -0.813195 -0.993737 -0.812495 0.148885
0.572299 -4.228764 -0.250082 -0.813272 -0.993866 -0.812249 0.148857
0.572424 -4.228493 -0.250110 -0.813232 -0.994196 -0.811719 0.148975
0.572416 -4.229919 -0.250111 -0.813411 -0.994020 -0.811843 0.148715
0.572561 -4.229764 -0.250152 -0.813464 -0.994419 -0.811342 0.148916
0.572631 -4.230221 -0.250170 -0.813531 -0.994540 -0.811105 0.148893
0.572701 -4.230694 -0.250189 -0.813606 -0.994664 -0.810871 0.148867
0.572771 -4.231162 -0.250208 -0.813680 -0.994787 -0.810641 0.148840
0.572840 -4.231623 -0.250226 -0.813754 -0.994908 -0.810412 0.148815
0.572907 -4.232083 -0.250245 -0.813827 -0.995027 -0.810189 0.148788
0.572974 -4.232541 -0.250263 -0.813900 -0.995142 -0.809970 0.148760
0.572986 -4.233474 -0.250267 -0.813996 -0.995058 -0.809945 0.148558
0.573063 -4.233818 -0.250289 -0.814067 -0.995216 -0.809692 0.148568
0.573190 -4.233670 -0.250323 -0.814109 -0.995566 -0.809255 0.148756
0.573252 -4.234100 -0.250339 -0.814174 -0.995671 -0.809050 0.148729
-13.733498 -21.553822 44.061799 25.618875 -43.493941 -27.891066 8.748316
0.572147 -4.237559 -0.251757 -0.819067 -0.991812 -0.816046 0.157912
0.573437 -4.235396 -0.250391 -0.814386 -0.995990 -0.808446 0.148646
0.573497 -4.235820 -0.250408 -0.814455 -0.996094 -0.808251 0.148619
0.573556 -4.236239 -0.250424 -0.814524 -0.996195 -0.808059 0.148591
0.573565 -4.237094 -0.250427 -0.814611 -0.996111 -0.808044 0.148396
0.573633 -4.237414 -0.250447 -0.814678 -0.996249 -0.807824 0.148403
0.573746 -4.237294 -0.250478 -0.814723 -0.996562 -0.807442 0.148575
0.573800 -4.237692 -0.250493 -0.814785 -0.996652 -0.807265 0.148547
0.573855 -4.238096 -0.250509 -0.814852 -0.996745 -0.807088 0.148518
0.573909 -4.238497 -0.250524 -0.814919 -0.996836 -0.806916 0.148488
0.573916 -4.239302 -0.250527 -0.815001 -0.996751 -0.806905 0.148299
0.574024 -4.239207 -0.250557 -0.815050 -0.997048 -0.806550 0.148461
0.574074 -4.239588 -0.250571 -0.815111 -0.997130 -0.806388 0.148432
0.574124 -4.239979 -0.250586 -0.815176 -0.997213 -0.806228 0.148401
0.574259 -4.239429 -0.250621 -0.815153 -0.997620 -0.805719 0.148653
0.574240 -4.240552 -0.250617 -0.815280 -0.997439 -0.805840 0.148397
0.574374 -4.240025 -0.250653 -0.815266 -0.997844 -0.805340 0.148645
0.574356 -4.241117 -0.250650 -0.815388 -0.997667 -0.805456 0.148394
0.574488 -4.240597 -0.250685 -0.815375 -0.998067 -0.804965 0.148641
0.574471 -4.241657 -0.250682 -0.815494 -0.997896 -0.805075 0.148396
0.574521 -4.242010 -0.250698 -0.815559 -0.997984 -0.804918 0.148371
0.574648 -4.241494 -0.250731 -0.815542 -0.998369 -0.804446 0.148616
0.574632 -4.242511 -0.250728 -0.815655 -0.998205 -0.804549 0.148378
0.574680 -4.242846 -0.250743 -0.815718 -0.998292 -0.804396 0.148356
0.574688 -4.243509 -0.250746 -0.815785 -0.998223 -0.804380 0.148191
0.574742 -4.243755 -0.250762 -0.815840 -0.998335 -0.804208 0.148200
0.574908 -4.242859 -0.250807 -0.815816 -0.998879 -0.803612 0.148608
0.574892 -4.243811 -0.250804 -0.815917 -0.998720 -0.803708 0.148378
0.574938 -4.244127 -0.250818 -0.815977 -0.998802 -0.803564 0.148357
0.574982 -4.244431 -0.250831 -0.816030 -0.998879 -0.803424 0.148336
0.575026 -4.244731 -0.250844 -0.816084 -0.998954 -0.803286 0.148315
0.575069 -4.245028 -0.250857 -0.816137 -0.999029 -0.803151 0.148295
0.575111 -4.245322 -0.250869 -0.816189 -0.999102 -0.803018 0.148274
0.575223 -4.244878 -0.250899 -0.816183 -0.999444 -0.802613 0.148500
0.575173 -4.246058 -0.250887 -0.816285 -0.999161 -0.802816 0.148149
0.575222 -4.246281 -0.250902 -0.816339 -0.999264 -0.802662 0.148157
0.575269 -4.246493 -0.250916 -0.816387 -0.999361 -0.802514 0.148165
0.575383 -4.246007 -0.250947 -0.816382 -0.999715 -0.802108 0.148412
0.575477 -4.245798 -0.250973 -0.816411 -0.999990 -0.801799 0.148594
0.570538 -4.186944 -0.246283 -0.750674 -0.990815 -0.840542 0.148158
0.575519 -4.247912 -0.251018 -0.817361 -0.999905 -0.801385 0.148238
0.575550 -4.247110 -0.250998 -0.816601 -1.000018 -0.801606 0.148369
0.575588 -4.247367 -0.251009 -0.816646 -1.000084 -0.801485 0.148351
0.575626 -4.247630 -0.251021 -0.816694 -1.000149 -0.801367 0.148331
0.575663 -4.247884 -0.251032 -0.816740 -1.000215 -0.801249 0.148313
0.575701 -4.248130 -0.251043 -0.816786 -1.000281 -0.801130 0.148297
0.575767 -4.248024 -0.251061 -0.816793 -1.000458 -0.800888 0.148379
0.575821 -4.248105 -0.251077 -0.816829 -1.000589 -0.800712 0.148426
0.575846 -4.248537 -0.251086 -0.816903 -1.000607 -0.800661 0.148373
0.575852 -4.249028 -0.251088 -0.816951 -1.000553 -0.800643 0.148238
0.575894 -4.249211 -0.251101 -0.816995 -1.000640 -0.800513 0.148246
0.575934 -4.249392 -0.251113 -0.817037 -1.000723 -0.800386 0.148252
0.575974 -4.249572 -0.251125 -0.817079 -1.000805 -0.800261 0.148258
0.576013 -4.249753 -0.251137 -0.817120 -1.000885 -0.800138 0.148262
7.560718 -7.863708 -12.287325 0.915332 -22.371055 -6.807484 -0.413106
0.576119 -4.249482 -0.251846 -0.817204 -1.002983 -0.799885 0.148440
0.576218 -4.249461 -0.251196 -0.817200 -1.001461 -0.799465 0.148606
0.576206 -4.250135 -0.251194 -0.817268 -1.001344 -0.799523 0.148419
0.576240 -4.250361 -0.251205 -0.817312 -1.001401 -0.799420 0.148400
0.576244 -4.250801 -0.251207 -0.817353 -1.001350 -0.799405 0.148273
0.576281 -4.250971 -0.251218 -0.817393 -1.001424 -0.799291 0.148276
0.576397 -4.250412 -0.251251 -0.817402 -1.001807 -0.798908 0.148584
0.576384 -4.251039 -0.251249 -0.817462 -1.001691 -0.798963 0.148404
0.576415 -4.251254 -0.251258 -0.817502 -1.001744 -0.798868 0.148385
0.576445 -4.251462 -0.251268 -0.817540 -1.001794 -0.798775 0.148366
0.576449 -4.251872 -0.251269 -0.817578 -1.001744 -0.798761 0.148245
0.576508 -4.251831 -0.251288 -0.817616 -1.001911 -0.798580 0.148348
0.618898 -4.229288 -0.285570 -0.959646 -0.981765 -0.849150 0.144287
0.576737 -4.252215 -0.251298 -0.817794 -1.002377 -0.798382 0.148358
0.576567 -4.252628 -0.251306 -0.817724 -1.001952 -0.798397 0.148189
0.576623 -4.252592 -0.251323 -0.817761 -1.002110 -0.798227 0.148288
0.576625 -4.252975 -0.251324 -0.817794 -1.002058 -0.798219 0.148170
0.576655 -4.253131 -0.251334 -0.817830 -1.002118 -0.798126 0.148169
0.576685 -4.253284 -0.251343 -0.817864 -1.002176 -0.798036 0.148167
0.576737 -4.253255 -0.251359 -0.817900 -1.002324 -0.797878 0.148260
0.576807 -4.253019 -0.251380 -0.817914 -1.002540 -0.797646 0.148415
0.576840 -4.253135 -0.251390 -0.817944 -1.002610 -0.797541 0.148425
0.576806 -4.253843 -0.251381 -0.817990 -1.002417 -0.797658 0.148168
0.576834 -4.253990 -0.251390 -0.818025 -1.002474 -0.797571 0.148166
0.576862 -4.254134 -0.251399 -0.818057 -1.002527 -0.797488 0.148163
0.576889 -4.254278 -0.251407 -0.818089 -1.002579 -0.797406 0.148160
0.576937 -4.254255 -0.251422 -0.818123 -1.002714 -0.797262 0.148245
0.576958 -4.254435 -0.251429 -0.818154 -1.002746 -0.797196 0.148222
0.576980 -4.254615 -0.251436 -0.818185 -1.002778 -0.797131 0.148198
0.577001 -4.254794 -0.251443 -0.818216 -1.002807 -0.797068 0.148174
0.577042 -4.254751 -0.251455 -0.818230 -1.002918 -0.796928 0.148228
0.577095 -4.254669 -0.251471 -0.818261 -1.003075 -0.796769 0.148338
0.577123 -4.254775 -0.251480 -0.818288 -1.003135 -0.796680 0.148344
0.577132 -4.255032 -0.251483 -0.818313 -1.003116 -0.796649 0.148268
0.577144 -4.255308 -0.251488 -0.818356 -1.003115 -0.796624 0.148218
0.577144 -4.255618 -0.251488 -0.818382 -1.003068 -0.796620 0.148115
0.577227 -4.255250 -0.251513 -0.818403 -1.003344 -0.796364 0.148349
0.577215 -4.255690 -0.251510 -0.818439 -1.003249 -0.796407 0.148203
0.577235 -4.255847 -0.251517 -0.818467 -1.003279 -0.796348 0.148183
0.577254 -4.256001 -0.251523 -0.818494 -1.003308 -0.796290 0.148162
0.577253 -4.256292 -0.251523 -0.818518 -1.003261 -0.796288 0.148063
0.577293 -4.256275 -0.251536 -0.818549 -1.003375 -0.796171 0.148137
0.577348 -4.256101 -0.251552 -0.818566 -1.003545 -0.795999 0.148264
0.577355 -4.256327 -0.251555 -0.818586 -1.003526 -0.795974 0.148194
0.577365 -4.256571 -0.251559 -0.818624 -1.003522 -0.795953 0.148147
0.577400 -4.256534 -0.251569 -0.818638 -1.003619 -0.795836 0.148197
0.577446 -4.256464 -0.251583 -0.818667 -1.003754 -0.795702 0.148294
0.577470 -4.256549 -0.251591 -0.818691 -1.003806 -0.795628 0.148302
0.577477 -4.256759 -0.251594 -0.818710 -1.003791 -0.795601 0.148237
0.598506 -4.242365 -0.265640 -0.890058 -0.994630 -0.800271 0.147050
0.577579 -4.256724 -0.251604 -0.818819 -1.004033 -0.795368 0.148366
0.577531 -4.257170 -0.251611 -0.818789 -1.003876 -0.795443 0.148192
0.577551 -4.257272 -0.251618 -0.818813 -1.003916 -0.795382 0.148190
0.577571 -4.257370 -0.251625 -0.818836 -1.003956 -0.795321 0.148189
0.577591 -4.257465 -0.251631 -0.818860 -1.003996 -0.795261 0.148188
0.577611 -4.257557 -0.251638 -0.818882 -1.004036 -0.795201 0.148189
0.577631 -4.257647 -0.251644 -0.818905 -1.004077 -0.795141 0.148190
0.577651 -4.257734 -0.251651 -0.818927 -1.004118 -0.795081 0.148192
0.577671 -4.257818 -0.251657 -0.818949 -1.004159 -0.795021 0.148195
0.577691 -4.257899 -0.251664 -0.818971 -1.004200 -0.794961 0.148198
0.577711 -4.257978 -0.251670 -0.818993 -1.004242 -0.794901 0.148203
0.577731 -4.258054 -0.251677 -0.819014 -1.004285 -0.794842 0.148208
7.030783 -7.047874 -10.858777 1.010346 -20.478761 -5.128445 0.008959
0.577701 -4.258276 -0.252049 -0.819136 -1.005154 -0.794849 0.148150
0.577791 -4.258266 -0.251697 -0.819076 -1.004415 -0.794662 0.148229
0.577812 -4.258331 -0.251703 -0.819097 -1.004459 -0.794602 0.148237
0.577832 -4.258394 -0.251710 -0.819117 -1.004504 -0.794541 0.148247
0.577852 -4.258454 -0.251716 -0.819137 -1.004549 -0.794481 0.148257
0.577872 -4.258511 -0.251723 -0.819156 -1.004595 -0.794420 0.148268
0.577893 -4.258565 -0.251729 -0.819176 -1.004642 -0.794358 0.148280
0.577913 -4.258617 -0.251736 -0.819195 -1.004689 -0.794297 0.148293
0.577934 -4.258667 -0.251743 -0.819214 -1.004737 -0.794235 0.148307
0.577955 -4.258713 -0.251749 -0.819233 -1.004785 -0.794173 0.148322
0.577975 -4.258757 -0.251756 -0.819251 -1.004834 -0.794110 0.148337
0.577996 -4.258799 -0.251763 -0.819270 -1.004884 -0.794046 0.148354
0.578017 -4.258837 -0.251770 -0.819288 -1.004934 -0.793983 0.148371
0.577375 -4.263803 -0.251578 -0.819186 -1.002369 -0.795772 0.145524
