0.016944 1.619514 0.290267 4.605603 -7.803003 2.689688 -0.369853
0.014765 1.634838 0.310804 4.382905 -8.128032 2.433283 -0.297316
0.012688 1.716167 0.331671 4.162557 -8.419101 2.197295 -0.230233
0.012790 1.786282 0.354519 3.947148 -8.707193 1.963271 -0.166382
0.010640 1.848739 0.374411 3.736741 -8.985420 1.734220 -0.104760
0.005831 1.904402 0.390852 3.531276 -9.252767 1.510479 -0.045870
-0.000861 1.953705 0.404655 3.330183 -9.510173 1.291515 0.009650
-0.009689 1.997248 0.415500 3.133201 -9.756947 1.077451 0.061486
-0.020890 2.035442 0.423082 2.940119 -9.992381 0.868383 0.109410
-0.034695 2.068539 0.427105 2.750767 -10.215742 0.664393 0.153230
-0.051326 2.096663 0.427280 2.565012 -10.426278 0.465546 0.192775
-0.070992 2.119848 0.423328 2.382738 -10.623231 0.271897 0.227877
-0.093886 2.138067 0.414988 2.203810 -10.805858 0.083479 0.258367
-0.107772 2.100495 0.416965 2.080518 -10.976842 -0.101856 0.286103
-0.105948 1.958513 0.437664 2.056099 -11.136591 -0.286255 0.306997
-0.108494 1.779945 0.452877 2.052516 -11.278142 -0.467855 0.311507
-0.099065 1.583131 0.479993 2.058001 -11.415094 -0.651464 0.303593
-0.103525 1.376568 0.491288 2.076628 -11.523724 -0.823030 0.294192
-0.108161 1.156075 0.501673 2.109086 -11.616557 -0.988877 0.280755
-0.111168 0.922332 0.513036 2.153933 -11.695073 -1.150001 0.262429
-0.114197 0.678505 0.523767 2.211191 -11.758835 -1.304786 0.242406
-0.115532 0.425176 0.535723 2.279479 -11.809920 -1.454231 0.219982
-0.114728 0.164725 0.549406 2.356888 -11.849468 -1.598506 0.195574
-1.729158 -43.485279 5.429299 9.868453 -41.254691 -32.708752 -1.659748
0.445387 -5.815335 1.060951 -2.139724 -8.592964 -8.736048 -0.571194
-0.096891 -0.596990 0.603564 2.436497 -12.004896 -2.083348 0.107378
-0.079941 -0.844890 0.633969 2.612014 -11.954213 -2.151036 0.081442
-0.059132 -1.095316 0.667051 2.786717 -11.887851 -2.212235 0.055182
-0.040003 -1.317455 0.698202 2.930844 -11.828820 -2.273957 0.035185
0.005088 -1.553694 0.758634 3.154408 -11.736540 -2.300699 0.061839
0.039927 -1.759497 0.808164 3.294426 -11.689778 -2.361386 0.063987
0.087842 -1.937944 0.871763 3.422267 -11.644816 -2.417234 0.080801
0.129159 -2.065615 0.929182 3.490289 -11.631776 -2.485512 0.102721
0.179188 -2.159423 0.995780 3.529690 -11.627474 -2.555604 0.131624
0.222707 -2.199099 1.056455 3.516291 -11.650421 -2.632495 0.171411
0.267935 -2.203132 1.119054 3.467912 -11.686074 -2.713685 0.215687
0.308995 -2.169030 1.177655 3.381872 -11.736590 -2.798893 0.266034
0.352754 -2.116451 1.238629 3.282780 -11.782396 -2.880482 0.320134
0.389132 -2.043935 1.291693 3.151303 -11.837572 -2.970344 0.370343
0.421529 -1.965897 1.339989 3.009222 -11.887027 -3.060184 0.418227
0.443542 -1.882596 1.377198 2.850682 -11.937819 -3.154017 0.462772
0.459313 -1.810856 1.407096 2.690311 -11.977911 -3.250018 0.500072
0.469988 -1.754312 1.430672 2.535043 -12.005230 -3.345534 0.529559
0.490766 -1.801751 1.452598 2.688344 -11.776998 -3.241095 0.501090
0.473290 -1.752869 1.451876 2.323229 -11.941039 -3.497690 0.546156
0.473680 -1.739330 1.462226 2.180972 -11.929641 -3.595299 0.551002
0.467620 -1.762971 1.463720 2.058713 -11.892008 -3.691333 0.546745
0.466147 -1.813051 1.468277 1.964471 -11.823395 -3.777018 0.538868
0.464644 -1.877660 1.471722 1.880706 -11.739814 -3.860203 0.526648
0.455685 -1.941040 1.467192 1.782940 -11.664356 -3.952486 0.508628
0.449289 -2.017746 1.464039 1.696180 -11.573110 -4.042110 0.486437
0.443917 -2.100835 1.460962 1.614362 -11.472485 -4.130535 0.461753
0.432994 -2.175547 1.452104 1.520943 -11.380295 -4.223480 0.437782
0.421017 -2.247942 1.441667 1.425582 -11.287967 -4.316991 0.414121
0.407626 -2.316120 1.429364 1.325933 -11.197055 -4.411957 0.391660
0.393027 -2.377581 1.415455 1.222111 -11.109444 -4.507368 0.371367
0.376566 -2.431098 1.399320 1.111274 -11.026252 -4.604421 0.353846
0.358208 -2.474144 1.380980 0.993671 -10.949017 -4.702067 0.339850
0.361695 -2.543142 1.382688 0.941374 -10.806535 -4.756239 0.341847
0.340845 -2.596296 1.357810 0.804440 -10.652492 -4.846774 0.334225
0.314417 -2.634079 1.327339 0.651055 -10.514252 -4.942620 0.328714
0.285162 -2.660734 1.293647 0.490417 -10.381345 -5.037235 0.326771
0.258617 -2.685105 1.261671 0.335794 -10.240436 -5.124202 0.326676
0.234054 -2.708385 1.230661 0.184150 -10.091176 -5.205841 0.327560
0.197924 -2.710649 1.188208 0.009533 -9.964890 -5.293707 0.330343
0.157421 -2.705348 1.140874 -0.173789 -9.844226 -5.382572 0.333095
0.112641 -2.693991 1.088707 -0.364452 -9.728912 -5.472367 0.334690
0.063250 -2.678776 1.031381 -0.563109 -9.618767 -5.564703 0.334414
0.009598 -2.660981 0.969274 -0.767846 -9.514178 -5.659561 0.332012
-0.048119 -2.642112 0.902605 -0.977379 -9.415699 -5.757711 0.327451
-0.109516 -2.623531 0.831803 -1.190646 -9.324680 -5.859884 0.320949
-0.174220 -2.607165 0.757262 -1.406249 -9.239951 -5.966336 0.312506
-0.242361 -2.594716 0.678943 -1.623500 -9.157378 -6.077433 0.302168
-0.313648 -2.587720 0.597203 -1.841580 -9.075187 -6.193344 0.289973
-0.387406 -2.587624 0.512743 -2.059550 -8.993897 -6.314109 0.275887
-0.462932 -2.595145 0.426314 -2.276324 -8.914150 -6.439393 0.260065
-0.539676 -2.610984 0.338473 -2.490893 -8.835542 -6.568831 0.242572
-0.617246 -2.634735 0.249737 -2.703040 -8.758677 -6.702100 0.223990
-0.695178 -2.666522 0.160568 -2.911890 -8.682909 -6.838587 0.204522
-0.772966 -2.705856 0.071570 -3.116759 -8.608510 -6.977551 0.184697
-0.850360 -2.752796 -0.016954 -3.317661 -8.535121 -7.118864 0.164843
-0.926953 -2.807593 -0.104528 -3.514120 -8.462347 -7.262208 0.145200
-1.001169 -2.869468 -0.189426 -3.702050 -8.390731 -7.404599 0.126283
-1.073241 -2.940510 -0.271841 -3.882738 -8.318675 -7.547526 0.107931
-1.142119 -3.021051 -0.350583 -4.053794 -8.245951 -7.689515 0.090342
-1.206797 -3.111928 -0.424517 -4.212727 -8.172050 -7.829208 0.073620
-1.266384 -3.214078 -0.492630 -4.357477 -8.096329 -7.965505 0.057868
-1.319849 -3.328173 -0.553807 -4.485588 -8.018067 -8.096897 0.043185
-1.366507 -3.455012 -0.607261 -4.595891 -7.936486 -8.222654 0.029690
-1.405207 -3.594503 -0.651843 -4.685628 -7.850873 -8.340697 0.017445
-1.435388 -3.746895 -0.686946 -4.754236 -7.760479 -8.450353 0.006544
-1.456409 -3.911514 -0.711960 -4.800776 -7.664715 -8.550366 -0.002966
-1.467594 -4.087012 -0.726307 -4.824017 -7.563188 -8.639100 -0.011064
-1.469493 -4.273166 -0.730511 -4.827042 -7.455211 -8.717887 -0.017725
-1.461573 -4.466527 -0.724257 -4.808636 -7.341165 -8.784446 -0.022839
-1.444240 -4.665195 -0.708052 -4.770717 -7.221021 -8.838951 -0.026302
-1.418269 -4.866309 -0.682822 -4.716098 -7.095152 -8.881854 -0.027960
-1.384494 -5.066488 -0.649576 -4.647516 -6.964194 -8.913417 -0.027612
-1.344242 -5.262314 -0.609833 -4.568764 -6.828994 -8.934680 -0.025110
-1.298464 -5.449789 -0.564752 -4.482412 -6.690629 -8.945653 -0.020216
-1.249410 -5.625930 -0.516773 -4.394120 -6.550278 -8.948926 -0.012950
-1.198276 -5.786980 -0.467298 -4.306650 -6.409190 -8.944770 -0.003157
-1.147202 -5.930181 -0.418642 -4.224679 -6.268995 -8.935318 0.009084
-1.098079 -6.053148 -0.372838 -4.152114 -6.131283 -8.922292 0.023657
-1.053311 -6.154457 -0.332397 -4.093676 -5.997978 -8.908522 0.040262
-1.015121 -6.233156 -0.299601 -4.053000 -5.871572 -8.896600 0.058555
-0.984113 -6.288929 -0.275031 -4.030866 -5.753188 -8.886694 0.078251
-0.963295 -6.323153 -0.261607 -4.031631 -5.646434 -8.883414 0.098664
-0.953778 -6.338324 -0.260308 -4.056552 -5.552466 -8.888902 0.119174
-0.956342 -6.336812 -0.271716 -4.105509 -5.473389 -8.904678 0.139192
-0.971555 -6.322255 -0.296159 -4.177843 -5.410730 -8.932485 0.158083
-0.999342 -6.298494 -0.333313 -4.271670 -5.365343 -8.973255 0.175280
-1.038949 -6.269276 -0.382166 -4.383555 -5.337786 -9.026871 0.190347
-1.089734 -6.239353 -0.441876 -4.511016 -5.327103 -9.093926 0.202871
-1.149474 -6.211350 -0.510013 -4.647676 -5.332953 -9.171696 0.212822
-1.216552 -6.188949 -0.584872 -4.789938 -5.353015 -9.259120 0.220111
-1.288777 -6.174219 -0.664222 -4.933034 -5.385257 -9.353613 0.224901
-0.719949 -9.490993 0.211396 -4.995006 -7.237462 -15.673348 -0.528769
-1.218065 -6.319182 -0.600225 -5.389244 -5.431892 -9.885763 0.164001
-1.514622 -6.189838 -0.908116 -5.327796 -5.528657 -9.652009 0.227551
-1.585939 -6.215634 -0.984812 -5.436867 -5.583283 -9.745980 0.225998
-1.652223 -6.250374 -1.056490 -5.530817 -5.637294 -9.831942 0.223975
-1.712079 -6.292684 -1.121983 -5.608353 -5.688636 -9.907015 0.221896
-1.764333 -6.340755 -1.180351 -5.668766 -5.735500 -9.968591 0.220078
-1.808233 -6.392939 -1.231075 -5.712166 -5.776300 -10.014692 0.218776
-1.843117 -6.447338 -1.273700 -5.738623 -5.809751 -10.043370 0.218210
-1.868530 -6.501988 -1.307938 -5.748728 -5.834776 -10.053368 0.218449
-1.884186 -6.555148 -1.333623 -5.742932 -5.850708 -10.043593 0.219582
-1.890557 -6.606295 -1.351368 -5.723511 -5.856674 -10.014857 0.221537
-1.887460 -6.653381 -1.360985 -5.690724 -5.852492 -9.966699 0.224271
-21.022643 -10.101779 -15.094156 -22.120609 -38.046053 -36.037170 -0.708182
5.048697 -10.255918 5.510540 -3.404537 -0.078092 -12.116391 -1.019367
-1.828370 -6.767879 -1.348043 -5.531423 -5.778723 -9.720856 0.235635
-1.794967 -6.796859 -1.332481 -5.465069 -5.734049 -9.612620 0.239798
-1.756057 -6.820910 -1.312421 -5.394418 -5.680845 -9.494670 0.243972
-1.712782 -6.840695 -1.288899 -5.321976 -5.619209 -9.370407 0.248089
-1.666364 -6.857140 -1.263013 -5.250356 -5.549723 -9.243675 0.252121
-1.617956 -6.871176 -1.235771 -5.181880 -5.473101 -9.118269 0.256168
-1.568762 -6.884019 -1.208232 -5.118956 -5.390126 -8.998263 0.260428
-1.519838 -6.896672 -1.181274 -5.063436 -5.301897 -8.887349 0.265204
-1.472381 -6.910720 -1.155958 -5.017395 -5.209759 -8.789267 0.270781
-1.435880 -6.947951 -1.137594 -4.925348 -5.085643 -8.687426 0.286258
-1.365374 -6.919808 -1.092242 -5.037884 -5.067136 -8.667147 0.273310
-1.347116 -6.970185 -1.096393 -4.945560 -4.927102 -8.597484 0.295149
-1.312802 -6.997820 -1.083286 -4.943551 -4.837848 -8.570515 0.306116
-1.282412 -7.029847 -1.073674 -4.950721 -4.754672 -8.559917 0.318159
-1.255553 -7.065112 -1.067071 -4.964916 -4.679019 -8.563187 0.331089
-1.231534 -7.102873 -1.062838 -4.983392 -4.612375 -8.575936 0.344310
-1.209672 -7.142079 -1.060371 -5.003715 -4.555294 -8.593954 0.357294
-1.189009 -7.181022 -1.058747 -5.022989 -4.507942 -8.612653 0.369556
-1.168993 -7.219255 -1.057594 -5.039794 -4.469601 -8.628741 0.380635
-1.148600 -7.254801 -1.055915 -5.051464 -4.439658 -8.637903 0.390164
-1.127496 -7.287214 -1.053485 -5.057470 -4.416674 -8.638674 0.397984
-1.105195 -7.315787 -1.049908 -5.056915 -4.399390 -8.629063 0.403918
-1.081602 -7.340379 -1.045173 -5.049993 -4.386256 -8.608829 0.408004
-1.056401 -7.360368 -1.038977 -5.036278 -4.376079 -8.577183 0.410258
-1.029150 -7.374765 -1.030820 -5.014993 -4.367862 -8.533074 0.410723
-1.001188 -7.386501 -1.022296 -4.990267 -4.359653 -8.481869 0.409913
-0.971781 -7.393677 -1.012477 -4.960299 -4.351434 -8.421675 0.407755
-0.941197 -7.396915 -1.001649 -4.926191 -4.342217 -8.354204 0.404562
-0.909847 -7.397054 -0.990255 -4.889314 -4.331393 -8.281641 0.400613
-0.877926 -7.394304 -0.978441 -4.850347 -4.318720 -8.205447 0.396130
-0.845712 -7.389299 -0.966492 -4.810231 -4.303964 -8.127292 0.391352
-0.813529 -7.382647 -0.954723 -4.769931 -4.287057 -8.048939 0.386517
-0.781352 -7.374281 -0.943046 -4.729486 -4.268178 -7.970793 0.381725
-0.749459 -7.364673 -0.931722 -4.689650 -4.247436 -7.894252 0.377177
-0.717880 -7.353919 -0.920744 -4.650511 -4.225145 -7.819662 0.372920
-0.686732 -7.342262 -0.910211 -4.612347 -4.201537 -7.747461 0.369023
-0.656027 -7.329738 -0.900110 -4.575140 -4.176921 -7.677571 0.365480
-0.625535 -7.315710 -0.890102 -4.538156 -4.151672 -7.608922 0.362176
-0.595475 -7.300850 -0.880471 -4.501958 -4.125833 -7.541909 0.359168
-0.565613 -7.284292 -0.870840 -4.465681 -4.099824 -7.475334 0.356294
-0.536011 -7.266418 -0.861309 -4.429505 -4.073630 -7.409039 0.353564
-0.506610 -7.246838 -0.851744 -4.393067 -4.047466 -7.342485 0.350916
-0.477491 -7.225788 -0.842239 -4.356517 -4.021359 -7.275684 0.348378
-0.448620 -7.203240 -0.832744 -4.319728 -3.995342 -7.208309 0.345939
-0.419949 -7.178832 -0.823126 -4.282391 -3.969491 -7.140038 0.343602
-0.391702 -7.153279 -0.813701 -4.245107 -3.943704 -7.071510 0.341475
-0.813457 -14.649150 -11.511926 -8.611953 -44.471083 -26.092425 0.680136
1.058856 -8.337051 0.846909 -5.249162 -1.475809 -10.416720 -1.097564
-0.309615 -7.069085 -0.786400 -4.132862 -3.867190 -6.864281 0.336521
-0.283073 -7.038365 -0.777483 -4.095016 -3.841919 -6.794346 0.335393
-0.257136 -7.006904 -0.768925 -4.057414 -3.816586 -6.724454 0.334630
-0.231761 -6.974617 -0.760654 -4.019933 -3.791311 -6.654534 0.334188
-0.206891 -6.941191 -0.752544 -3.982303 -3.766100 -6.584367 0.334058
-0.182527 -6.906990 -0.744654 -3.944684 -3.740852 -6.513945 0.334234
-0.158711 -6.871949 -0.736996 -3.907062 -3.715584 -6.443350 0.334717
-0.135427 -6.836111 -0.729551 -3.869412 -3.690324 -6.372572 0.335483
-0.112690 -6.799723 -0.722367 -3.831866 -3.665015 -6.301670 0.336515
-0.090474 -6.762617 -0.715373 -3.794287 -3.639693 -6.230573 0.337782
-0.068804 -6.725061 -0.708637 -3.756818 -3.614349 -6.159388 0.339264
-0.047567 -6.686656 -0.701950 -3.719131 -3.589070 -6.087877 0.340907
-0.026841 -6.647889 -0.695488 -3.681536 -3.563788 -6.016257 0.342707
-0.006640 -6.608826 -0.689266 -3.644084 -3.538567 -5.944662 0.344632
0.013153 -6.569112 -0.683086 -3.606471 -3.513478 -5.872864 0.346626
0.032417 -6.529435 -0.677212 -3.569161 -3.488406 -5.801180 0.348696
0.051345 -6.488958 -0.671255 -3.531562 -3.463523 -5.729283 0.350781
0.069794 -6.448429 -0.665530 -3.494145 -3.438735 -5.657470 0.352853
0.087820 -6.407788 -0.659951 -3.456866 -3.414152 -5.585784 0.354851
0.105478 -6.366784 -0.654404 -3.419538 -3.389777 -5.514115 0.356763
0.122698 -6.325826 -0.649047 -3.382424 -3.365568 -5.442668 0.358585
0.139598 -6.284599 -0.643680 -3.345289 -3.341626 -5.371304 0.360253
0.156135 -6.243182 -0.638360 -3.308186 -3.317887 -5.300098 0.361795
0.172278 -6.201962 -0.633205 -3.271362 -3.294353 -5.229225 0.363182
0.188060 -6.160720 -0.628121 -3.234696 -3.271063 -5.158708 0.364409
0.203510 -6.119447 -0.623074 -3.198149 -3.248017 -5.088508 0.365461
0.218623 -6.078184 -0.618077 -3.161753 -3.225205 -5.018687 0.366344
0.233347 -6.037185 -0.613237 -3.125682 -3.202587 -4.949411 0.367080
0.247814 -5.996293 -0.608382 -3.089803 -3.180263 -4.880502 0.367563
0.261931 -5.955399 -0.603568 -3.054092 -3.158111 -4.812108 0.367923
0.275720 -5.914857 -0.598869 -3.018735 -3.136199 -4.744302 0.368101
0.289201 -5.874440 -0.594196 -2.983622 -3.114530 -4.677106 0.368113
0.302353 -5.834305 -0.589612 -2.948831 -3.093059 -4.610551 0.367978
0.315198 -5.794399 -0.585077 -2.914344 -3.071805 -4.544675 0.367692
0.327746 -5.754741 -0.580587 -2.880162 -3.050756 -4.479466 0.367256
0.340013 -5.715426 -0.576149 -2.846338 -3.029918 -4.414916 0.366648
0.351974 -5.676322 -0.571751 -2.812816 -3.009249 -4.351116 0.365932
0.363643 -5.637591 -0.567427 -2.779671 -2.988770 -4.288062 0.365086
0.375026 -5.599260 -0.563176 -2.746933 -2.968474 -4.225780 0.364108
0.386138 -5.561166 -0.558941 -2.714506 -2.948368 -4.164282 0.363015
0.396956 -5.523554 -0.554813 -2.682520 -2.928420 -4.103581 0.361821
0.407547 -5.486183 -0.550663 -2.650844 -2.908716 -4.043656 0.360469
0.417840 -5.449286 -0.546625 -2.619605 -2.889155 -3.984564 0.359051
0.427906 -5.412683 -0.542584 -2.588706 -2.869850 -3.926308 0.357492
0.437699 -5.376575 -0.538640 -2.558247 -2.850716 -3.868877 0.355841
0.447236 -5.340966 -0.534780 -2.528248 -2.831777 -3.812315 0.354075
0.456555 -5.305541 -0.530881 -2.498520 -2.813065 -3.756602 0.352193
0.465618 -5.270779 -0.527122 -2.469296 -2.794530 -3.701669 0.350193
0.474473 -5.236314 -0.523351 -2.440422 -2.776236 -3.647608 0.348057
0.483083 -5.202287 -0.519648 -2.411931 -2.758112 -3.594376 0.345838
0.491479 -5.168741 -0.516000 -2.383856 -2.740213 -3.541979 0.343486
0.499664 -5.135609 -0.512386 -2.356160 -2.722525 -3.490407 0.341008
0.507625 -5.102930 -0.508832 -2.328851 -2.705016 -3.439655 0.338420
0.515386 -5.070685 -0.505316 -2.301910 -2.687715 -3.389682 0.335680
0.522964 -5.038777 -0.501798 -2.275275 -2.670628 -3.340444 0.332769
0.530297 -5.007445 -0.498399 -2.249062 -2.653635 -3.291959 0.329767
0.537469 -4.976376 -0.494961 -2.223130 -2.636871 -3.244243 0.326590
0.544431 -4.945793 -0.491592 -2.197552 -2.620240 -3.197236 0.323310
0.551179 -4.915700 -0.488294 -2.172363 -2.603741 -3.151041 0.319959
0.557768 -4.885972 -0.484995 -2.147493 -2.587471 -3.105625 0.316496
0.564156 -4.856776 -0.481778 -2.123012 -2.571370 -3.061005 0.313001
0.570376 -4.828026 -0.478596 -2.098901 -2.555502 -3.017245 0.309464
0.576397 -4.799830 -0.475506 -2.075201 -2.539814 -2.974364 0.305951
0.582258 -4.772151 -0.472471 -2.051908 -2.524377 -2.932382 0.302435
0.587953 -4.745039 -0.469510 -2.029041 -2.509187 -2.891289 0.298938
0.593467 -4.718526 -0.466646 -2.006620 -2.494208 -2.851138 0.295512
0.598861 -4.692435 -0.463784 -1.984563 -2.479559 -2.811922 0.292094
0.604078 -4.667039 -0.461046 -1.962975 -2.465130 -2.773608 0.288771
0.609137 -4.642248 -0.458394 -1.941852 -2.450952 -2.736279 0.285544
0.614077 -4.618034 -0.455793 -1.921170 -2.437097 -2.699878 0.282372
0.618857 -4.594450 -0.453286 -1.900942 -2.423473 -2.664428 0.279330
0.623500 -4.571485 -0.450859 -1.881175 -2.410119 -2.629937 0.276404
0.675576 -4.616554 -0.640533 -1.927651 -2.234579 -2.699327 0.237698
0.717367 -4.508512 -0.421524 -1.868188 -2.571031 -2.500288 0.307546
0.636659 -4.506355 -0.444033 -1.824653 -2.371679 -2.532042 0.268358
0.640792 -4.485856 -0.441900 -1.806711 -2.359369 -2.501259 0.265957
0.644382 -4.461822 -0.439355 -1.785951 -2.344425 -2.465676 0.262130
0.647548 -4.435765 -0.436582 -1.763534 -2.327863 -2.427350 0.257454
0.650570 -4.410510 -0.433916 -1.741678 -2.311619 -2.390156 0.253009
0.653543 -4.385655 -0.431189 -1.720191 -2.295880 -2.354077 0.248676
0.656325 -4.361884 -0.428672 -1.699330 -2.280334 -2.318976 0.244614
0.659032 -4.338609 -0.426155 -1.678917 -2.265193 -2.284988 0.240710
0.661611 -4.316110 -0.423735 -1.659003 -2.250333 -2.251978 0.237007
0.664074 -4.294319 -0.421396 -1.639590 -2.235759 -2.219954 0.233494
0.666580 -4.273744 -0.419116 -1.621196 -2.221616 -2.187658 0.230220
0.668770 -4.253530 -0.417016 -1.602741 -2.207754 -2.158506 0.227055
0.670834 -4.232844 -0.414763 -1.584114 -2.193664 -2.129492 0.223990
0.672866 -4.213659 -0.412690 -1.566510 -2.180084 -2.101073 0.221157
0.674807 -4.195110 -0.410683 -1.549365 -2.166739 -2.073467 0.218466
0.676666 -4.177037 -0.408694 -1.532581 -2.153629 -2.046663 0.215896
0.678407 -4.159576 -0.406774 -1.516191 -2.140651 -2.020617 0.213482
0.680061 -4.142770 -0.404929 -1.500248 -2.127859 -1.995242 0.211185
0.681633 -4.126372 -0.403095 -1.484623 -2.115246 -1.970573 0.208991
0.683102 -4.110566 -0.401326 -1.469372 -2.102738 -1.946531 0.206915
0.684485 -4.095243 -0.399595 -1.454460 -2.090363 -1.923094 0.204934
0.685785 -4.080384 -0.397895 -1.439863 -2.078105 -1.900223 0.203036
0.687013 -4.065911 -0.396201 -1.425535 -2.065978 -1.877891 0.201199
0.688122 -4.052017 -0.394587 -1.411544 -2.053845 -1.856033 0.199467
0.689191 -4.038391 -0.392947 -1.397781 -2.041887 -1.834640 0.197752
0.690167 -4.025175 -0.391331 -1.384250 -2.029955 -1.813665 0.196091
0.691048 -4.012420 -0.389762 -1.370990 -2.018025 -1.793053 0.194486
0.691867 -3.999945 -0.388187 -1.357921 -2.006167 -1.772788 0.192894
0.692610 -3.987820 -0.386624 -1.345046 -1.994329 -1.752821 0.191317
0.693272 -3.976059 -0.385083 -1.332379 -1.982487 -1.733140 0.189772
0.693870 -3.964555 -0.383533 -1.319875 -1.970683 -1.713775 0.188252
0.694393 -3.953454 -0.382011 -1.307604 -1.958891 -1.694697 0.186785
0.694850 -3.942639 -0.380494 -1.295521 -1.947134 -1.675966 0.185377
0.695233 -3.932196 -0.379003 -1.283664 -1.935401 -1.657586 0.184045
0.695557 -3.922076 -0.377526 -1.272021 -1.923735 -1.639571 0.182780
0.695812 -3.912356 -0.376085 -1.260625 -1.912111 -1.621915 0.181594
0.696016 -3.902920 -0.374650 -1.249428 -1.900584 -1.604652 0.180464
0.696165 -3.893856 -0.373235 -1.238465 -1.889143 -1.587758 0.179390
0.696263 -3.885105 -0.371831 -1.227709 -1.877801 -1.571249 0.178361
0.696302 -3.876743 -0.370457 -1.217194 -1.866535 -1.555104 0.177384
0.696299 -3.868669 -0.369089 -1.206877 -1.855390 -1.539336 0.176437
0.696255 -3.860963 -0.367739 -1.196800 -1.844363 -1.523905 0.175522
0.696161 -3.853545 -0.366397 -1.186910 -1.833430 -1.508847 0.174636
0.696020 -3.846510 -0.365083 -1.177263 -1.822585 -1.494115 0.173789
0.695844 -3.839731 -0.363768 -1.167801 -1.811864 -1.479729 0.172962
0.695615 -3.833306 -0.362473 -1.158559 -1.801211 -1.465675 0.172172
0.695358 -3.827122 -0.361170 -1.149493 -1.790692 -1.451958 0.171397
0.695047 -3.821366 -0.359908 -1.140694 -1.780217 -1.438514 0.170673
0.694701 -3.815689 -0.358609 -1.131970 -1.769871 -1.425477 0.169946
0.694295 -3.810578 -0.357378 -1.123584 -1.759527 -1.412664 0.169288
0.693883 -3.805564 -0.356123 -1.115325 -1.749362 -1.400150 0.168633
0.693426 -3.800838 -0.354867 -1.107238 -1.739268 -1.387961 0.167996
0.692919 -3.796457 -0.353638 -1.099371 -1.729217 -1.376049 0.167397
0.692386 -3.792279 -0.352406 -1.091660 -1.719278 -1.364429 0.166813
0.691822 -3.788388 -0.351185 -1.084141 -1.709432 -1.353082 0.166251
0.691225 -3.784735 -0.349969 -1.076787 -1.699676 -1.342020 0.165707
0.690585 -3.781384 -0.348779 -1.069631 -1.689969 -1.331215 0.165194
0.689940 -3.778176 -0.347570 -1.062603 -1.680425 -1.320681 0.164679
0.689248 -3.775283 -0.346382 -1.055766 -1.670914 -1.310403 0.164190
0.688536 -3.772592 -0.345199 -1.049087 -1.661510 -1.300364 0.163714
0.687799 -3.770107 -0.344015 -1.042554 -1.652201 -1.290580 0.163246
0.687027 -3.767899 -0.342854 -1.036208 -1.642944 -1.281010 0.162805
0.686241 -3.765841 -0.341688 -1.029986 -1.633802 -1.271681 0.162366
0.685429 -3.764014 -0.340530 -1.023923 -1.624741 -1.262578 0.161941
0.684592 -3.762397 -0.339382 -1.018011 -1.615754 -1.253690 0.161530
0.683745 -3.760933 -0.338228 -1.012222 -1.606889 -1.245027 0.161120
0.682869 -3.759710 -0.337090 -1.006595 -1.598080 -1.236566 0.160728
0.681966 -3.758687 -0.335975 -1.001119 -1.589327 -1.228291 0.160358
0.681070 -3.757736 -0.334835 -0.995723 -1.580744 -1.220247 0.159971
0.680140 -3.757072 -0.333720 -0.990509 -1.572190 -1.212379 0.159609
0.679202 -3.756529 -0.332610 -0.985408 -1.563743 -1.204693 0.159254
0.678250 -3.756142 -0.331502 -0.980425 -1.555388 -1.197202 0.158902
0.677285 -3.755921 -0.330400 -0.975566 -1.547123 -1.189894 0.158557
0.676306 -3.755863 -0.329309 -0.970833 -1.538939 -1.182757 0.158221
0.675317 -3.755954 -0.328228 -0.966220 -1.530842 -1.175780 0.157895
0.674322 -3.756165 -0.327147 -0.961707 -1.522855 -1.168982 0.157568
0.673312 -3.756544 -0.326080 -0.957319 -1.514938 -1.162341 0.157252
0.672299 -3.757036 -0.325017 -0.953030 -1.507124 -1.155860 0.156939
0.671276 -3.757667 -0.323964 -0.948852 -1.499396 -1.149534 0.156633
0.670248 -3.758428 -0.322921 -0.944784 -1.491757 -1.143347 0.156335
0.669217 -3.759300 -0.321884 -0.940812 -1.484213 -1.137308 0.156040
0.668174 -3.760307 -0.320863 -0.936951 -1.476737 -1.131399 0.155758
0.667137 -3.761392 -0.319839 -0.933170 -1.469385 -1.125638 0.155471
0.666092 -3.762606 -0.318823 -0.929485 -1.462113 -1.120025 0.155186
0.665044 -3.763946 -0.317825 -0.925912 -1.454916 -1.114515 0.154917
0.663996 -3.765352 -0.316830 -0.922409 -1.447822 -1.109145 0.154645
0.662949 -3.766868 -0.315842 -0.919000 -1.440824 -1.103900 0.154377
0.661897 -3.768487 -0.314868 -0.915682 -1.433899 -1.098770 0.154118
0.660851 -3.770180 -0.313900 -0.912440 -1.427083 -1.093761 0.153860
0.659802 -3.771975 -0.312948 -0.909290 -1.420340 -1.088858 0.153612
0.695190 -3.935633 -0.331250 -1.128118 -1.433940 -0.973037 0.156741
0.690321 -3.780534 -0.313973 -0.825242 -1.482554 -1.082600 0.165682
0.656674 -3.777796 -0.310143 -0.900286 -1.400675 -1.074814 0.152887
0.655633 -3.779905 -0.309231 -0.897445 -1.394281 -1.070336 0.152656
0.654601 -3.782059 -0.308320 -0.894663 -1.387996 -1.065965 0.152423
0.653569 -3.784298 -0.307421 -0.891963 -1.381784 -1.061685 0.152197
0.652542 -3.786593 -0.306531 -0.889326 -1.375658 -1.057500 0.151974
0.651516 -3.788962 -0.305661 -0.886776 -1.369591 -1.053373 0.151768
0.650511 -3.791335 -0.304765 -0.884235 -1.363702 -1.049420 0.151524
0.649480 -3.793880 -0.303932 -0.881847 -1.357737 -1.045444 0.151341
0.648481 -3.796340 -0.303077 -0.879444 -1.351969 -1.041602 0.151127
0.647484 -3.798924 -0.302227 -0.877131 -1.346275 -1.037856 0.150916
0.646489 -3.801560 -0.301393 -0.874880 -1.340645 -1.034181 0.150713
0.645503 -3.804232 -0.300570 -0.872687 -1.335098 -1.030576 0.150516
0.644522 -3.806946 -0.299760 -0.870552 -1.329621 -1.027039 0.150325
0.643553 -3.809691 -0.298952 -0.868463 -1.324246 -1.023591 0.150130
0.642587 -3.812494 -0.298159 -0.866440 -1.318933 -1.020206 0.149944
0.641629 -3.815323 -0.297377 -0.864467 -1.313695 -1.016883 0.149763
0.640682 -3.818183 -0.296600 -0.862538 -1.308550 -1.013640 0.149580
0.639740 -3.821084 -0.295838 -0.860668 -1.303466 -1.010452 0.149405
0.638810 -3.824006 -0.295082 -0.858839 -1.298472 -1.007337 0.149230
0.637885 -3.826963 -0.294340 -0.857064 -1.293539 -1.004273 0.149063
0.636972 -3.829938 -0.293602 -0.855328 -1.288699 -1.001284 0.148893
0.636066 -3.832948 -0.292876 -0.853641 -1.283926 -0.998353 0.148726
0.635170 -3.835979 -0.292162 -0.852002 -1.279223 -0.995472 0.148567
0.634283 -3.839026 -0.291457 -0.850404 -1.274594 -0.992648 0.148411
0.633406 -3.842094 -0.290761 -0.848846 -1.270040 -0.989881 0.148255
0.632539 -3.845181 -0.290074 -0.847329 -1.265560 -0.987164 0.148098
0.631681 -3.848283 -0.289397 -0.845851 -1.261150 -0.984497 0.147942
-0.662880 -4.422496 3.210728 1.909078 -7.221597 -2.008909 -0.966808
0.614298 -3.865104 -0.281188 -0.919979 -1.150676 -1.025201 0.246801
0.629164 -3.857672 -0.287423 -0.841655 -1.248324 -0.976802 0.147511
0.628343 -3.860832 -0.286784 -0.840335 -1.244178 -0.974337 0.147381
0.627532 -3.863996 -0.286156 -0.839048 -1.240098 -0.971919 0.147256
0.626730 -3.867165 -0.285540 -0.837798 -1.236077 -0.969538 0.147138
0.625941 -3.870342 -0.284928 -0.836576 -1.232138 -0.967215 0.147015
0.625160 -3.873530 -0.284328 -0.835393 -1.228252 -0.964927 0.146898
0.624389 -3.876716 -0.283737 -0.834239 -1.224432 -0.962679 0.146782
0.623627 -3.879906 -0.283155 -0.833118 -1.220671 -0.960468 0.146669
0.622875 -3.883094 -0.282584 -0.832027 -1.216968 -0.958290 0.146560
0.622135 -3.886286 -0.282017 -0.830962 -1.213338 -0.956161 0.146447
0.621404 -3.889483 -0.281459 -0.829929 -1.209767 -0.954071 0.146337
0.620683 -3.892675 -0.280913 -0.828924 -1.206250 -0.952012 0.146232
0.619973 -3.895867 -0.280371 -0.827943 -1.202803 -0.949999 0.146124
0.619268 -3.899048 -0.279846 -0.826996 -1.199386 -0.947997 0.146031
0.618579 -3.902228 -0.279321 -0.826064 -1.196060 -0.946057 0.145925
0.617895 -3.905407 -0.278811 -0.825170 -1.192761 -0.944126 0.145835
0.617223 -3.908575 -0.278304 -0.824293 -1.189536 -0.942242 0.145740
0.616560 -3.911743 -0.277807 -0.823445 -1.186358 -0.940384 0.145648
0.615907 -3.914903 -0.277318 -0.822621 -1.183235 -0.938558 0.145559
0.615264 -3.918059 -0.276835 -0.821820 -1.180170 -0.936765 0.145470
0.614628 -3.921202 -0.276363 -0.821045 -1.177144 -0.934990 0.145388
0.614002 -3.924334 -0.275898 -0.820287 -1.174175 -0.933248 0.145305
0.613387 -3.927463 -0.275438 -0.819554 -1.171261 -0.931538 0.145222
0.612779 -3.930577 -0.274988 -0.818842 -1.168387 -0.929848 0.145145
0.612181 -3.933682 -0.274544 -0.818148 -1.165570 -0.928192 0.145066
0.611593 -3.936778 -0.274107 -0.817478 -1.162799 -0.926560 0.144990
0.611011 -3.939854 -0.273680 -0.816826 -1.160067 -0.924945 0.144919
0.610445 -3.942942 -0.273251 -0.816189 -1.157422 -0.923391 0.144832
0.609880 -3.945994 -0.272842 -0.815582 -1.154769 -0.921816 0.144770
0.609327 -3.949026 -0.272435 -0.814983 -1.152184 -0.920279 0.144701
0.608782 -3.952049 -0.272037 -0.814405 -1.149637 -0.918762 0.144635
0.608247 -3.955065 -0.271642 -0.813843 -1.147149 -0.917280 0.144566
0.607719 -3.958061 -0.271258 -0.813303 -1.144689 -0.915806 0.144505
0.607206 -3.961111 -0.270880 -0.812846 -1.142292 -0.914204 0.144405
0.606691 -3.964019 -0.270504 -0.812270 -1.139918 -0.912939 0.144382
0.606187 -3.966964 -0.270139 -0.811776 -1.137586 -0.911529 0.144325
0.605692 -3.969888 -0.269781 -0.811299 -1.135290 -0.910133 0.144274
0.605207 -3.972812 -0.269425 -0.810831 -1.133057 -0.908779 0.144212
0.604728 -3.975716 -0.269079 -0.810385 -1.130851 -0.907433 0.144158
0.604258 -3.978600 -0.268738 -0.809952 -1.128685 -0.906107 0.144105
0.603795 -3.981465 -0.268403 -0.809534 -1.126555 -0.904795 0.144056
0.603341 -3.984316 -0.268074 -0.809130 -1.124466 -0.903505 0.144006
0.602894 -3.987149 -0.267751 -0.808741 -1.122412 -0.902230 0.143958
0.602453 -3.989957 -0.267436 -0.808366 -1.120387 -0.900966 0.143915
0.602022 -3.992754 -0.267124 -0.808003 -1.118408 -0.899727 0.143869
0.601597 -3.995535 -0.266818 -0.807654 -1.116461 -0.898502 0.143824
0.601179 -3.998295 -0.266518 -0.807318 -1.114546 -0.897292 0.143783
0.600768 -4.001043 -0.266223 -0.806998 -1.112665 -0.896105 0.143748
0.600362 -4.003767 -0.265935 -0.806693 -1.110805 -0.894927 0.143723
0.599963 -4.006475 -0.265653 -0.806399 -1.108980 -0.893770 0.143699
0.599571 -4.009163 -0.265375 -0.806119 -1.107185 -0.892624 0.143677
0.599187 -4.011832 -0.265103 -0.805848 -1.105425 -0.891494 0.143653
0.598808 -4.014483 -0.264835 -0.805587 -1.103697 -0.890376 0.143628
0.598436 -4.017109 -0.264572 -0.805337 -1.101996 -0.889268 0.143603
0.598073 -4.019725 -0.264313 -0.805097 -1.100336 -0.888181 0.143574
0.597713 -4.022314 -0.264060 -0.804868 -1.098696 -0.887099 0.143549
0.597362 -4.024888 -0.263810 -0.804648 -1.097092 -0.886036 0.143523
0.597016 -4.027443 -0.263565 -0.804440 -1.095513 -0.884985 0.143499
0.596675 -4.029976 -0.263326 -0.804241 -1.093961 -0.883945 0.143477
0.596341 -4.032490 -0.263091 -0.804052 -1.092437 -0.882918 0.143457
0.596013 -4.034984 -0.262860 -0.803873 -1.090939 -0.881903 0.143440
0.595691 -4.037460 -0.262634 -0.803703 -1.089469 -0.880902 0.143422
0.595374 -4.039915 -0.262412 -0.803543 -1.088023 -0.879910 0.143407
0.595062 -4.042347 -0.262195 -0.803391 -1.086599 -0.878928 0.143394
0.594756 -4.044762 -0.261981 -0.803247 -1.085204 -0.877958 0.143381
0.594456 -4.047159 -0.261772 -0.803112 -1.083834 -0.877002 0.143368
0.594162 -4.049542 -0.261565 -0.802986 -1.082495 -0.876060 0.143353
0.593872 -4.051898 -0.261364 -0.802868 -1.081170 -0.875122 0.143343
0.593587 -4.054233 -0.261167 -0.802757 -1.079870 -0.874195 0.143334
0.593308 -4.056551 -0.260973 -0.802654 -1.078596 -0.873281 0.143324
0.593033 -4.058845 -0.260783 -0.802558 -1.077340 -0.872375 0.143317
0.592764 -4.061123 -0.260597 -0.802468 -1.076112 -0.871482 0.143308
0.592499 -4.063375 -0.260415 -0.802385 -1.074899 -0.870595 0.143303
0.592240 -4.065614 -0.260236 -0.802309 -1.073715 -0.869723 0.143296
0.591985 -4.067832 -0.260061 -0.802240 -1.072551 -0.868860 0.143290
0.591734 -4.070020 -0.259890 -0.802176 -1.071400 -0.868000 0.143289
0.591489 -4.072198 -0.259722 -0.802118 -1.070279 -0.867157 0.143284
0.591249 -4.074355 -0.259557 -0.802068 -1.069176 -0.866321 0.143281
0.591011 -4.076483 -0.259398 -0.802024 -1.068084 -0.865487 0.143285
0.590780 -4.078607 -0.259239 -0.801986 -1.067027 -0.864672 0.143281
0.590553 -4.080708 -0.259083 -0.801955 -1.065982 -0.863862 0.143282
0.590329 -4.082790 -0.258931 -0.801929 -1.064957 -0.863060 0.143284
0.587327 -4.063328 -0.255969 -0.777826 -1.060537 -0.876388 0.143163
0.589911 -4.086607 -0.258661 -0.801579 -1.062912 -0.861661 0.143293
0.589682 -4.088912 -0.258493 -0.801882 -1.061983 -0.860701 0.143296
7.030580 -6.771281 -10.879919 1.108259 -20.879185 -5.302128 0.037057
0.589053 -4.098111 -0.262914 -0.807314 -1.073378 -0.872285 0.138903
0.589073 -4.094883 -0.258079 -0.801882 -1.059180 -0.858427 0.143306
0.588875 -4.096819 -0.257949 -0.801891 -1.058263 -0.857673 0.143318
0.588682 -4.098742 -0.257820 -0.801904 -1.057370 -0.856933 0.143327
0.588493 -4.100650 -0.257694 -0.801921 -1.056495 -0.856202 0.143336
0.588308 -4.102543 -0.257570 -0.801943 -1.055638 -0.855481 0.143343
0.588126 -4.104416 -0.257448 -0.801969 -1.054795 -0.854766 0.143352
0.587947 -4.106271 -0.257329 -0.801999 -1.053966 -0.854059 0.143362
0.587772 -4.108105 -0.257213 -0.802032 -1.053151 -0.853358 0.143372
0.587600 -4.109924 -0.257099 -0.802069 -1.052352 -0.852666 0.143382
0.587431 -4.111724 -0.256987 -0.802110 -1.051568 -0.851980 0.143393
0.587266 -4.113507 -0.256877 -0.802154 -1.050798 -0.851302 0.143405
0.635067 -4.102388 -0.299656 -0.937324 -1.030568 -0.907613 0.139586
0.588821 -4.116388 -0.256291 -0.804525 -1.052911 -0.848874 0.143960
0.586788 -4.118742 -0.256563 -0.802307 -1.048561 -0.849303 0.143446
0.586635 -4.120457 -0.256462 -0.802364 -1.047847 -0.848654 0.143458
0.586485 -4.122154 -0.256364 -0.802425 -1.047143 -0.848010 0.143472
0.586337 -4.123828 -0.256268 -0.802488 -1.046448 -0.847369 0.143488
0.586193 -4.125492 -0.256172 -0.802554 -1.045771 -0.846740 0.143502
0.586051 -4.127134 -0.256080 -0.802622 -1.045100 -0.846113 0.143519
0.585911 -4.128762 -0.255989 -0.802694 -1.044445 -0.845495 0.143534
0.585775 -4.130373 -0.255901 -0.802767 -1.043800 -0.844882 0.143551
0.585641 -4.131966 -0.255814 -0.802843 -1.043167 -0.844276 0.143567
0.585509 -4.133542 -0.255729 -0.802922 -1.042543 -0.843674 0.143586
0.585381 -4.135104 -0.255645 -0.803002 -1.041933 -0.843081 0.143603
0.585254 -4.136652 -0.255563 -0.803085 -1.041334 -0.842494 0.143619
0.585130 -4.138177 -0.255484 -0.803170 -1.040742 -0.841910 0.143639
0.585008 -4.139692 -0.255405 -0.803257 -1.040164 -0.841335 0.143657
0.584889 -4.141191 -0.255328 -0.803346 -1.039596 -0.840765 0.143675
0.584773 -4.142679 -0.255252 -0.803437 -1.039041 -0.840204 0.143692
0.584658 -4.144140 -0.255179 -0.803529 -1.038488 -0.839643 0.143713
0.584545 -4.145588 -0.255107 -0.803621 -1.037947 -0.839090 0.143733
0.584434 -4.147024 -0.255037 -0.803716 -1.037418 -0.838545 0.143752
0.584326 -4.148441 -0.254968 -0.803812 -1.036896 -0.838003 0.143772
0.584220 -4.149844 -0.254900 -0.803910 -1.036384 -0.837467 0.143792
0.584116 -4.151235 -0.254834 -0.804009 -1.035883 -0.836939 0.143811
0.584183 -4.153722 -0.255097 -0.805934 -1.036356 -0.838641 0.144250
0.584034 -4.153969 -0.254608 -0.804220 -1.034918 -0.835913 0.143890
0.583815 -4.155310 -0.254644 -0.804313 -1.034427 -0.835382 0.143875
0.583719 -4.156640 -0.254583 -0.804417 -1.033959 -0.834874 0.143896
0.583625 -4.157957 -0.254524 -0.804522 -1.033501 -0.834372 0.143916
0.583532 -4.159257 -0.254466 -0.804627 -1.033049 -0.833874 0.143939
0.583442 -4.160543 -0.254409 -0.804734 -1.032606 -0.833382 0.143960
0.583354 -4.161826 -0.254352 -0.804842 -1.032177 -0.832900 0.143978
0.583266 -4.163075 -0.254299 -0.804948 -1.031743 -0.832414 0.144003
0.583180 -4.164320 -0.254245 -0.805056 -1.031324 -0.831939 0.144024
0.583096 -4.165547 -0.254193 -0.805164 -1.030908 -0.831467 0.144047
0.583014 -4.166759 -0.254143 -0.805273 -1.030500 -0.830999 0.144071
0.582934 -4.167965 -0.254092 -0.805383 -1.030105 -0.830539 0.144091
0.582855 -4.169152 -0.254044 -0.805493 -1.029712 -0.830082 0.144115
0.582777 -4.170328 -0.253996 -0.805604 -1.029327 -0.829630 0.144138
0.582702 -4.171492 -0.253950 -0.805716 -1.028951 -0.829183 0.144160
0.582627 -4.172639 -0.253904 -0.805827 -1.028578 -0.828740 0.144184
0.582554 -4.173774 -0.253860 -0.805938 -1.028213 -0.828303 0.144207
0.582483 -4.174897 -0.253816 -0.806050 -1.027854 -0.827871 0.144230
0.582413 -4.176007 -0.253773 -0.806162 -1.027502 -0.827443 0.144254
0.582344 -4.177103 -0.253732 -0.806274 -1.027155 -0.827019 0.144277
0.582277 -4.178187 -0.253691 -0.806386 -1.026815 -0.826600 0.144301
0.582211 -4.179260 -0.253651 -0.806498 -1.026482 -0.826186 0.144324
0.582146 -4.180318 -0.253612 -0.806611 -1.026153 -0.825775 0.144348
-10.170673 -17.547113 34.137330 20.372012 -36.866157 -22.193944 6.248331
0.579930 -4.188149 -0.255706 -0.817477 -1.016474 -0.841664 0.163253
0.581960 -4.183426 -0.253501 -0.806949 -1.025203 -0.824571 0.144420
0.581901 -4.184438 -0.253465 -0.807062 -1.024898 -0.824179 0.144444
0.581842 -4.185433 -0.253431 -0.807174 -1.024593 -0.823787 0.144471
0.581785 -4.186429 -0.253396 -0.807287 -1.024303 -0.823406 0.144491
0.581729 -4.187406 -0.253363 -0.807399 -1.024013 -0.823026 0.144516
0.581674 -4.188370 -0.253330 -0.807511 -1.023726 -0.822649 0.144541
0.581620 -4.189325 -0.253298 -0.807624 -1.023447 -0.822277 0.144565
0.581567 -4.190266 -0.253268 -0.807735 -1.023170 -0.821908 0.144590
0.581515 -4.191203 -0.253237 -0.807847 -1.022902 -0.821546 0.144613
0.581464 -4.192125 -0.253207 -0.807959 -1.022636 -0.821186 0.144637
0.581414 -4.193033 -0.253178 -0.808069 -1.022374 -0.820829 0.144662
0.581366 -4.193932 -0.253149 -0.808180 -1.022116 -0.820476 0.144686
0.581318 -4.194824 -0.253121 -0.808291 -1.021866 -0.820129 0.144709
0.581271 -4.195703 -0.253094 -0.808401 -1.021618 -0.819784 0.144733
0.581225 -4.196569 -0.253068 -0.808510 -1.021373 -0.819443 0.144758
0.581180 -4.197427 -0.253041 -0.808619 -1.021134 -0.819106 0.144782
0.581136 -4.198276 -0.253016 -0.808727 -1.020900 -0.818774 0.144805
0.581093 -4.199112 -0.252991 -0.808835 -1.020668 -0.818444 0.144829
0.581051 -4.199939 -0.252967 -0.808942 -1.020442 -0.818119 0.144852
0.581009 -4.200754 -0.252943 -0.809049 -1.020217 -0.817796 0.144877
0.580968 -4.201560 -0.252920 -0.809156 -1.019998 -0.817477 0.144901
0.580929 -4.202359 -0.252898 -0.809262 -1.019784 -0.817163 0.144924
0.580890 -4.203147 -0.252875 -0.809368 -1.019572 -0.816851 0.144948
0.580852 -4.203926 -0.252854 -0.809473 -1.019365 -0.816543 0.144972
0.580815 -4.204694 -0.252833 -0.809578 -1.019161 -0.816238 0.144996
0.580778 -4.205454 -0.252812 -0.809682 -1.018960 -0.815936 0.145019
0.580742 -4.206203 -0.252793 -0.809785 -1.018762 -0.815637 0.145044
0.580707 -4.206947 -0.252773 -0.809889 -1.018570 -0.815343 0.145067
0.580673 -4.207680 -0.252754 -0.809991 -1.018380 -0.815052 0.145090
0.580639 -4.208404 -0.252735 -0.810093 -1.018193 -0.814764 0.145114
0.580606 -4.209118 -0.252717 -0.810194 -1.018009 -0.814478 0.145138
0.580574 -4.209824 -0.252699 -0.810295 -1.017828 -0.814197 0.145161
0.580543 -4.210522 -0.252682 -0.810395 -1.017650 -0.813918 0.145185
0.580512 -4.211212 -0.252665 -0.810495 -1.017476 -0.813642 0.145208
0.580481 -4.211891 -0.252648 -0.810594 -1.017303 -0.813369 0.145232
0.580452 -4.212563 -0.252632 -0.810693 -1.017134 -0.813100 0.145255
0.580423 -4.213229 -0.252616 -0.810791 -1.016970 -0.812834 0.145277
0.580394 -4.213885 -0.252601 -0.810888 -1.016807 -0.812571 0.145300
0.580366 -4.214533 -0.252586 -0.810984 -1.016647 -0.812310 0.145323
0.580339 -4.215172 -0.252571 -0.811080 -1.016489 -0.812053 0.145347
0.580312 -4.215804 -0.252557 -0.811175 -1.016334 -0.811799 0.145369
0.580286 -4.216427 -0.252543 -0.811269 -1.016182 -0.811547 0.145392
0.580260 -4.217043 -0.252529 -0.811363 -1.016032 -0.811298 0.145415
0.580236 -4.217654 -0.252516 -0.811456 -1.015887 -0.811052 0.145436
0.580211 -4.218256 -0.252503 -0.811549 -1.015743 -0.810809 0.145458
0.580187 -4.218849 -0.252491 -0.811640 -1.015601 -0.810569 0.145481
0.580164 -4.219435 -0.252478 -0.811732 -1.015462 -0.810331 0.145503
0.580141 -4.220013 -0.252466 -0.811822 -1.015325 -0.810095 0.145526
0.580118 -4.220586 -0.252455 -0.811912 -1.015191 -0.809863 0.145547
7.019282 -6.983238 -10.847708 1.036548 -20.531599 -5.156526 0.012088
0.579889 -4.222760 -0.254042 -0.813113 -1.018956 -0.811808 0.144703
0.580054 -4.222260 -0.252421 -0.812178 -1.014801 -0.809181 0.145613
0.580033 -4.222803 -0.252411 -0.812265 -1.014675 -0.808959 0.145635
0.580013 -4.223344 -0.252400 -0.812352 -1.014554 -0.808740 0.145655
0.579993 -4.223871 -0.252391 -0.812437 -1.014431 -0.808522 0.145678
0.579974 -4.224394 -0.252381 -0.812522 -1.014311 -0.808307 0.145700
0.579955 -4.224913 -0.252371 -0.812607 -1.014195 -0.808095 0.145721
0.579937 -4.225426 -0.252362 -0.812691 -1.014081 -0.807886 0.145741
0.579919 -4.225930 -0.252353 -0.812774 -1.013968 -0.807678 0.145763
0.579901 -4.226428 -0.252344 -0.812857 -1.013857 -0.807473 0.145784
0.579884 -4.226919 -0.252336 -0.812938 -1.013747 -0.807270 0.145805
0.622613 -4.159569 -0.389387 -0.567713 -1.107208 -0.575896 0.236141
0.579737 -4.228289 -0.252528 -0.813959 -1.014000 -0.808147 0.145455
0.579834 -4.228360 -0.252311 -0.813180 -1.013431 -0.806675 0.145866
0.579818 -4.228828 -0.252304 -0.813259 -1.013330 -0.806481 0.145887
0.579803 -4.229290 -0.252296 -0.813338 -1.013230 -0.806289 0.145907
0.579788 -4.229748 -0.252289 -0.813416 -1.013132 -0.806100 0.145927
0.579773 -4.230197 -0.252282 -0.813493 -1.013035 -0.805913 0.145947
0.579759 -4.230642 -0.252275 -0.813570 -1.012940 -0.805727 0.145967
0.579744 -4.231082 -0.252268 -0.813645 -1.012847 -0.805544 0.145987
0.579731 -4.231515 -0.252262 -0.813721 -1.012755 -0.805363 0.146007
0.579717 -4.231943 -0.252255 -0.813795 -1.012665 -0.805184 0.146026
0.579704 -4.232366 -0.252249 -0.813869 -1.012577 -0.805008 0.146046
0.467881 -4.070879 0.148503 -0.551709 -0.662856 -0.406566 0.034316
0.579632 -4.233381 -0.252357 -0.814257 -1.012533 -0.805143 0.146193
0.579666 -4.233602 -0.252232 -0.814087 -1.012319 -0.804489 0.146104
0.579654 -4.234004 -0.252226 -0.814159 -1.012237 -0.804320 0.146123
0.579642 -4.234402 -0.252221 -0.814230 -1.012156 -0.804153 0.146142
0.579631 -4.234794 -0.252216 -0.814300 -1.012076 -0.803988 0.146161
0.579620 -4.235181 -0.252211 -0.814370 -1.011998 -0.803825 0.146180
0.579609 -4.235562 -0.252206 -0.814439 -1.011920 -0.803663 0.146199
0.579598 -4.235940 -0.252201 -0.814507 -1.011845 -0.803504 0.146217
0.579588 -4.236312 -0.252196 -0.814575 -1.011770 -0.803347 0.146235
0.579577 -4.236679 -0.252192 -0.814641 -1.011697 -0.803191 0.146254
0.579567 -4.237041 -0.252188 -0.814708 -1.011624 -0.803037 0.146272
0.579558 -4.237400 -0.252184 -0.814773 -1.011554 -0.802885 0.146289
0.579548 -4.237752 -0.252180 -0.814838 -1.011484 -0.802735 0.146308
0.579539 -4.238101 -0.252176 -0.814902 -1.011416 -0.802586 0.146325
0.579530 -4.238444 -0.252172 -0.814966 -1.011348 -0.802439 0.146344
0.579521 -4.238785 -0.252168 -0.815029 -1.011283 -0.802294 0.146360
0.579513 -4.239121 -0.252165 -0.815092 -1.011219 -0.802151 0.146378
0.579504 -4.239451 -0.252161 -0.815154 -1.011154 -0.802009 0.146396
0.579496 -4.239780 -0.252158 -0.815216 -1.011093 -0.801869 0.146412
0.579488 -4.240102 -0.252155 -0.815277 -1.011031 -0.801730 0.146429
0.579481 -4.240421 -0.252152 -0.815337 -1.010971 -0.801593 0.146446
0.579473 -4.240735 -0.252149 -0.815397 -1.010911 -0.801458 0.146464
0.579466 -4.241047 -0.252146 -0.815456 -1.010853 -0.801324 0.146480
0.579465 -4.241366 -0.252149 -0.815520 -1.010804 -0.801191 0.146498
0.579451 -4.241656 -0.252141 -0.815572 -1.010740 -0.801061 0.146514
0.579445 -4.241955 -0.252138 -0.815630 -1.010684 -0.800932 0.146530
0.579438 -4.242250 -0.252136 -0.815687 -1.010630 -0.800804 0.146546
0.579432 -4.242543 -0.252133 -0.815743 -1.010578 -0.800678 0.146561
0.579425 -4.242828 -0.252131 -0.815799 -1.010524 -0.800552 0.146579
0.579419 -4.243112 -0.252129 -0.815854 -1.010472 -0.800429 0.146595
0.579413 -4.243392 -0.252127 -0.815909 -1.010421 -0.800307 0.146611
0.579407 -4.243669 -0.252124 -0.815963 -1.010372 -0.800186 0.146626
0.579401 -4.243942 -0.252122 -0.816017 -1.010323 -0.800067 0.146642
0.579396 -4.244211 -0.252121 -0.816070 -1.010275 -0.799949 0.146658
0.579390 -4.244477 -0.252119 -0.816122 -1.010227 -0.799833 0.146673
0.579385 -4.244740 -0.252117 -0.816174 -1.010181 -0.799718 0.146688
0.579380 -4.244998 -0.252115 -0.816226 -1.010135 -0.799604 0.146704
0.579375 -4.245254 -0.252114 -0.816277 -1.010091 -0.799492 0.146718
0.579370 -4.245506 -0.252112 -0.816327 -1.010046 -0.799381 0.146734
0.579366 -4.245756 -0.252111 -0.816377 -1.010003 -0.799271 0.146748
0.579361 -4.246001 -0.252110 -0.816427 -1.009961 -0.799162 0.146763
0.579357 -4.246244 -0.252108 -0.816476 -1.009919 -0.799055 0.146778
0.579352 -4.246484 -0.252107 -0.816524 -1.009878 -0.798949 0.146792
0.579348 -4.246720 -0.252106 -0.816572 -1.009837 -0.798844 0.146807
0.579344 -4.246954 -0.252105 -0.816620 -1.009798 -0.798740 0.146821
0.579340 -4.247184 -0.252104 -0.816667 -1.009759 -0.798638 0.146836
0.579336 -4.247412 -0.252103 -0.816713 -1.009721 -0.798537 0.146850
0.579333 -4.247637 -0.252102 -0.816760 -1.009683 -0.798437 0.146863
0.579329 -4.247858 -0.252101 -0.816805 -1.009646 -0.798338 0.146877
0.579326 -4.248077 -0.252100 -0.816850 -1.009610 -0.798240 0.146892
0.579322 -4.248293 -0.252100 -0.816895 -1.009574 -0.798143 0.146905
0.579319 -4.248506 -0.252099 -0.816939 -1.009539 -0.798048 0.146919
0.579316 -4.248717 -0.252098 -0.816983 -1.009505 -0.797953 0.146932
0.579313 -4.248925 -0.252098 -0.817027 -1.009471 -0.797860 0.146945
0.579310 -4.249129 -0.252097 -0.817069 -1.009438 -0.797768 0.146959
0.579307 -4.249331 -0.252097 -0.817112 -1.009405 -0.797677 0.146972
0.579304 -4.249532 -0.252096 -0.817154 -1.009373 -0.797587 0.146985
0.579301 -4.249729 -0.252095 -0.817196 -1.009342 -0.797498 0.146998
0.595148 -4.312939 -0.257599 -0.861800 -1.028320 -0.941829 0.099443
0.579336 -4.250266 -0.252018 -0.817386 -1.009219 -0.797723 0.146897
0.579294 -4.250305 -0.252094 -0.817318 -1.009251 -0.797237 0.147036
0.579292 -4.250492 -0.252094 -0.817358 -1.009221 -0.797152 0.147049
0.579289 -4.250676 -0.252094 -0.817397 -1.009192 -0.797068 0.147061
0.579287 -4.250859 -0.252094 -0.817436 -1.009164 -0.796985 0.147074
0.579285 -4.251039 -0.252094 -0.817475 -1.009137 -0.796903 0.147086
0.579283 -4.251218 -0.252093 -0.817513 -1.009110 -0.796822 0.147097
0.579281 -4.251392 -0.252093 -0.817551 -1.009083 -0.796742 0.147110
0.579279 -4.251565 -0.252093 -0.817589 -1.009056 -0.796662 0.147122
0.579277 -4.251736 -0.252093 -0.817626 -1.009031 -0.796584 0.147134
0.579276 -4.251905 -0.252093 -0.817662 -1.009005 -0.796507 0.147145
0.579274 -4.252071 -0.252093 -0.817699 -1.008980 -0.796430 0.147157
0.579272 -4.252235 -0.252093 -0.817735 -1.008956 -0.796355 0.147169
0.579271 -4.252397 -0.252093 -0.817770 -1.008932 -0.796280 0.147180
0.579269 -4.252557 -0.252093 -0.817805 -1.008908 -0.796206 0.147192
0.620895 -4.229837 -0.285510 -0.959935 -0.988841 -0.846628 0.143219
0.579411 -4.252860 -0.252085 -0.817958 -1.009168 -0.796051 0.147255
0.579265 -4.253025 -0.252094 -0.817909 -1.008840 -0.795990 0.147225
0.579264 -4.253177 -0.252094 -0.817942 -1.008818 -0.795919 0.147236
0.579263 -4.253325 -0.252095 -0.817976 -1.008795 -0.795849 0.147248
0.579262 -4.253474 -0.252095 -0.818008 -1.008775 -0.795781 0.147258
0.579261 -4.253620 -0.252095 -0.818041 -1.008754 -0.795713 0.147269
0.579260 -4.253764 -0.252095 -0.818073 -1.008734 -0.795646 0.147279
0.579259 -4.253906 -0.252096 -0.818105 -1.008713 -0.795580 0.147290
0.579258 -4.254046 -0.252096 -0.818137 -1.008694 -0.795514 0.147301
0.579257 -4.254184 -0.252096 -0.818168 -1.008674 -0.795449 0.147311
0.579256 -4.254321 -0.252097 -0.818199 -1.008655 -0.795385 0.147321
0.579184 -4.253744 -0.252100 -0.817579 -1.008205 -0.793941 0.147823
0.579255 -4.254589 -0.252098 -0.818260 -1.008618 -0.795259 0.147342
0.579254 -4.254720 -0.252098 -0.818290 -1.008600 -0.795197 0.147352
0.579253 -4.254850 -0.252099 -0.818319 -1.008583 -0.795136 0.147362
0.579253 -4.254978 -0.252099 -0.818348 -1.008566 -0.795075 0.147372
0.579252 -4.255104 -0.252100 -0.818377 -1.008548 -0.795016 0.147382
0.579252 -4.255229 -0.252100 -0.818406 -1.008532 -0.794957 0.147391
0.579251 -4.255352 -0.252101 -0.818434 -1.008515 -0.794898 0.147401
0.579251 -4.255473 -0.252101 -0.818462 -1.008499 -0.794841 0.147411
0.579251 -4.255593 -0.252102 -0.818490 -1.008483 -0.794784 0.147420
0.579250 -4.255712 -0.252103 -0.818518 -1.008469 -0.794728 0.147429
0.579250 -4.255828 -0.252103 -0.818545 -1.008453 -0.794672 0.147439
0.579250 -4.255943 -0.252104 -0.818572 -1.008438 -0.794617 0.147448
0.579250 -4.256057 -0.252105 -0.818598 -1.008423 -0.794562 0.147457
0.579249 -4.256169 -0.252105 -0.818624 -1.008409 -0.794509 0.147466
0.579249 -4.256280 -0.252106 -0.818650 -1.008395 -0.794456 0.147475
0.579249 -4.256389 -0.252107 -0.818676 -1.008381 -0.794403 0.147484
0.579249 -4.256497 -0.252107 -0.818702 -1.008367 -0.794351 0.147493
0.579249 -4.256603 -0.252108 -0.818727 -1.008354 -0.794300 0.147501
0.579249 -4.256708 -0.252109 -0.818752 -1.008341 -0.794249 0.147510
0.484428 -4.124156 0.117674 -0.570305 -0.759300 -0.466602 0.092723
0.579192 -4.257042 -0.252142 -0.819223 -1.008261 -0.794565 0.147560
0.579249 -4.257015 -0.252111 -0.818825 -1.008303 -0.794101 0.147536
0.579249 -4.257115 -0.252111 -0.818848 -1.008291 -0.794053 0.147544
0.579249 -4.257213 -0.252112 -0.818872 -1.008279 -0.794005 0.147552
0.579249 -4.257311 -0.252113 -0.818895 -1.008267 -0.793958 0.147561
0.579249 -4.257406 -0.252114 -0.818918 -1.008255 -0.793911 0.147569
0.579250 -4.257501 -0.252114 -0.818941 -1.008244 -0.793865 0.147577
0.579250 -4.257594 -0.252115 -0.818964 -1.008233 -0.793820 0.147585
0.579250 -4.257686 -0.252116 -0.818986 -1.008222 -0.793775 0.147593
0.579250 -4.257777 -0.252117 -0.819008 -1.008211 -0.793730 0.147601
0.579251 -4.257867 -0.252117 -0.819030 -1.008201 -0.793686 0.147608
0.579251 -4.257959 -0.252119 -0.819054 -1.008192 -0.793639 0.147616
0.579251 -4.258043 -0.252119 -0.819073 -1.008181 -0.793600 0.147624
0.579251 -4.258129 -0.252120 -0.819094 -1.008171 -0.793557 0.147632
0.579252 -4.258214 -0.252121 -0.819115 -1.008161 -0.793516 0.147639
0.579252 -4.258298 -0.252121 -0.819135 -1.008152 -0.793474 0.147646
0.579253 -4.258381 -0.252122 -0.819156 -1.008142 -0.793433 0.147654
0.579253 -4.258463 -0.252123 -0.819176 -1.008133 -0.793393 0.147661
0.579253 -4.258545 -0.252124 -0.819196 -1.008125 -0.793353 0.147667
0.579254 -4.258624 -0.252125 -0.819215 -1.008116 -0.793313 0.147675
0.579254 -4.258702 -0.252125 -0.819235 -1.008107 -0.793274 0.147682
0.579255 -4.258780 -0.252126 -0.819254 -1.008098 -0.793235 0.147689
0.579255 -4.258857 -0.252127 -0.819273 -1.008090 -0.793197 0.147696
0.579256 -4.258932 -0.252128 -0.819292 -1.008082 -0.793160 0.147703
0.579256 -4.259007 -0.252129 -0.819311 -1.008074 -0.793122 0.147710
0.579257 -4.259080 -0.252130 -0.819329 -1.008066 -0.793086 0.147717
0.579257 -4.259153 -0.252130 -0.819348 -1.008059 -0.793049 0.147724
0.579258 -4.259225 -0.252131 -0.819366 -1.008051 -0.793013 0.147730
0.579258 -4.259296 -0.252132 -0.819383 -1.008044 -0.792978 0.147737
0.579259 -4.259365 -0.252133 -0.819401 -1.008037 -0.792943 0.147743
0.579260 -4.259434 -0.252134 -0.819419 -1.008030 -0.792908 0.147750
0.579260 -4.259503 -0.252135 -0.819436 -1.008023 -0.792874 0.147756
0.579261 -4.259570 -0.252136 -0.819453 -1.008016 -0.792840 0.147763
0.579261 -4.259636 -0.252136 -0.819470 -1.008009 -0.792806 0.147769
0.579262 -4.259701 -0.252137 -0.819486 -1.008003 -0.792773 0.147775
0.579263 -4.259766 -0.252138 -0.819503 -1.007996 -0.792741 0.147781
0.579263 -4.259830 -0.252139 -0.819519 -1.007990 -0.792708 0.147788
0.579264 -4.259892 -0.252140 -0.819535 -1.007984 -0.792676 0.147794
0.579265 -4.259954 -0.252141 -0.819551 -1.007978 -0.792645 0.147800
0.579265 -4.260016 -0.252141 -0.819567 -1.007972 -0.792614 0.147806
0.579266 -4.260076 -0.252142 -0.819583 -1.007966 -0.792583 0.147811
0.579267 -4.260136 -0.252143 -0.819598 -1.007961 -0.792552 0.147817
0.579268 -4.260195 -0.252144 -0.819613 -1.007955 -0.792522 0.147823
0.579268 -4.260253 -0.252145 -0.819628 -1.007950 -0.792492 0.147829
0.579269 -4.260310 -0.252146 -0.819643 -1.007944 -0.792463 0.147835
0.579270 -4.260367 -0.252147 -0.819658 -1.007939 -0.792434 0.147840
0.579270 -4.260422 -0.252147 -0.819673 -1.007934 -0.792405 0.147846
0.579271 -4.260478 -0.252148 -0.819687 -1.007929 -0.792377 0.147852
0.579272 -4.260532 -0.252149 -0.819701 -1.007924 -0.792349 0.147857
0.579273 -4.260586 -0.252150 -0.819716 -1.007919 -0.792321 0.147862
0.579273 -4.260639 -0.252151 -0.819730 -1.007915 -0.792294 0.147868
0.579274 -4.260691 -0.252152 -0.819743 -1.007910 -0.792267 0.147873
0.579275 -4.260743 -0.252152 -0.819757 -1.007906 -0.792240 0.147878
0.579276 -4.260793 -0.252153 -0.819770 -1.007901 -0.792214 0.147884
0.579277 -4.260844 -0.252154 -0.819784 -1.007897 -0.792188 0.147889
0.579277 -4.260894 -0.252155 -0.819797 -1.007893 -0.792162 0.147894
0.579278 -4.260943 -0.252156 -0.819810 -1.007889 -0.792136 0.147899
0.579279 -4.260991 -0.252157 -0.819823 -1.007884 -0.792111 0.147904
11.667388 -16.009264 -29.396879 19.389252 21.118909 -17.926013 -5.188648
0.579342 -4.261147 -0.252106 -0.820248 -1.008152 -0.792309 0.147437
0.579281 -4.261132 -0.252159 -0.819861 -1.007873 -0.792037 0.147919
0.579282 -4.261178 -0.252160 -0.819873 -1.007869 -0.792013 0.147924
0.579283 -4.261223 -0.252161 -0.819885 -1.007866 -0.791989 0.147928
0.579284 -4.261268 -0.252161 -0.819897 -1.007862 -0.791966 0.147933
0.579284 -4.261312 -0.252162 -0.819909 -1.007859 -0.791943 0.147938
0.579285 -4.261355 -0.252163 -0.819921 -1.007855 -0.791920 0.147942
0.579286 -4.261398 -0.252164 -0.819932 -1.007852 -0.791897 0.147947
0.579287 -4.261440 -0.252165 -0.819944 -1.007849 -0.791875 0.147952
0.579288 -4.261482 -0.252165 -0.819955 -1.007845 -0.791853 0.147956
0.579288 -4.261523 -0.252166 -0.819967 -1.007842 -0.791831 0.147961
0.579289 -4.261564 -0.252167 -0.819978 -1.007839 -0.791809 0.147965
0.579290 -4.261605 -0.252168 -0.819989 -1.007837 -0.791788 0.147969
0.579291 -4.261645 -0.252168 -0.820000 -1.007834 -0.791767 0.147973
0.579292 -4.261684 -0.252169 -0.820010 -1.007831 -0.791746 0.147978
0.579293 -4.261723 -0.252170 -0.820021 -1.007829 -0.791726 0.147982
0.579294 -4.261761 -0.252171 -0.820032 -1.007826 -0.791705 0.147986
0.579294 -4.261799 -0.252171 -0.820042 -1.007824 -0.791685 0.147990
0.579295 -4.261836 -0.252172 -0.820052 -1.007821 -0.791666 0.147994
0.579296 -4.261873 -0.252173 -0.820062 -1.007819 -0.791646 0.147998
0.579297 -4.261909 -0.252174 -0.820072 -1.007816 -0.791627 0.148002
0.579298 -4.261944 -0.252174 -0.820082 -1.007814 -0.791607 0.148006
0.579298 -4.261980 -0.252175 -0.820092 -1.007811 -0.791588 0.148010
0.586028 -4.317951 0.711804 1.524418 -3.577707 -2.723316 0.458768
0.579103 -4.262002 -0.252169 -0.820056 -1.007359 -0.791462 0.147962
0.579301 -4.262082 -0.252178 -0.820121 -1.007804 -0.791533 0.148022
0.579302 -4.262115 -0.252178 -0.820130 -1.007802 -0.791515 0.148026
0.579302 -4.262147 -0.252179 -0.820139 -1.007800 -0.791497 0.148030
0.579303 -4.262179 -0.252180 -0.820148 -1.007797 -0.791479 0.148034
0.579304 -4.262211 -0.252181 -0.820157 -1.007795 -0.791461 0.148038
0.579305 -4.262242 -0.252181 -0.820166 -1.007793 -0.791444 0.148042
0.579305 -4.262272 -0.252182 -0.820175 -1.007790 -0.791427 0.148046
0.579306 -4.262302 -0.252183 -0.820183 -1.007788 -0.791409 0.148050
0.579307 -4.262331 -0.252184 -0.820192 -1.007785 -0.791392 0.148054
0.602923 -4.626962 -0.273853 -1.126850 -1.091646 -0.684976 0.151260
0.579338 -4.262641 -0.252213 -0.820418 -1.007845 -0.791289 0.148066
0.579353 -4.264064 -0.251950 -0.820085 -1.008522 -0.791816 0.146253
