-0.023341 1.318626 -0.147667 1.387836 9.254817 1.724427 1.221920
-0.031647 1.565435 -0.208811 1.250771 9.473307 1.401787 1.061189
-0.011260 1.787379 -0.236383 1.153203 9.643154 1.116895 0.888094
0.059101 2.565573 -0.192644 0.768172 9.788289 0.870605 0.710696
0.001709 1.962143 -0.331263 1.028181 9.955652 0.468561 0.525220
0.039147 2.343182 -0.317536 0.866713 10.134045 0.274710 0.391286
0.052885 2.493076 -0.343953 0.772186 10.289455 -0.001150 0.258487
0.054735 2.624937 -0.382273 0.679151 10.453013 -0.281952 0.137995
0.055624 2.736333 -0.419997 0.588147 10.611449 -0.560326 0.030012
0.061112 2.826912 -0.450487 0.498234 10.757022 -0.832027 -0.065244
0.064790 2.899539 -0.480814 0.407342 10.896949 -1.101134 -0.147390
0.066639 2.954064 -0.510867 0.315276 11.030794 -1.367476 -0.216137
0.066667 2.990259 -0.540524 0.221915 11.158103 -1.630849 -0.271196
0.064897 3.007816 -0.569655 0.127213 11.278393 -1.891018 -0.312276
0.061365 3.006350 -0.598127 0.031192 11.391170 -2.147719 -0.339087
0.054456 2.985570 -0.627685 -0.065248 11.497489 -2.401525 -0.351171
0.030912 2.948105 -0.673221 -0.156883 11.609835 -2.659081 -0.346835
0.019333 2.884209 -0.702719 -0.251382 11.700945 -2.905907 -0.328859
0.005638 2.800264 -0.731608 -0.347150 11.783314 -3.148348 -0.295461
-0.006687 2.661619 -0.764541 -0.308395 11.819533 -3.382018 -0.284422
-0.026189 2.430428 -0.803229 -0.196478 11.833065 -3.625971 -0.245868
-0.058869 2.139566 -0.852264 -0.055364 11.839925 -3.874633 -0.175396
-0.095953 1.825152 -0.906346 0.132702 11.830575 -4.114004 -0.104058
-0.134059 1.486171 -0.958547 0.332450 11.808935 -4.346856 -0.017687
-0.214401 1.162204 -1.053651 0.587050 11.788951 -4.565447 0.080190
-0.282909 0.933694 -1.126889 0.610684 11.899657 -4.879137 0.231908
-0.332587 0.596030 -1.189931 0.932790 11.788981 -5.001325 0.322579
-0.370825 0.244741 -1.239968 1.279909 11.654064 -5.099745 0.407987
-0.398854 -0.063631 -1.280743 1.617383 11.513764 -5.180096 0.469050
-0.433120 -0.321706 -1.327274 1.941069 11.379903 -5.249358 0.520169
-0.453892 -0.503225 -1.362099 2.234330 11.251255 -5.301917 0.536976
-0.445496 -0.565352 -1.376215 2.554798 11.091771 -5.282967 0.464500
-0.440774 -0.555439 -1.391227 2.803539 10.968955 -5.275567 0.395037
-0.423478 -0.455811 -1.394646 2.993699 10.866598 -5.259426 0.297974
-0.385334 -0.258004 -1.381772 3.161646 10.763729 -5.204623 0.147952
-0.334380 0.004159 -1.355723 3.241233 10.696097 -5.166908 -0.011512
-0.273006 0.313125 -1.319578 3.268440 10.644774 -5.128312 -0.182889
-0.213716 0.635815 -1.284081 3.282316 10.595023 -5.077735 -0.350198
-0.148949 0.950068 -1.241359 3.240895 10.563604 -5.049585 -0.503628
-0.088813 1.230612 -1.199913 3.175475 10.537759 -5.035428 -0.630873
-0.046866 1.455420 -1.171328 3.141724 10.493216 -5.008621 -0.721421
-0.011183 1.631402 -1.144857 3.075701 10.461038 -5.012596 -0.777182
0.014176 1.754890 -1.124224 3.014411 10.421245 -5.023417 -0.800621
0.029667 1.832963 -1.109043 2.954377 10.376297 -5.043048 -0.794034
0.031070 1.867354 -1.102250 2.899167 10.325567 -5.071797 -0.752513
0.034976 1.879727 -1.091757 2.832373 10.273718 -5.109071 -0.702654
0.034902 1.869565 -1.082377 2.765080 10.217078 -5.150160 -0.637456
0.032245 1.842058 -1.073077 2.696616 10.155642 -5.193928 -0.560663
0.028023 1.801990 -1.063334 2.630648 10.087876 -5.236330 -0.480965
0.021739 1.752064 -1.054849 2.600782 9.998132 -5.248563 -0.420083
0.016537 1.698145 -1.042946 2.534869 9.922346 -5.292020 -0.362667
0.012771 1.642659 -1.028600 2.465748 9.843442 -5.336237 -0.303543
0.010997 1.588043 -1.011559 2.394009 9.761351 -5.380278 -0.242283
0.003626 1.529913 -0.997993 2.354146 9.660846 -5.398898 -0.177055
0.006242 1.482385 -0.975981 2.281896 9.571955 -5.439603 -0.121986
1.091285 3.898725 -0.085871 3.137987 9.045025 -4.068212 0.481442
-0.131951 -1.539980 -1.474425 1.848248 9.319735 -7.037888 -0.531256
0.036493 1.380644 -0.889062 2.041197 9.295361 -5.563597 0.003477
0.053640 1.360048 -0.854933 1.973537 9.191444 -5.585472 0.025338
0.073031 1.344415 -0.820178 1.925410 9.077392 -5.585469 0.035200
0.094029 1.328433 -0.781918 1.843512 8.976934 -5.618755 0.054109
0.115809 1.311248 -0.742513 1.759077 8.875636 -5.653164 0.073667
0.138427 1.293437 -0.701940 1.674364 8.773303 -5.691702 0.096220
0.161350 1.273555 -0.660606 1.589467 8.670003 -5.734431 0.122690
0.177903 1.243306 -0.623485 1.519950 8.556916 -5.758757 0.156367
0.188724 1.204599 -0.590364 1.464672 8.435799 -5.767499 0.196572
0.204904 1.161763 -0.552707 1.380684 8.325349 -5.800564 0.234970
4.908056 3.289264 0.428357 0.506220 13.025905 -6.019218 0.827340
0.844453 -4.805521 -0.751694 -11.874850 6.978886 -22.023584 -4.747431
0.248409 1.000458 -0.441597 1.111759 7.989984 -5.905189 0.361999
0.261341 0.937478 -0.405541 1.016477 7.880530 -5.942921 0.405829
0.341296 0.953286 -0.312935 0.678014 7.837338 -6.182974 0.448327
0.306845 0.856821 -0.316256 0.762418 7.686853 -6.051978 0.479087
0.312298 0.755580 -0.287525 0.669582 7.575502 -6.106853 0.528947
0.324254 0.680027 -0.252952 0.565685 7.467907 -6.155925 0.568280
0.260474 0.723553 -0.309923 0.759063 7.486499 -6.051517 0.554289
0.360129 0.477332 -0.170362 0.301042 7.224851 -6.297938 0.651892
0.370688 0.416400 -0.137143 0.195516 7.129591 -6.348618 0.686435
0.377841 0.331176 -0.108545 0.095995 7.031417 -6.409891 0.718793
0.383593 0.243620 -0.081560 -0.002128 6.936162 -6.474865 0.749874
0.387819 0.154248 -0.056368 -0.098038 6.844374 -6.543305 0.779520
0.390374 0.063522 -0.033172 -0.190771 6.756528 -6.614836 0.807551
0.391537 -0.028878 -0.011671 -0.281112 6.672460 -6.690093 0.834068
0.391138 -0.122572 0.007940 -0.368293 6.592568 -6.768957 0.859094
0.388860 -0.217339 0.025345 -0.451166 6.517116 -6.851043 0.882625
0.384792 -0.313736 0.040676 -0.530412 6.445927 -6.937298 0.905000
0.378601 -0.411640 0.053600 -0.605170 6.379265 -7.027698 0.926375
0.376330 -0.523192 0.071109 -0.702288 6.291681 -7.123636 0.949315
0.398720 -0.688766 0.116647 -0.911709 6.103449 -7.233678 0.981047
0.418554 -0.858849 0.158962 -1.116377 5.919781 -7.348221 1.011383
0.435585 -1.033615 0.197787 -1.315950 5.740669 -7.467280 1.040479
1.420456 -1.022241 0.656134 -0.441298 3.499672 -6.193242 1.217988
0.207202 -1.577459 -0.511248 -2.719039 7.111412 -8.813518 0.981004
0.469812 -1.581563 0.293072 -1.882994 5.232457 -7.849624 1.118834
0.476237 -1.769391 0.318357 -2.062085 5.073788 -7.985100 1.141131
0.480648 -1.959323 0.340932 -2.237594 4.920483 -8.125368 1.161326
0.482622 -2.150782 0.360370 -2.408299 4.772744 -8.269641 1.179334
0.396884 -2.171525 0.281794 -2.235708 4.717011 -8.160954 1.187147
0.495976 -2.587932 0.406749 -2.810514 4.476647 -8.639519 1.207115
0.489119 -2.764578 0.416720 -2.951122 4.346220 -8.766835 1.224108
0.478369 -2.965069 0.420139 -3.098702 4.219513 -8.926240 1.233839
0.463582 -3.168861 0.418958 -3.240420 4.096715 -9.090295 1.242166
0.443646 -3.377062 0.412623 -3.375961 3.975963 -9.260190 1.250247
0.417437 -3.590671 0.400575 -3.504820 3.855126 -9.436632 1.259344
0.384659 -3.809903 0.382760 -3.626893 3.732900 -9.619351 1.269769
0.345606 -4.032857 0.359237 -3.740763 3.609706 -9.805405 1.280918
0.301798 -4.257824 0.331018 -3.847283 3.486642 -9.992738 1.291560
0.254517 -4.482427 0.298862 -3.946227 3.365287 -10.178585 1.300291
0.204752 -4.705297 0.263443 -4.037940 3.246459 -10.361339 1.306348
0.153119 -4.925567 0.225281 -4.122818 3.130259 -10.539897 1.309601
0.100149 -5.142460 0.184890 -4.201223 3.016591 -10.713348 1.309936
0.046628 -5.355925 0.143143 -4.274704 2.904831 -10.881743 1.307445
-0.006972 -5.564556 0.100557 -4.343048 2.794822 -11.043300 1.302315
-0.059629 -5.767205 0.058175 -4.407175 2.686519 -11.197033 1.294418
-0.110180 -5.962787 0.017204 -4.468319 2.579909 -11.342206 1.283761
-0.157541 -6.149450 -0.021275 -4.526799 2.475611 -11.477463 1.270206
4.869632 -5.393980 -0.172501 -2.343228 0.159525 -9.991623 1.366333
-0.875260 -6.672186 -1.228578 -5.661843 3.872867 -12.855232 1.145731
-0.268136 -6.646501 -0.109170 -4.698808 2.181624 -11.824236 1.210249
-0.291398 -6.789908 -0.126207 -4.758609 2.091350 -11.921014 1.184214
-0.306733 -6.920287 -0.136086 -4.819504 2.006715 -12.008477 1.154321
-0.314070 -7.039556 -0.138746 -4.882780 1.927289 -12.088415 1.121075
-0.313309 -7.148268 -0.134141 -4.948782 1.853375 -12.161814 1.084514
-0.337282 -6.972327 -0.169618 -4.732153 1.920634 -11.889503 1.068561
-0.277320 -7.398437 -0.092578 -5.153803 1.704233 -12.378710 0.987605
-0.261728 -7.474100 -0.073273 -5.215152 1.637048 -12.416948 0.953256
-0.161195 -7.718051 0.032078 -5.561231 1.520859 -12.572187 1.008225
-0.138669 -7.613111 0.049049 -5.471447 1.555792 -12.554653 0.863830
-0.130535 -7.701654 0.055598 -5.507411 1.496933 -12.583391 0.826312
-0.085598 -7.764326 0.097728 -5.588128 1.461708 -12.632279 0.775780
-0.038553 -7.825505 0.141337 -5.668248 1.429512 -12.680796 0.724873
0.009482 -7.886302 0.185468 -5.747084 1.399283 -12.728891 0.674314
0.057570 -7.946713 0.229310 -5.823429 1.370465 -12.775366 0.624896
0.104722 -8.007249 0.272006 -5.896315 1.342127 -12.819921 0.576631
0.149913 -8.067529 0.312635 -5.964147 1.313690 -12.860568 0.530094
0.192578 -8.126836 0.350690 -6.025829 1.285035 -12.895456 0.485561
0.232098 -8.184166 0.385566 -6.079901 1.256190 -12.922627 0.442835
0.268065 -8.239665 0.416930 -6.126218 1.226687 -12.941000 0.402039
0.300272 -8.292446 0.444569 -6.164147 1.196773 -12.949330 0.363354
0.328587 -8.341963 0.468316 -6.193327 1.166608 -12.946780 0.326784
0.353074 -8.387400 0.488268 -6.213647 1.136281 -12.932467 0.292889
0.374149 -8.428684 0.504816 -6.225973 1.106088 -12.906646 0.261811
0.391988 -8.464788 0.518113 -6.230045 1.076392 -12.868821 0.233572
0.407028 -8.495682 0.528621 -6.226773 1.047173 -12.819603 0.208190
0.419712 -8.521646 0.536757 -6.217206 1.018578 -12.759925 0.185404
0.430332 -8.541775 0.542827 -6.201334 0.990821 -12.689905 0.165062
0.439109 -8.556668 0.546981 -6.179954 0.964108 -12.610603 0.146718
0.446332 -8.566463 0.549553 -6.153768 0.938060 -12.522984 0.130217
0.530281 -8.840058 0.645819 -6.452583 0.772347 -12.735132 0.137744
0.489918 -8.632660 0.580059 -6.186326 0.944751 -12.426683 0.105958
0.483684 -8.623653 0.574743 -6.128699 0.853005 -12.292364 0.092890
0.486997 -8.617771 0.573334 -6.090238 0.827836 -12.182261 0.081447
0.489319 -8.607596 0.570844 -6.048527 0.803190 -12.066833 0.071119
0.490844 -8.593573 0.567474 -6.004190 0.779045 -11.946839 0.061856
0.491726 -8.575481 0.563388 -5.957348 0.755459 -11.822669 0.053633
0.492005 -8.553741 0.558597 -5.908301 0.732716 -11.694710 0.046383
0.491923 -8.528726 0.553380 -5.857695 0.710461 -11.563849 0.040048
0.491491 -8.500467 0.547730 -5.805532 0.689030 -11.430365 0.034574
0.490782 -8.469392 0.541722 -5.752170 0.668345 -11.294811 0.029889
0.489790 -8.435376 0.535354 -5.697490 0.648475 -11.157392 0.025936
0.488647 -8.399383 0.528769 -5.642271 0.629242 -11.019019 0.022619
0.487357 -8.361322 0.521981 -5.586443 0.610643 -10.879946 0.019864
0.485766 -8.320766 0.514811 -5.529423 0.592989 -10.739759 0.017642
0.524735 -8.276112 0.505201 -5.264265 0.444523 -10.944006 0.244668
0.410536 -8.273614 0.421434 -5.575754 0.945561 -10.651183 0.165590
0.480285 -8.189614 0.492371 -5.356045 0.542897 -10.318765 0.013133
0.478353 -8.143424 0.484755 -5.298004 0.526799 -10.179287 0.012109
0.476244 -8.095589 0.476935 -5.239322 0.511253 -10.039827 0.011334
0.474134 -8.046865 0.469126 -5.180712 0.495663 -9.901168 0.010709
0.471987 -7.997095 0.461285 -5.122000 0.480165 -9.763236 0.010265
0.469794 -7.946123 0.453407 -5.063042 0.464654 -9.626029 0.010000
0.467705 -7.895692 0.445662 -5.005119 0.448921 -9.490197 0.009944
0.465522 -7.843565 0.437817 -4.946595 0.433130 -9.354938 0.010093
0.463347 -7.791330 0.429987 -4.888473 0.417220 -9.220611 0.010512
0.509657 -7.980074 0.479832 -5.058491 0.261193 -9.322249 -0.020193
0.472749 -7.743811 0.430378 -4.837416 0.376114 -9.033088 0.005983
0.468467 -7.681226 0.420002 -4.764962 0.339651 -8.877674 0.005490
0.466965 -7.628931 0.412851 -4.709612 0.320675 -8.749823 0.006089
0.465735 -7.575330 0.405838 -4.653248 0.300766 -8.623770 0.006996
0.463773 -7.524974 0.398269 -4.600948 0.282507 -8.497970 0.007824
0.462494 -7.470051 0.391153 -4.544993 0.262459 -8.372528 0.009047
0.461073 -7.416834 0.383879 -4.490901 0.242531 -8.249160 0.010347
0.459661 -7.363358 0.376539 -4.437064 0.222466 -8.126903 0.011801
0.458357 -7.310205 0.369244 -4.383976 0.201966 -8.006237 0.013321
0.457019 -7.256583 0.361823 -4.330942 0.181567 -7.886551 0.015010
0.455704 -7.202967 0.354337 -4.278301 0.161051 -7.768041 0.016834
0.454467 -7.149514 0.346843 -4.226247 0.140269 -7.651081 0.018705
0.453328 -7.096447 0.339363 -4.174932 0.119256 -7.535752 0.020627
0.452200 -7.043300 0.331794 -4.123941 0.098332 -7.421660 0.022673
0.451161 -6.990483 0.324220 -4.073615 0.077196 -7.309161 0.024748
0.450126 -6.937588 0.316548 -4.023583 0.056222 -7.197912 0.026945
0.449189 -6.885180 0.308881 -3.974300 0.035062 -7.088319 0.029167
0.448293 -6.832978 0.301159 -3.925524 0.014013 -6.980148 0.031485
0.447470 -6.781177 0.293416 -3.877393 -0.007061 -6.873515 0.033864
0.446717 -6.729687 0.285650 -3.829857 -0.028122 -6.768483 0.036268
0.445955 -6.678135 0.277782 -3.782558 -0.048866 -6.664659 0.038798
0.445327 -6.627173 0.269960 -3.736064 -0.069830 -6.562704 0.041241
0.444785 -6.577117 0.262152 -3.690505 -0.090575 -6.462140 0.043866
0.444298 -6.527266 0.254318 -3.645465 -0.111235 -6.363214 0.046470
0.443806 -6.477391 0.246402 -3.600637 -0.131525 -6.265509 0.049173
0.443422 -6.428217 0.238526 -3.556597 -0.151842 -6.169440 0.051858
0.462891 -6.434304 0.179198 -3.626015 -0.238644 -6.035291 0.042026
0.452496 -6.249893 0.230534 -3.367207 -0.172244 -5.931593 0.068275
0.437686 -6.227459 0.209647 -3.381897 -0.203530 -5.883817 0.053511
0.444802 -6.260956 0.209464 -3.398626 -0.235332 -5.793067 0.066963
0.444515 -6.216278 0.201706 -3.366979 -0.252741 -5.714607 0.069290
0.438258 -6.104172 0.187680 -3.280016 -0.260234 -5.630561 0.063027
0.445922 -6.131957 0.187070 -3.285211 -0.294705 -5.531592 0.076330
0.445635 -6.087825 0.179271 -3.254425 -0.310955 -5.456828 0.078621
0.445763 -6.040998 0.171412 -3.213993 -0.329459 -5.372930 0.080980
0.445968 -5.994850 0.163616 -3.174243 -0.347760 -5.290489 0.083309
0.446178 -5.948988 0.155821 -3.134864 -0.365594 -5.209265 0.085700
0.446436 -5.903643 0.148070 -3.096005 -0.383147 -5.129349 0.088092
0.446749 -5.858908 0.140378 -3.057741 -0.400409 -5.050761 0.090496
0.500710 -5.908081 0.249999 -3.197527 -0.600903 -5.081522 0.120620
0.351030 -5.727236 0.085535 -2.967294 -0.183000 -4.782916 0.057415
0.447883 -5.727510 0.117570 -2.945803 -0.450088 -4.822535 0.097868
0.448364 -5.684978 0.110103 -2.909642 -0.466059 -4.748907 0.100408
0.448810 -5.642409 0.102642 -2.873609 -0.481527 -4.676579 0.102921
0.449330 -5.600622 0.095272 -2.838174 -0.496775 -4.605349 0.105499
0.449897 -5.559467 0.087987 -2.803327 -0.511737 -4.535400 0.108090
0.450585 -5.519332 0.080856 -2.769332 -0.526633 -4.466882 0.110604
0.451111 -5.478655 0.073626 -2.735040 -0.540573 -4.399078 0.113389
0.451816 -5.439326 0.066587 -2.701715 -0.554756 -4.332585 0.116052
0.452425 -5.399817 0.059530 -2.668409 -0.568179 -4.267137 0.118848
0.446485 -5.312840 0.048456 -2.602992 -0.565987 -4.213517 0.114902
0.456007 -5.332306 0.046737 -2.603709 -0.600581 -4.131700 0.125691
0.456210 -5.296526 0.039007 -2.581429 -0.610137 -4.075189 0.128702
0.456562 -5.258750 0.033091 -2.548334 -0.622267 -4.015102 0.131440
0.457199 -5.220946 0.026450 -2.516757 -0.634004 -3.956280 0.134026
0.457999 -5.184513 0.019902 -2.485906 -0.645852 -3.897328 0.136739
0.458805 -5.148552 0.013434 -2.455440 -0.657371 -3.839436 0.139452
0.459619 -5.113073 0.007042 -2.425344 -0.668569 -3.782539 0.142182
0.460451 -5.078142 0.000737 -2.395663 -0.679486 -3.726660 0.144906
0.461288 -5.043698 -0.005486 -2.366359 -0.690094 -3.671804 0.147619
0.462158 -5.009901 -0.011610 -2.337533 -0.700475 -3.617959 0.150310
0.463004 -4.976435 -0.017673 -2.308977 -0.710469 -3.565086 0.153008
0.463877 -4.943588 -0.023637 -2.280855 -0.720251 -3.513213 0.155659
0.464767 -4.911320 -0.029511 -2.253164 -0.729768 -3.462297 0.158301
0.465655 -4.879534 -0.035306 -2.225833 -0.738991 -3.412328 0.160929
0.466543 -4.848234 -0.041017 -2.198852 -0.747938 -3.363337 0.163513
0.467459 -4.817582 -0.046632 -2.172324 -0.756681 -3.315247 0.166085
0.468365 -4.787380 -0.052167 -2.146137 -0.765127 -3.268115 0.168622
0.469269 -4.757664 -0.057626 -2.120282 -0.773307 -3.221858 0.171154
0.470160 -4.728376 -0.063016 -2.094726 -0.781202 -3.176478 0.173679
0.471072 -4.699717 -0.068309 -2.069598 -0.788914 -3.132009 0.176161
0.471992 -4.671625 -0.073513 -2.044876 -0.796401 -3.088431 0.178622
0.473002 -4.644576 -0.078572 -2.020877 -0.803906 -3.045769 0.181001
0.473816 -4.616940 -0.083667 -1.996544 -0.810616 -3.003914 0.183473
0.474722 -4.590300 -0.088641 -1.972740 -0.817419 -2.962756 0.185903
0.475621 -4.564194 -0.093519 -1.949348 -0.823983 -2.922442 0.188297
0.476522 -4.538639 -0.098309 -1.926325 -0.830355 -2.882877 0.190676
0.477392 -4.513447 -0.103030 -1.903543 -0.836453 -2.844049 0.193054
0.492188 -4.575503 -0.096694 -1.940045 -0.882112 -2.820574 0.180291
0.494222 -4.560096 -0.098065 -1.935743 -0.886239 -2.793452 0.178734
0.483955 -4.466186 -0.110964 -1.867970 -0.859842 -2.746230 0.191892
0.486143 -4.449193 -0.116008 -1.841515 -0.872501 -2.704310 0.194080
0.493170 -4.477298 -0.111658 -1.855290 -0.896252 -2.692369 0.178481
0.491868 -4.424351 -0.120600 -1.820075 -0.889858 -2.640642 0.194130
0.492951 -4.406254 -0.125379 -1.798815 -0.898573 -2.604311 0.195886
0.494094 -4.386456 -0.129126 -1.779914 -0.904008 -2.572275 0.197039
0.495270 -4.367360 -0.132790 -1.761489 -0.909354 -2.541076 0.198179
0.496417 -4.348675 -0.136390 -1.743380 -0.914439 -2.510808 0.199290
0.497617 -4.330782 -0.139907 -1.725804 -0.919491 -2.481370 0.200397
0.498790 -4.313301 -0.143366 -1.708556 -0.924293 -2.452851 0.201492
0.499992 -4.296515 -0.146750 -1.691780 -0.929003 -2.425206 0.202572
0.501198 -4.280265 -0.150075 -1.675406 -0.933549 -2.398427 0.203659
0.502403 -4.264565 -0.153340 -1.659426 -0.937931 -2.372535 0.204737
0.503592 -4.249237 -0.156574 -1.643723 -0.942098 -2.347461 0.205866
0.504864 -4.235003 -0.159693 -1.628757 -0.946348 -2.323284 0.206915
0.506125 -4.221133 -0.162774 -1.614146 -0.950395 -2.299911 0.208005
0.507397 -4.207855 -0.165800 -1.599950 -0.954324 -2.277362 0.209099
0.507967 -4.190219 -0.168541 -1.582159 -0.957564 -2.248558 0.209586
0.508375 -4.171940 -0.171168 -1.563784 -0.960521 -2.218909 0.209917
0.508793 -4.154243 -0.173746 -1.545829 -0.963315 -2.190270 0.210254
0.509259 -4.137359 -0.176252 -1.528443 -0.966054 -2.162616 0.210569
0.519360 -4.182295 -0.172088 -1.552495 -0.995591 -2.135565 0.202254
0.594852 -3.864626 -0.176196 -1.546019 -1.425595 -1.691749 0.255564
0.482171 -4.277329 -0.156725 -1.527087 -0.824992 -2.279417 0.196354
0.512905 -4.084653 -0.184222 -1.470964 -0.980100 -2.060097 0.209292
0.513495 -4.070893 -0.186399 -1.455929 -0.982358 -2.036731 0.209416
0.514091 -4.057646 -0.188529 -1.441278 -0.984488 -2.014157 0.209543
0.514708 -4.044991 -0.190607 -1.427060 -0.986538 -1.992341 0.209662
0.515326 -4.032803 -0.192638 -1.413202 -0.988460 -1.971255 0.209781
0.515956 -4.021124 -0.194625 -1.399722 -0.990292 -1.950854 0.209902
0.516590 -4.009927 -0.196562 -1.386604 -0.992019 -1.931108 0.210017
0.517221 -3.999142 -0.198459 -1.373802 -0.993632 -1.911973 0.210140
0.517863 -3.988851 -0.200307 -1.361359 -0.995173 -1.893408 0.210258
0.518501 -3.978974 -0.202107 -1.349234 -0.996612 -1.875387 0.210367
0.519126 -3.969431 -0.203871 -1.337366 -0.997932 -1.857873 0.210484
0.519740 -3.960258 -0.205592 -1.325763 -0.999146 -1.840837 0.210599
0.520371 -3.951575 -0.207260 -1.314513 -1.000340 -1.824208 0.210700
0.520957 -3.943039 -0.208897 -1.303400 -1.001350 -1.808003 0.210804
0.521559 -3.934989 -0.210483 -1.292608 -1.002353 -1.792137 0.210894
0.522123 -3.927125 -0.212028 -1.281969 -1.003208 -1.776614 0.210972
0.517026 -3.901154 -0.213518 -1.257809 -0.988656 -1.769794 0.209724
0.524989 -3.922846 -0.214891 -1.265489 -1.009362 -1.746134 0.211463
0.524704 -3.907660 -0.216415 -1.253820 -1.008068 -1.729946 0.211383
0.525126 -3.900581 -0.217792 -1.243655 -1.008437 -1.715400 0.211373
0.525577 -3.894062 -0.219100 -1.233837 -1.008881 -1.700991 0.211309
0.525975 -3.887552 -0.220377 -1.224068 -1.009171 -1.686784 0.211238
20.856892 -18.504711 -54.466403 29.304168 11.899224 -38.673553 -18.127879
0.527577 -3.945954 -0.240451 -1.316511 -1.143570 -1.868131 0.042611
0.527070 -3.869664 -0.223949 -1.195838 -1.009715 -1.645485 0.210905
0.527390 -3.864130 -0.225062 -1.186745 -1.009741 -1.632229 0.210766
0.527718 -3.858954 -0.226131 -1.177904 -1.009772 -1.619211 0.210610
0.528013 -3.853914 -0.227168 -1.169186 -1.009693 -1.606480 0.210447
0.528294 -3.849128 -0.228169 -1.160643 -1.009556 -1.594027 0.210279
0.534841 -3.876318 -0.226377 -1.175071 -1.027144 -1.572472 0.206043
0.529108 -3.831793 -0.229524 -1.144823 -1.009961 -1.565003 0.208680
0.525253 -3.825806 -0.230059 -1.128586 -0.998690 -1.562960 0.207719
0.531817 -3.844596 -0.231199 -1.135635 -1.015317 -1.543463 0.208617
0.531361 -3.833126 -0.232050 -1.125870 -1.013247 -1.530720 0.208206
0.531560 -3.829643 -0.232810 -1.118292 -1.012786 -1.519564 0.207873
0.527157 -3.813948 -0.233210 -1.100616 -0.999947 -1.516118 0.206745
0.528805 -3.819665 -0.233948 -1.097268 -1.003288 -1.505151 0.206698
0.534255 -3.829892 -0.235063 -1.101841 -1.016943 -1.485751 0.207300
0.533705 -3.819515 -0.235738 -1.092575 -1.014536 -1.474219 0.206802
0.533776 -3.816788 -0.236353 -1.085512 -1.013680 -1.464181 0.206396
0.533831 -3.814186 -0.236946 -1.078564 -1.012774 -1.454355 0.205990
0.534871 -3.834242 -0.238150 -1.098427 -1.015426 -1.429475 0.205729
0.535416 -3.834744 -0.239205 -1.095004 -1.014925 -1.418194 0.205345
0.533954 -3.807534 -0.238575 -1.058611 -1.009926 -1.426066 0.204743
0.533987 -3.805685 -0.239071 -1.052255 -1.008951 -1.417010 0.204321
0.534003 -3.803958 -0.239547 -1.046003 -1.007928 -1.408151 0.203899
0.530070 -3.793314 -0.239571 -1.031588 -0.996385 -1.406396 0.202876
0.535289 -3.808531 -0.240534 -1.037394 -1.009191 -1.390688 0.203286
0.530857 -3.791838 -0.240493 -1.021405 -0.996399 -1.388051 0.202171
0.535903 -3.806590 -0.241431 -1.027013 -1.008723 -1.372784 0.202526
0.535285 -3.798878 -0.241783 -1.019215 -1.006063 -1.363715 0.201969
0.535217 -3.797983 -0.242132 -1.013581 -1.004814 -1.355909 0.201512
0.535148 -3.797233 -0.242467 -1.008072 -1.003568 -1.348259 0.201059
0.535075 -3.796620 -0.242784 -1.002679 -1.002311 -1.340772 0.200606
0.535005 -3.796161 -0.243088 -0.997416 -1.001068 -1.333433 0.200156
0.534931 -3.795830 -0.243375 -0.992264 -0.999817 -1.326248 0.199707
0.534857 -3.795633 -0.243651 -0.987228 -0.998574 -1.319211 0.199261
0.534786 -3.795577 -0.243912 -0.982312 -0.997340 -1.312314 0.198817
0.534708 -3.795629 -0.244160 -0.977494 -0.996095 -1.305570 0.198376
0.534637 -3.795824 -0.244399 -0.972799 -0.994871 -1.298958 0.197942
0.531370 -3.790570 -0.244155 -0.962008 -0.985236 -1.298717 0.197100
0.535554 -3.802484 -0.244983 -0.966650 -0.995233 -1.285734 0.197258
0.534975 -3.797230 -0.245130 -0.960317 -0.992705 -1.278652 0.196734
0.534883 -3.797843 -0.245321 -0.955975 -0.991447 -1.272584 0.196304
0.534803 -3.798601 -0.245502 -0.951761 -0.990227 -1.266624 0.195875
0.534714 -3.799428 -0.245675 -0.947618 -0.988991 -1.260807 0.195454
0.534641 -3.800408 -0.245839 -0.943607 -0.987804 -1.255091 0.195035
0.538563 -3.810815 -0.245493 -0.950025 -0.997671 -1.239693 0.193154
0.534543 -3.794529 -0.245934 -0.934375 -0.985607 -1.240301 0.193694
0.535020 -3.803626 -0.246125 -0.933225 -0.985931 -1.236071 0.193380
0.534965 -3.804918 -0.246245 -0.929573 -0.984821 -1.230675 0.192947
0.534914 -3.806291 -0.246359 -0.926008 -0.983728 -1.225384 0.192520
0.534867 -3.807753 -0.246467 -0.922529 -0.982652 -1.220197 0.192097
0.534825 -3.809300 -0.246569 -0.919138 -0.981598 -1.215111 0.191680
0.534790 -3.810936 -0.246666 -0.915837 -0.980570 -1.210118 0.191267
0.534754 -3.812637 -0.246758 -0.912604 -0.979544 -1.205238 0.190860
0.534728 -3.814438 -0.246845 -0.909469 -0.978555 -1.200443 0.190457
0.534700 -3.816295 -0.246928 -0.906395 -0.977567 -1.195759 0.190061
0.534685 -3.818249 -0.247007 -0.903420 -0.976620 -1.191153 0.189669
0.534673 -3.820262 -0.247081 -0.900516 -0.975691 -1.186638 0.189282
0.534663 -3.822340 -0.247153 -0.897678 -0.974772 -1.182224 0.188902
0.534656 -3.824497 -0.247220 -0.894918 -0.973872 -1.177903 0.188525
0.537878 -3.830191 -0.247145 -0.899277 -0.981854 -1.164287 0.187176
0.534666 -3.821899 -0.247181 -0.888115 -0.972183 -1.166368 0.187441
0.535165 -3.830399 -0.247324 -0.887735 -0.972654 -1.163043 0.187136
0.535196 -3.832715 -0.247373 -0.885253 -0.971882 -1.158908 0.186755
0.538250 -3.837414 -0.247340 -0.889176 -0.979418 -1.145725 0.185509
0.538216 -3.832700 -0.247231 -0.885155 -0.978502 -1.138873 0.184852
0.535725 -3.832196 -0.247270 -0.877241 -0.970828 -1.141840 0.185072
0.536239 -3.840302 -0.247390 -0.877000 -0.971373 -1.138551 0.184736
0.536303 -3.842693 -0.247410 -0.874788 -0.970725 -1.134557 0.184335
0.536368 -3.845125 -0.247428 -0.872626 -0.970085 -1.130641 0.183939
0.536443 -3.847605 -0.247444 -0.870531 -0.969480 -1.126775 0.183547
0.536514 -3.850108 -0.247458 -0.868474 -0.968872 -1.122993 0.183159
0.536596 -3.852662 -0.247471 -0.866483 -0.968299 -1.119261 0.182776
0.441760 -3.669201 0.175373 -0.440918 -0.635944 -0.627829 0.055973
0.529508 -3.871943 -0.253995 -0.901675 -0.965250 -1.155713 0.185252
0.539407 -3.860297 -0.247550 -0.865587 -0.973647 -1.099939 0.181037
0.536918 -3.857190 -0.247368 -0.857650 -0.966090 -1.102435 0.181063
0.539905 -3.864125 -0.247539 -0.862204 -0.973469 -1.091099 0.180155
0.537495 -3.861410 -0.247332 -0.854568 -0.966146 -1.093540 0.180143
0.538006 -3.868650 -0.247430 -0.854551 -0.966761 -1.090568 0.179796
0.538129 -3.871257 -0.247421 -0.852903 -0.966352 -1.087089 0.179409
0.538249 -3.873880 -0.247410 -0.851284 -0.965942 -1.083679 0.179026
0.538376 -3.876529 -0.247399 -0.849714 -0.965557 -1.080311 0.178645
0.538502 -3.879190 -0.247387 -0.848177 -0.965178 -1.077003 0.178269
0.538634 -3.881871 -0.247374 -0.846684 -0.964820 -1.073736 0.177896
0.538767 -3.884563 -0.247361 -0.845223 -0.964470 -1.070524 0.177526
0.538907 -3.887271 -0.247348 -0.843808 -0.964147 -1.067347 0.177161
0.539048 -3.889983 -0.247334 -0.842424 -0.963833 -1.064216 0.176798
0.539190 -3.892710 -0.247320 -0.841073 -0.963528 -1.061139 0.176440
0.541367 -3.893043 -0.247440 -0.843075 -0.968795 -1.050469 0.175722
0.539441 -3.893179 -0.247169 -0.837328 -0.962874 -1.053024 0.175602
0.539931 -3.899565 -0.247255 -0.837426 -0.963509 -1.050363 0.175262
0.540088 -3.902254 -0.247235 -0.836193 -0.963271 -1.047363 0.174905
0.540247 -3.904950 -0.247214 -0.834990 -0.963042 -1.044408 0.174551
0.540409 -3.907650 -0.247194 -0.833820 -0.962830 -1.041487 0.174201
0.540573 -3.910350 -0.247173 -0.832679 -0.962629 -1.038604 0.173853
0.553967 -3.830505 -0.266104 -0.957803 -0.916248 -1.371676 0.164806
0.557868 -3.980440 -0.230821 -0.954039 -0.958438 -1.231344 0.172277
0.541074 -3.918478 -0.247111 -0.829418 -0.962085 -1.030201 0.172827
0.540151 -3.922712 -0.246812 -0.826897 -0.959106 -1.030916 0.172289
0.541804 -3.925198 -0.247194 -0.828322 -0.962795 -1.024271 0.172207
0.541766 -3.925949 -0.247090 -0.826583 -0.962095 -1.021482 0.171876
0.541934 -3.928679 -0.247068 -0.825612 -0.961943 -1.018876 0.171546
0.542103 -3.931411 -0.247045 -0.824667 -0.961803 -1.016306 0.171218
0.542275 -3.934140 -0.247023 -0.823748 -0.961676 -1.013767 0.170894
0.542449 -3.936862 -0.247001 -0.822854 -0.961562 -1.011257 0.170572
0.542625 -3.939581 -0.246980 -0.821982 -0.961454 -1.008784 0.170254
0.542801 -3.942300 -0.246959 -0.821133 -0.961356 -1.006346 0.169939
0.538388 -3.883554 -0.242751 -0.750138 -0.951839 -1.045038 0.169322
0.544118 -3.963250 -0.247749 -0.837233 -0.963562 -0.991168 0.169390
0.543346 -3.950406 -0.246900 -0.818731 -0.961139 -0.999188 0.169013
0.543523 -3.953109 -0.246880 -0.817960 -0.961063 -0.996895 0.168711
0.543708 -3.955811 -0.246861 -0.817226 -0.961016 -0.994610 0.168411
0.543894 -3.958495 -0.246844 -0.816509 -0.960977 -0.992353 0.168115
0.544079 -3.961178 -0.246826 -0.815808 -0.960940 -0.990134 0.167821
0.544268 -3.963854 -0.246810 -0.815132 -0.960917 -0.987938 0.167530
0.613501 -3.966035 -0.311880 -0.937069 -0.939941 -1.053088 0.163189
0.545088 -3.967881 -0.246218 -0.818301 -0.961276 -0.981370 0.166980
0.544840 -3.971817 -0.246764 -0.813213 -0.960898 -0.981510 0.166677
0.545031 -3.974459 -0.246750 -0.812607 -0.960902 -0.979429 0.166398
0.545226 -3.977086 -0.246737 -0.812025 -0.960922 -0.977363 0.166123
0.545419 -3.979708 -0.246724 -0.811456 -0.960942 -0.975333 0.165851
0.545615 -3.982316 -0.246712 -0.810908 -0.960977 -0.973320 0.165582
0.545810 -3.984918 -0.246701 -0.810373 -0.961011 -0.971342 0.165316
0.546007 -3.987510 -0.246691 -0.809857 -0.961056 -0.969383 0.165052
0.546204 -3.990089 -0.246681 -0.809357 -0.961109 -0.967449 0.164792
0.546406 -3.992643 -0.246673 -0.808877 -0.961178 -0.965524 0.164536
0.546600 -3.995211 -0.246664 -0.808401 -0.961229 -0.963657 0.164280
0.546801 -3.997762 -0.246657 -0.807950 -0.961303 -0.961793 0.164028
0.547001 -4.000292 -0.246650 -0.807512 -0.961382 -0.959951 0.163779
0.547202 -4.002811 -0.246644 -0.807089 -0.961467 -0.958132 0.163533
0.547402 -4.005322 -0.246638 -0.806679 -0.961555 -0.956341 0.163290
0.547605 -4.007817 -0.246634 -0.806285 -0.961652 -0.954565 0.163050
0.547806 -4.010300 -0.246630 -0.805903 -0.961752 -0.952815 0.162812
0.548009 -4.012770 -0.246627 -0.805536 -0.961860 -0.951084 0.162578
0.548212 -4.015224 -0.246625 -0.805183 -0.961973 -0.949372 0.162347
0.548416 -4.017664 -0.246624 -0.804842 -0.962092 -0.947679 0.162118
0.548617 -4.020103 -0.246623 -0.804512 -0.962209 -0.946020 0.161891
0.548821 -4.022521 -0.246623 -0.804199 -0.962339 -0.944369 0.161668
0.549024 -4.024925 -0.246623 -0.803895 -0.962470 -0.942742 0.161448
20.511654 27.793035 -45.200219 26.743319 -21.133129 37.856715 52.521112
0.536181 -3.991323 -0.260517 -0.735419 -0.923259 -0.826258 0.252484
0.549636 -4.032052 -0.246630 -0.803059 -0.962893 -0.937972 0.160802
0.549836 -4.034415 -0.246632 -0.802800 -0.963033 -0.936435 0.160591
0.550044 -4.036736 -0.246638 -0.802562 -0.963198 -0.934885 0.160385
0.550247 -4.039048 -0.246643 -0.802327 -0.963355 -0.933367 0.160181
0.550451 -4.041353 -0.246648 -0.802104 -0.963516 -0.931870 0.159979
0.550655 -4.043637 -0.246655 -0.801893 -0.963684 -0.930385 0.159781
0.550857 -4.045916 -0.246661 -0.801690 -0.963849 -0.928927 0.159584
0.551061 -4.048178 -0.246669 -0.801500 -0.964022 -0.927481 0.159390
0.551957 -4.045450 -0.246817 -0.801766 -0.966149 -0.921972 0.159454
0.551467 -4.050491 -0.246642 -0.800693 -0.964391 -0.923762 0.159070
0.551782 -4.053662 -0.246705 -0.800933 -0.964871 -0.922327 0.158863
0.551988 -4.055812 -0.246714 -0.800770 -0.965065 -0.920899 0.158679
0.551798 -4.060023 -0.246601 -0.800229 -0.964201 -0.921267 0.158215
0.552141 -4.062154 -0.246668 -0.800377 -0.964776 -0.919505 0.158085
0.552408 -4.063725 -0.246697 -0.800275 -0.965150 -0.917801 0.157968
0.552674 -4.065296 -0.246726 -0.800182 -0.965525 -0.916108 0.157852
0.552936 -4.066875 -0.246754 -0.800091 -0.965892 -0.914442 0.157736
0.553562 -4.066461 -0.246898 -0.800363 -0.967241 -0.911131 0.157905
0.553692 -4.068053 -0.246873 -0.800009 -0.967252 -0.909850 0.157740
0.553530 -4.072173 -0.246770 -0.799558 -0.966480 -0.910195 0.157274
0.554189 -4.072292 -0.246942 -0.800039 -0.967931 -0.907002 0.157434
0.553978 -4.075864 -0.246810 -0.799399 -0.967030 -0.907354 0.156984
0.554280 -4.077936 -0.246869 -0.799548 -0.967524 -0.905812 0.156859
0.554524 -4.079517 -0.246897 -0.799492 -0.967864 -0.904302 0.156749
0.555090 -4.079189 -0.247029 -0.799746 -0.969080 -0.901301 0.156927
0.554898 -4.082751 -0.246905 -0.799171 -0.968238 -0.901648 0.156476
0.555500 -4.082890 -0.247063 -0.799613 -0.969561 -0.898712 0.156643
0.555316 -4.086453 -0.246943 -0.799072 -0.968745 -0.899063 0.156190
0.555901 -4.086588 -0.247098 -0.799503 -0.970031 -0.896206 0.156361
0.555726 -4.090141 -0.246981 -0.798996 -0.969244 -0.896557 0.155908
0.555999 -4.092142 -0.247035 -0.799154 -0.969684 -0.895186 0.155788
-14.742559 -20.817027 46.240663 26.887880 -45.519378 -29.786636 9.413725
0.549705 -4.108618 -0.255114 -0.827060 -0.947081 -0.935589 0.209976
0.556846 -4.095205 -0.247164 -0.799168 -0.971106 -0.890188 0.155708
0.556736 -4.099120 -0.247084 -0.798908 -0.970503 -0.890519 0.155240
0.557260 -4.099298 -0.247224 -0.799301 -0.971652 -0.887961 0.155417
0.557382 -4.100990 -0.247211 -0.799126 -0.971696 -0.887004 0.155262
0.557542 -4.103054 -0.247222 -0.799115 -0.971846 -0.886057 0.155093
0.557703 -4.105102 -0.247234 -0.799114 -0.972001 -0.885122 0.154927
0.557862 -4.107137 -0.247247 -0.799119 -0.972156 -0.884203 0.154763
0.558020 -4.109161 -0.247260 -0.799131 -0.972311 -0.883300 0.154600
0.557934 -4.112938 -0.247192 -0.798969 -0.971787 -0.883620 0.154140
0.558168 -4.114797 -0.247240 -0.799150 -0.972163 -0.882496 0.154035
0.558600 -4.114627 -0.247347 -0.799370 -0.973096 -0.880244 0.154239
0.558485 -4.118060 -0.247261 -0.799104 -0.972501 -0.880588 0.153791
0.558938 -4.118199 -0.247386 -0.799452 -0.973498 -0.878387 0.153984
0.558829 -4.121614 -0.247303 -0.799215 -0.972924 -0.878732 0.153536
0.559047 -4.123449 -0.247350 -0.799403 -0.973268 -0.877714 0.153432
0.559449 -4.123338 -0.247451 -0.799618 -0.974136 -0.875642 0.153636
0.559347 -4.126735 -0.247373 -0.799420 -0.973587 -0.875994 0.153188
0.559556 -4.128556 -0.247418 -0.799613 -0.973914 -0.875037 0.153084
0.559732 -4.130130 -0.247444 -0.799694 -0.974155 -0.874122 0.152989
0.559907 -4.131685 -0.247470 -0.799779 -0.974398 -0.873214 0.152896
0.560076 -4.133287 -0.247496 -0.799868 -0.974624 -0.872352 0.152797
0.560443 -4.133279 -0.247590 -0.800080 -0.975415 -0.870497 0.152997
0.560547 -4.135050 -0.247587 -0.800064 -0.975461 -0.869880 0.152844
0.560486 -4.138634 -0.247536 -0.800055 -0.975034 -0.870234 0.152383
0.560672 -4.140431 -0.247578 -0.800262 -0.975320 -0.869421 0.152277
0.560831 -4.142024 -0.247603 -0.800374 -0.975532 -0.868650 0.152180
0.560987 -4.143629 -0.247629 -0.800490 -0.975738 -0.867904 0.152081
0.561320 -4.143694 -0.247717 -0.800700 -0.976458 -0.866254 0.152278
0.561240 -4.147032 -0.247655 -0.800646 -0.975990 -0.866652 0.151824
0.561411 -4.148826 -0.247695 -0.800864 -0.976244 -0.865944 0.151715
0.562015 -4.145344 -0.247860 -0.800969 -0.977787 -0.862422 0.152333
0.562121 -4.146181 -0.247849 -0.800821 -0.977868 -0.861610 0.152263
0.562285 -4.147439 -0.247875 -0.800898 -0.978111 -0.860734 0.152180
0.562448 -4.148675 -0.247900 -0.800976 -0.978353 -0.859863 0.152100
0.562448 -4.151313 -0.247869 -0.800973 -0.978125 -0.859826 0.151733
0.562396 -4.155765 -0.247843 -0.801265 -0.977717 -0.860614 0.151288
0.562569 -4.157474 -0.247887 -0.801516 -0.977994 -0.859926 0.151191
0.563128 -4.154153 -0.248043 -0.801598 -0.979429 -0.856687 0.151821
0.562983 -4.158269 -0.247966 -0.801615 -0.978770 -0.857667 0.151340
0.563223 -4.158330 -0.248018 -0.801670 -0.979272 -0.856198 0.151320
0.563548 -4.157693 -0.248102 -0.801789 -0.980009 -0.854475 0.151603
0.563538 -4.160009 -0.248063 -0.801744 -0.979769 -0.854436 0.151258
0.563641 -4.162804 -0.248093 -0.802091 -0.979832 -0.854386 0.151109
0.564002 -4.161373 -0.248185 -0.802140 -0.980701 -0.852249 0.151392
0.563756 -4.166729 -0.248077 -0.802219 -0.979746 -0.853824 0.150628
0.564162 -4.165221 -0.248196 -0.802375 -0.980753 -0.851573 0.150966
0.564086 -4.168876 -0.248149 -0.802515 -0.980308 -0.852262 0.150550
0.564468 -4.167277 -0.248256 -0.802608 -0.981252 -0.850085 0.150895
0.564618 -4.167815 -0.248276 -0.802611 -0.981500 -0.849218 0.150906
0.564924 -4.167292 -0.248360 -0.802760 -0.982204 -0.847652 0.151189
0.564709 -4.172413 -0.248265 -0.802887 -0.981346 -0.849072 0.150436
0.564874 -4.173936 -0.248313 -0.803165 -0.981630 -0.848449 0.150352
0.565345 -4.171034 -0.248450 -0.803218 -0.982855 -0.845772 0.150982
0.565120 -4.175854 -0.248345 -0.803276 -0.981974 -0.847158 0.150241
0.565277 -4.177337 -0.248391 -0.803547 -0.982245 -0.846565 0.150158
0.565524 -4.177361 -0.248461 -0.803723 -0.982793 -0.845402 0.150363
0.565494 -4.179948 -0.248426 -0.803793 -0.982513 -0.845612 0.149962
0.565626 -4.181260 -0.248458 -0.803988 -0.982718 -0.845085 0.149883
0.565744 -4.182481 -0.248482 -0.804138 -0.982888 -0.844588 0.149809
0.566170 -4.179818 -0.248610 -0.804177 -0.984005 -0.842200 0.150426
0.566272 -4.180572 -0.248616 -0.804172 -0.984133 -0.841612 0.150380
0.566211 -4.184231 -0.248582 -0.804424 -0.983749 -0.842274 0.149906
0.566397 -4.184245 -0.248627 -0.804475 -0.984138 -0.841188 0.149922
0.566353 -4.187523 -0.248599 -0.804709 -0.983816 -0.841730 0.149510
0.566771 -4.185100 -0.248730 -0.804803 -0.984917 -0.839480 0.150118
0.566763 -4.186891 -0.248699 -0.804788 -0.984722 -0.839461 0.149813
0.566748 -4.190233 -0.248691 -0.805109 -0.984470 -0.839917 0.149393
0.567141 -4.187836 -0.248810 -0.805171 -0.985520 -0.837793 0.150005
0.567240 -4.188539 -0.248819 -0.805189 -0.985653 -0.837252 0.149967
0.567260 -4.190443 -0.248806 -0.805280 -0.985539 -0.837190 0.149662
0.567509 -4.190113 -0.248883 -0.805449 -0.986129 -0.836012 0.149930
0.567622 -4.190886 -0.248902 -0.805526 -0.986305 -0.835456 0.149894
0.567576 -4.194103 -0.248874 -0.805767 -0.985983 -0.835990 0.149448
0.567581 -4.196431 -0.248864 -0.805950 -0.985827 -0.836104 0.149077
0.567855 -4.195128 -0.248946 -0.805990 -0.986520 -0.834595 0.149426
0.567978 -4.195598 -0.248970 -0.806050 -0.986738 -0.833981 0.149450
0.565002 -4.339422 -0.212253 -0.811688 -1.057690 -0.721673 0.162523
0.571908 -4.198328 -0.248962 -0.798009 -0.993949 -0.833869 0.150776
0.568205 -4.199702 -0.249008 -0.806503 -0.986945 -0.833197 0.149059
0.568563 -4.197573 -0.249124 -0.806579 -0.987901 -0.831320 0.149653
0.568570 -4.199083 -0.249103 -0.806598 -0.987768 -0.831254 0.149384
0.568555 -4.201827 -0.249089 -0.806852 -0.987556 -0.831611 0.149007
0.568665 -4.202799 -0.249119 -0.807028 -0.987740 -0.831188 0.148955
0.568763 -4.203693 -0.249142 -0.807162 -0.987894 -0.830790 0.148906
0.568859 -4.204591 -0.249164 -0.807298 -0.988043 -0.830403 0.148855
0.569097 -4.203407 -0.249235 -0.807317 -0.988646 -0.829106 0.149195
0.569208 -4.203860 -0.249258 -0.807387 -0.988848 -0.828568 0.149216
0.569328 -4.204381 -0.249288 -0.807494 -0.989073 -0.828021 0.149234
0.569388 -4.206064 -0.249301 -0.807721 -0.989107 -0.827972 0.149102
0.569388 -4.207977 -0.249288 -0.807858 -0.988958 -0.828058 0.148763
0.569700 -4.206092 -0.249391 -0.807917 -0.989798 -0.826455 0.149328
0.569574 -4.209436 -0.249328 -0.808065 -0.989253 -0.827249 0.148686
0.569807 -4.208452 -0.249404 -0.808141 -0.989851 -0.826048 0.149011
0.569856 -4.209994 -0.249411 -0.808328 -0.989860 -0.826020 0.148882
0.569855 -4.211816 -0.249399 -0.808463 -0.989716 -0.826106 0.148551
0.570148 -4.210041 -0.249497 -0.808520 -0.990510 -0.824619 0.149102
0.570157 -4.211378 -0.249482 -0.808568 -0.990403 -0.824572 0.148851
0.570342 -4.211138 -0.249541 -0.808703 -0.990851 -0.823747 0.149092
0.570432 -4.211748 -0.249560 -0.808791 -0.990999 -0.823344 0.149066
0.570454 -4.213116 -0.249555 -0.808886 -0.990933 -0.823269 0.148818
0.570441 -4.215352 -0.249543 -0.809100 -0.990752 -0.823544 0.148469
0.570650 -4.214408 -0.249611 -0.809155 -0.991292 -0.822477 0.148791
0.570818 -4.214084 -0.249660 -0.809242 -0.991695 -0.821709 0.149035
0.570717 -4.217057 -0.249611 -0.809408 -0.991239 -0.822358 0.148431
0.570992 -4.215476 -0.249706 -0.809490 -0.991990 -0.821012 0.148964
0.571005 -4.216671 -0.249695 -0.809541 -0.991904 -0.820949 0.148732
0.571059 -4.218065 -0.249709 -0.809748 -0.991947 -0.820892 0.148609
0.571176 -4.217988 -0.249741 -0.809782 -0.992198 -0.820262 0.148668
0.571337 -4.217708 -0.249791 -0.809883 -0.992593 -0.819540 0.148905
0.571357 -4.218885 -0.249786 -0.809957 -0.992530 -0.819464 0.148679
0.571410 -4.220204 -0.249799 -0.810154 -0.992572 -0.819402 0.148561
0.571413 -4.221667 -0.249791 -0.810267 -0.992460 -0.819444 0.148272
0.571551 -4.221698 -0.249836 -0.810398 -0.992787 -0.818878 0.148440
0.571656 -4.221586 -0.249863 -0.810415 -0.993012 -0.818304 0.148503
0.571747 -4.221948 -0.249887 -0.810503 -0.993189 -0.817910 0.148530
0.571793 -4.223177 -0.249897 -0.810677 -0.993218 -0.817862 0.148414
0.571900 -4.223106 -0.249927 -0.810714 -0.993450 -0.817301 0.148476
0.572047 -4.222856 -0.249974 -0.810812 -0.993813 -0.816659 0.148702
0.572021 -4.224752 -0.249955 -0.810961 -0.993610 -0.816920 0.148349
0.563910 -3.870758 -0.033610 -0.271562 -0.730563 0.091834 0.120654
0.571427 -4.226045 -0.250772 -0.815558 -0.994424 -0.820218 0.148248
0.572167 -4.227120 -0.249985 -0.811256 -0.993753 -0.816378 0.148031
0.572293 -4.227176 -0.250028 -0.811392 -0.994057 -0.815879 0.148188
0.572291 -4.228428 -0.250018 -0.811478 -0.993942 -0.815928 0.147921
0.572452 -4.227691 -0.250072 -0.811527 -0.994367 -0.815151 0.148213
0.572584 -4.227458 -0.250114 -0.811612 -0.994693 -0.814588 0.148428
0.572653 -4.227902 -0.250131 -0.811692 -0.994813 -0.814301 0.148414
0.572577 -4.230169 -0.250094 -0.811830 -0.994458 -0.814759 0.147890
0.572788 -4.228956 -0.250170 -0.811903 -0.995050 -0.813788 0.148362
0.572853 -4.229353 -0.250184 -0.811968 -0.995159 -0.813515 0.148352
20.740059 -22.752497 -45.879423 23.506739 6.020638 -29.985531 -12.254597
0.572718 -4.231476 -0.250741 -0.813838 -0.996992 -0.815819 0.146389
0.573039 -4.230842 -0.250234 -0.812237 -0.995470 -0.812789 0.148262
0.573106 -4.231245 -0.250252 -0.812322 -0.995593 -0.812516 0.148254
0.573178 -4.231644 -0.250275 -0.812406 -0.995720 -0.812248 0.148249
0.573192 -4.232500 -0.250270 -0.812477 -0.995681 -0.812176 0.148069
0.573269 -4.232772 -0.250293 -0.812565 -0.995840 -0.811863 0.148104
0.573345 -4.233025 -0.250316 -0.812645 -0.995995 -0.811555 0.148140
0.573420 -4.233274 -0.250338 -0.812725 -0.996150 -0.811248 0.148177
0.573411 -4.234625 -0.250328 -0.812847 -0.996026 -0.811386 0.147913
0.573600 -4.233529 -0.250396 -0.812913 -0.996562 -0.810538 0.148365
0.573533 -4.235374 -0.250361 -0.813004 -0.996249 -0.810902 0.147901
0.573648 -4.235105 -0.250401 -0.813077 -0.996540 -0.810398 0.148081
0.573708 -4.235448 -0.250417 -0.813151 -0.996650 -0.810161 0.148082
0.573769 -4.235797 -0.250435 -0.813230 -0.996765 -0.809922 0.148082
0.573830 -4.236138 -0.250452 -0.813310 -0.996880 -0.809684 0.148084
0.573891 -4.236472 -0.250470 -0.813388 -0.996996 -0.809448 0.148088
0.573952 -4.236799 -0.250488 -0.813466 -0.997111 -0.809212 0.148092
0.574012 -4.237118 -0.250505 -0.813544 -0.997227 -0.808978 0.148099
0.574073 -4.237430 -0.250523 -0.813620 -0.997343 -0.808744 0.148106
0.574133 -4.237735 -0.250541 -0.813696 -0.997459 -0.808511 0.148115
0.574193 -4.238032 -0.250558 -0.813772 -0.997575 -0.808279 0.148125
0.574252 -4.238322 -0.250576 -0.813846 -0.997692 -0.808048 0.148137
0.574312 -4.238605 -0.250594 -0.813920 -0.997809 -0.807817 0.148150
0.574371 -4.238880 -0.250612 -0.813994 -0.997926 -0.807586 0.148164
0.574431 -4.239149 -0.250629 -0.814066 -0.998044 -0.807356 0.148180
0.574490 -4.239409 -0.250647 -0.814138 -0.998162 -0.807126 0.148197
0.574549 -4.239663 -0.250665 -0.814210 -0.998280 -0.806896 0.148216
0.574609 -4.239909 -0.250683 -0.814280 -0.998399 -0.806666 0.148235
0.618074 -4.218261 -0.286293 -0.955718 -0.978292 -0.857797 0.144196
0.575035 -4.240350 -0.250706 -0.814602 -0.999307 -0.806172 0.148367
0.574786 -4.240604 -0.250737 -0.814488 -0.998759 -0.805976 0.148304
0.574845 -4.240822 -0.250755 -0.814555 -0.998880 -0.805746 0.148329
0.574904 -4.241031 -0.250773 -0.814622 -0.999002 -0.805515 0.148356
0.574963 -4.241234 -0.250791 -0.814688 -0.999124 -0.805284 0.148385
0.575022 -4.241430 -0.250810 -0.814754 -0.999247 -0.805052 0.148415
0.575081 -4.241618 -0.250828 -0.814819 -0.999370 -0.804820 0.148446
0.573465 -4.260787 -0.250180 -0.815145 -0.993792 -0.811785 0.141549
