1.640172 -4.940522 -3.621030 -5.074471 -13.043317 -2.701691 0.263523
1.591484 -4.837770 -3.661817 -5.198662 -13.015786 -2.770771 0.400862
1.526910 -4.783340 -3.705339 -5.287393 -12.933280 -2.857341 0.551372
1.477566 -4.816708 -3.746801 -5.349118 -12.895970 -2.970879 0.626184
1.434530 -4.840553 -3.784621 -5.392881 -12.849224 -3.055653 0.722164
1.388706 -4.859138 -3.824781 -5.444402 -12.809713 -3.141233 0.810651
1.344849 -4.878292 -3.864357 -5.497300 -12.777892 -3.224439 0.892911
1.302636 -4.897554 -3.903344 -5.552094 -12.753099 -3.305631 0.969123
1.261756 -4.916455 -3.941756 -5.609255 -12.734674 -3.385127 1.039036
8.397446 3.583236 -6.323078 17.790826 -16.070803 23.733965 4.233552
0.192355 -2.569889 -4.826042 -6.838010 -13.128967 -2.674449 1.561989
1.158292 -5.005891 -4.046444 -5.778854 -12.721085 -3.624300 1.180623
1.130338 -5.048392 -4.078770 -5.825504 -12.726871 -3.696912 1.204702
1.105965 -5.081092 -4.105650 -5.869440 -12.721423 -3.755595 1.237958
1.074594 -5.106824 -4.137457 -5.931146 -12.727141 -3.824441 1.251245
1.043457 -5.130814 -4.168816 -5.995636 -12.735538 -3.892281 1.257375
1.012332 -5.152698 -4.199804 -6.062957 -12.746014 -3.959143 1.257475
0.981007 -5.172118 -4.230499 -6.133050 -12.757911 -4.024971 1.252572
0.949438 -5.189047 -4.260868 -6.205464 -12.770439 -4.089608 1.243619
0.926581 -5.221769 -4.284689 -6.263698 -12.778554 -4.152354 1.231447
1.509868 -6.958692 -2.160236 -0.920390 -13.568844 -0.098190 0.533435
0.346810 -5.477812 -4.781609 -6.041770 -12.502878 -4.630894 1.062553
0.839289 -5.274439 -4.367550 -6.471958 -12.809749 -4.331665 1.176404
0.810279 -5.288227 -4.394267 -6.539274 -12.815988 -4.385654 1.156067
0.779304 -5.293692 -4.421976 -6.606683 -12.819164 -4.432395 1.138839
0.720823 -5.403212 -4.473435 -6.963989 -13.008118 -4.654497 1.000397
0.707523 -5.326890 -4.485600 -6.911917 -12.920798 -4.625866 1.028980
0.697235 -5.301760 -4.492713 -6.826597 -12.810999 -4.570588 1.086371
0.682516 -5.274594 -4.502801 -6.758112 -12.713658 -4.517169 1.139968
0.662785 -5.242671 -4.516837 -6.710291 -12.635519 -4.464582 1.189471
0.641194 -5.213827 -4.531877 -6.679044 -12.571116 -4.417372 1.235043
0.617125 -5.187065 -4.548560 -6.665244 -12.514674 -4.377285 1.275023
0.590007 -5.161329 -4.567397 -6.668246 -12.460534 -4.344862 1.309216
0.562305 -5.146191 -4.586839 -6.681880 -12.407435 -4.326794 1.332753
0.539203 -5.152984 -4.601975 -6.693488 -12.347502 -4.324750 1.348271
0.510147 -5.136349 -4.619360 -6.714663 -12.280254 -4.302790 1.380028
0.475534 -5.117098 -4.641362 -6.749766 -12.222664 -4.290173 1.401234
0.439088 -5.096885 -4.664024 -6.787029 -12.163809 -4.278541 1.422721
0.401254 -5.075532 -4.686983 -6.824396 -12.103280 -4.266383 1.444945
0.362301 -5.052625 -4.710007 -6.859566 -12.039927 -4.251778 1.468817
0.321994 -5.028386 -4.733235 -6.892824 -11.973623 -4.234483 1.494637
0.281385 -5.002202 -4.755920 -6.921087 -11.903998 -4.212223 1.522103
0.244578 -4.987625 -4.773382 -6.938441 -11.820961 -4.193818 1.555750
0.208403 -4.956436 -4.795555 -6.946007 -11.735973 -4.171882 1.589028
0.164754 -4.937631 -4.813737 -6.970516 -11.659869 -4.133671 1.620706
0.127425 -4.937547 -4.831319 -6.978561 -11.582894 -4.120524 1.635594
0.096711 -4.954943 -4.846225 -6.973266 -11.506313 -4.111782 1.640341
0.066012 -4.950405 -4.859949 -6.959851 -11.424081 -4.064239 1.660381
0.036193 -4.946887 -4.872447 -6.942301 -11.340592 -4.012878 1.679322
0.007080 -4.944634 -4.883815 -6.921455 -11.256018 -3.958070 1.697167
-0.021196 -4.943721 -4.893975 -6.897769 -11.170941 -3.900415 1.713421
-0.048734 -4.943888 -4.902962 -6.870848 -11.084796 -3.839565 1.728588
-0.075440 -4.945144 -4.910702 -6.840965 -10.997914 -3.775963 1.742401
-0.101275 -4.947500 -4.917174 -6.808428 -10.910684 -3.710124 1.754525
-0.343645 -4.962815 -4.648713 -6.769680 -10.960343 -3.646764 1.772929
-0.154551 -4.946371 -4.924866 -6.759966 -10.733205 -3.586076 1.771991
-0.173822 -4.959404 -4.929097 -6.694930 -10.647184 -3.500620 1.780659
-0.184089 -4.999562 -4.919436 -6.636483 -10.538948 -3.455013 1.795949
-0.200289 -5.017059 -4.915967 -6.585027 -10.447612 -3.386158 1.800360
-0.215424 -5.033462 -4.911439 -6.531006 -10.358075 -3.314141 1.801591
-0.229218 -5.051567 -4.905423 -6.474837 -10.268602 -3.242589 1.800766
-0.241424 -5.070936 -4.897738 -6.415914 -10.179187 -3.171219 1.797817
-0.251920 -5.091678 -4.888357 -6.354697 -10.090452 -3.100773 1.792306
-0.260909 -5.113268 -4.877373 -6.290768 -10.001725 -3.030766 1.784762
-0.268479 -5.135696 -4.864871 -6.224904 -9.913327 -2.962027 1.775007
-0.274692 -5.158625 -4.850889 -6.157054 -9.825150 -2.894557 1.763143
-0.279223 -5.181833 -4.835229 -6.086966 -9.737683 -2.828420 1.748811
-0.286670 -5.188286 -4.781427 -5.988063 -9.626629 -2.706586 1.715708
-0.301340 -5.247121 -4.825695 -5.988527 -9.585381 -2.742416 1.730735
-0.284359 -5.249923 -4.779034 -5.864078 -9.476687 -2.636719 1.694080
-0.283138 -5.270969 -4.757026 -5.785249 -9.389849 -2.574193 1.672321
-0.280141 -5.290289 -4.733023 -5.702815 -9.302598 -2.510677 1.649164
-0.276283 -5.308690 -4.707709 -5.619762 -9.214873 -2.448440 1.625049
-0.270537 -5.325075 -4.680235 -5.533279 -9.126618 -2.384810 1.599886
-0.263255 -5.339441 -4.650713 -5.443835 -9.037043 -2.319544 1.574400
-0.254336 -5.352060 -4.619108 -5.352068 -8.946523 -2.253311 1.548523
-0.243795 -5.362449 -4.585278 -5.257111 -8.854294 -2.185029 1.522714
-0.231718 -5.371148 -4.549330 -5.160077 -8.760591 -2.115807 1.497068
-0.217977 -5.378110 -4.511168 -5.060631 -8.665434 -2.045549 1.471611
-0.202746 -5.383624 -4.470932 -4.959322 -8.568702 -1.974894 1.446605
-0.186149 -5.387893 -4.428750 -4.856521 -8.470395 -1.904453 1.422207
-0.168107 -5.391090 -4.384647 -4.752315 -8.370810 -1.834700 1.398397
-0.148770 -5.393548 -4.338831 -4.647240 -8.270116 -1.766474 1.375331
-0.128299 -5.395422 -4.291508 -4.541638 -8.168479 -1.700313 1.353111
-0.106797 -5.397140 -4.242915 -4.436194 -8.066379 -1.637168 1.331717
-0.084438 -5.398934 -4.193327 -4.331411 -7.964194 -1.577753 1.311167
-0.061473 -5.400471 -4.142928 -4.227160 -7.861855 -1.521874 1.291494
-0.037635 -5.402829 -4.091971 -4.124695 -7.760879 -1.471446 1.272549
-0.013502 -5.405121 -4.040744 -4.023570 -7.660691 -1.425561 1.254362
0.010945 -5.407874 -3.989499 -3.924620 -7.562040 -1.385218 1.237043
1.794856 -8.304299 -28.483208 -11.494384 -43.821101 -22.706851 3.872937
3.757199 -9.121321 1.027391 -1.457981 -3.962205 -6.088291 -3.395527
0.084777 -5.415236 -3.837145 -3.640060 -7.277622 -1.293849 1.188833
0.109177 -5.416558 -3.787212 -3.549464 -7.187160 -1.272170 1.173828
0.133532 -5.416441 -3.737595 -3.460370 -7.099112 -1.253307 1.158905
0.157455 -5.415019 -3.688525 -3.373271 -7.012793 -1.237260 1.144646
0.181241 -5.411414 -3.639716 -3.287382 -6.928770 -1.222719 1.130228
0.205012 -5.405425 -3.590981 -3.202347 -6.846783 -1.208823 1.115692
0.228300 -5.396452 -3.542304 -3.117890 -6.765592 -1.194547 1.101197
0.251667 -5.384849 -3.493464 -3.034145 -6.686048 -1.179926 1.086575
0.274379 -5.369532 -3.444423 -2.950375 -6.606425 -1.163617 1.071691
0.297647 -5.351792 -3.394915 -2.867244 -6.528728 -1.146563 1.056640
0.320481 -5.330444 -3.344967 -2.784053 -6.450973 -1.127264 1.041024
0.343236 -5.306050 -3.294393 -2.701014 -6.373144 -1.105594 1.025180
0.365877 -5.279241 -3.243295 -2.618759 -6.295212 -1.081909 1.009265
0.388468 -5.250456 -3.191711 -2.537748 -6.217422 -1.056422 0.993163
0.410831 -5.220075 -3.139731 -2.458347 -6.139356 -1.029301 0.977081
0.433058 -5.188356 -3.087380 -2.380773 -6.061372 -1.000857 0.960870
0.455125 -5.155543 -3.034721 -2.305150 -5.983468 -0.971481 0.944633
0.476905 -5.121734 -2.981859 -2.231537 -5.905606 -0.941620 0.928395
0.498223 -5.087119 -2.928956 -2.160083 -5.827595 -0.911852 0.912443
0.519115 -5.051737 -2.876098 -2.090806 -5.749936 -0.882599 0.896535
0.539487 -5.015632 -2.823339 -2.023604 -5.672495 -0.854000 0.880710
0.559195 -4.979194 -2.770893 -1.958829 -5.595080 -0.826611 0.865506
0.578342 -4.942342 -2.718836 -1.896450 -5.518626 -0.800637 0.850261
0.596745 -4.905099 -2.667189 -1.836224 -5.442495 -0.775822 0.835185
0.614576 -4.867591 -2.616016 -1.778227 -5.367385 -0.752359 0.820079
0.631600 -4.830060 -2.565466 -1.722569 -5.292703 -0.730298 0.805399
0.647963 -4.792663 -2.515666 -1.669492 -5.219307 -0.709875 0.790879
0.663458 -4.755322 -2.466612 -1.618754 -5.146713 -0.690540 0.776281
0.678317 -4.718209 -2.418275 -1.570499 -5.075474 -0.671904 0.761337
0.692551 -4.681926 -2.370763 -1.525392 -5.005383 -0.653617 0.746499
0.706138 -4.646777 -2.324173 -1.484024 -4.936871 -0.635102 0.731180
0.719007 -4.612966 -2.278477 -1.446492 -4.869423 -0.615754 0.715525
0.731277 -4.580272 -2.233695 -1.412288 -4.803356 -0.596073 0.699716
0.742965 -4.547769 -2.189689 -1.379809 -4.738834 -0.576617 0.683325
0.754132 -4.515102 -2.146418 -1.348088 -4.675471 -0.558093 0.667153
0.764730 -4.481880 -2.103853 -1.316600 -4.613664 -0.540516 0.650355
0.774983 -4.448412 -2.061961 -1.285503 -4.553322 -0.523760 0.633568
0.784702 -4.414859 -2.020822 -1.255011 -4.494186 -0.507637 0.616627
0.793997 -4.381400 -1.980443 -1.225320 -4.436427 -0.492026 0.599573
0.802981 -4.348163 -1.940815 -1.196531 -4.380256 -0.476824 0.582360
0.811526 -4.315237 -1.901932 -1.168605 -4.325127 -0.461849 0.565122
0.819729 -4.282760 -1.863833 -1.141704 -4.271260 -0.447230 0.547996
0.827663 -4.250785 -1.826503 -1.115838 -4.218814 -0.432968 0.530868
0.835268 -4.219368 -1.789945 -1.090923 -4.167411 -0.418989 0.513969
0.842531 -4.188549 -1.754180 -1.066960 -4.117003 -0.405344 0.497334
0.849813 -4.158190 -1.719112 -1.043796 -4.068677 -0.391983 0.480326
0.856635 -4.128666 -1.684830 -1.021517 -4.020187 -0.378813 0.464540
0.863334 -4.099782 -1.651413 -1.000238 -3.973626 -0.366289 0.448633
0.869653 -4.071598 -1.618714 -0.979634 -3.927277 -0.353903 0.433368
0.876047 -4.044243 -1.586879 -0.960115 -3.882755 -0.342217 0.418738
0.882205 -4.017567 -1.555765 -0.941255 -3.839061 -0.330789 0.404348
0.888157 -3.991678 -1.525421 -0.923173 -3.796012 -0.319736 0.390741
0.894149 -3.966611 -1.495894 -0.906013 -3.754506 -0.309278 0.377736
0.899608 -3.942252 -1.467058 -0.889345 -3.712735 -0.298947 0.365197
0.905143 -3.918666 -1.439000 -0.873504 -3.672478 -0.289163 0.353220
0.910590 -3.895903 -1.411682 -0.858393 -3.633059 -0.279735 0.341957
0.915823 -3.874017 -1.385159 -0.844073 -3.594164 -0.270746 0.331605
0.921168 -3.852821 -1.359326 -0.830402 -3.556962 -0.262149 0.321250
0.926135 -3.832477 -1.334187 -0.817324 -3.519404 -0.253671 0.312009
0.932012 -3.797164 -1.305741 -0.784432 -3.482443 -0.237803 0.304041
0.936455 -3.797467 -1.286893 -0.797294 -3.450390 -0.240948 0.294222
0.941364 -3.776020 -1.263017 -0.782049 -3.414535 -0.230488 0.286709
0.946307 -3.758703 -1.240656 -0.771425 -3.381248 -0.223369 0.279291
0.951152 -3.742083 -1.218907 -0.761231 -3.348611 -0.216440 0.272258
0.955984 -3.726191 -1.197813 -0.751554 -3.316860 -0.209834 0.265785
0.960850 -3.710986 -1.177331 -0.742336 -3.286184 -0.203532 0.259596
0.965697 -3.696469 -1.157443 -0.733542 -3.256312 -0.197477 0.253836
0.970600 -3.682663 -1.138176 -0.725236 -3.227495 -0.191765 0.248558
0.975274 -3.669526 -1.119460 -0.717256 -3.198919 -0.186247 0.243539
0.980071 -3.657049 -1.101323 -0.709728 -3.171575 -0.181079 0.238824
0.984876 -3.645261 -1.083740 -0.702613 -3.145069 -0.176163 0.234492
0.989717 -3.634140 -1.066694 -0.695900 -3.119533 -0.171521 0.230365
0.994576 -3.623695 -1.050178 -0.689591 -3.094861 -0.167131 0.226544
0.999294 -3.613944 -1.034198 -0.683669 -3.070619 -0.162983 0.223105
1.004182 -3.604826 -1.018701 -0.678168 -3.047722 -0.159148 0.219688
1.009152 -3.596375 -1.003678 -0.673064 -3.025799 -0.155498 0.216581
1.013954 -3.588561 -0.989075 -0.668259 -3.004211 -0.151981 0.213495
1.018751 -3.581426 -0.974971 -0.663892 -2.983368 -0.148741 0.210902
1.023593 -3.574922 -0.961264 -0.659907 -2.963486 -0.145733 0.208255
1.028707 -3.569055 -0.947963 -0.656372 -2.945097 -0.142951 0.205813
1.033608 -3.563862 -0.935063 -0.653164 -2.926893 -0.140262 0.203670
1.038431 -3.559314 -0.922566 -0.650356 -2.909276 -0.137828 0.201755
1.043407 -3.555391 -0.910422 -0.647985 -2.892866 -0.135645 0.199902
1.048212 -3.552120 -0.898643 -0.645953 -2.876771 -0.133578 0.198320
1.053125 -3.549467 -0.887196 -0.644359 -2.861767 -0.131775 0.196781
1.057842 -3.547454 -0.876095 -0.643101 -2.847033 -0.130098 0.195460
1.062710 -3.546038 -0.865276 -0.642288 -2.833496 -0.128689 0.193991
1.067392 -3.545250 -0.854781 -0.641803 -2.820271 -0.127387 0.192663
1.072036 -3.545053 -0.844558 -0.641709 -2.807737 -0.126313 0.191144
1.076615 -3.545447 -0.834611 -0.641981 -2.795830 -0.125412 0.189495
1.081016 -3.546431 -0.824949 -0.642592 -2.784261 -0.124686 0.187741
1.085368 -3.547974 -0.815517 -0.643577 -2.773345 -0.124175 0.185623
1.089588 -3.550076 -0.806333 -0.644891 -2.762886 -0.123827 0.183286
1.093619 -3.552721 -0.797387 -0.646520 -2.752726 -0.123661 0.180724
1.097511 -3.555890 -0.788654 -0.648476 -2.742975 -0.123696 0.177896
1.101294 -3.559566 -0.780115 -0.650747 -2.733726 -0.123919 0.174807
1.104814 -3.563731 -0.771792 -0.653256 -2.724589 -0.124295 0.171662
1.108191 -3.568359 -0.763636 -0.656053 -2.715826 -0.124880 0.168328
1.111316 -3.573434 -0.755671 -0.659067 -2.707179 -0.125628 0.165039
1.114545 -3.578948 -0.747804 -0.662463 -2.699540 -0.126634 0.161495
1.117012 -3.584865 -0.740217 -0.665779 -2.690746 -0.127651 0.158454
1.119544 -3.591137 -0.732714 -0.669480 -2.682707 -0.129034 0.155306
1.121781 -3.597777 -0.725363 -0.673296 -2.674663 -0.130535 0.152304
1.123413 -3.604710 -0.718230 -0.677066 -2.665728 -0.132155 0.149765
1.125453 -3.611973 -0.711061 -0.681356 -2.658387 -0.134157 0.146822
1.126956 -3.619548 -0.704092 -0.685540 -2.650487 -0.136150 0.144277
1.128185 -3.627357 -0.697240 -0.689823 -2.642438 -0.138357 0.141922
1.129122 -3.635385 -0.690505 -0.694162 -2.634203 -0.140740 0.139766
1.129774 -3.643607 -0.683878 -0.698543 -2.625777 -0.143295 0.137788
1.130394 -3.652040 -0.677298 -0.703107 -2.617803 -0.146065 0.135788
1.130341 -3.660588 -0.670921 -0.707404 -2.608665 -0.148875 0.134269
1.130239 -3.669250 -0.664582 -0.711870 -2.599760 -0.151949 0.132760
1.129899 -3.678039 -0.658332 -0.716323 -2.590744 -0.155153 0.131350
1.129197 -3.686899 -0.652198 -0.720669 -2.581229 -0.158473 0.130138
1.128385 -3.695839 -0.646113 -0.725082 -2.571800 -0.161976 0.128907
1.127261 -3.704822 -0.640138 -0.729381 -2.561993 -0.165579 0.127835
1.125899 -3.713823 -0.634244 -0.733618 -2.551902 -0.169317 0.126825
1.124322 -3.722831 -0.628430 -0.737793 -2.541582 -0.173179 0.125866
1.122319 -3.731781 -0.622746 -0.741734 -2.530436 -0.177109 0.125093
1.120489 -3.740773 -0.617041 -0.745896 -2.520000 -0.181257 0.124084
1.118280 -3.749741 -0.611468 -0.749809 -2.508963 -0.185428 0.123206
1.115859 -3.758639 -0.605975 -0.753622 -2.497582 -0.189703 0.122372
1.113302 -3.767484 -0.600547 -0.757380 -2.486072 -0.194085 0.121539
1.110498 -3.776251 -0.595209 -0.760983 -2.474133 -0.198532 0.120753
1.107719 -3.785517 -0.589822 -0.764888 -2.462389 -0.202710 0.119883
1.104587 -3.793685 -0.584827 -0.768075 -2.450365 -0.207725 0.119170
1.101221 -3.802077 -0.579634 -0.771254 -2.437280 -0.212325 0.118571
1.098105 -3.810558 -0.574518 -0.774707 -2.425291 -0.217124 0.117742
1.094607 -3.818921 -0.569549 -0.777823 -2.412556 -0.221883 0.117097
1.091221 -3.827222 -0.564589 -0.781046 -2.400264 -0.226757 0.116359
1.087424 -3.835340 -0.559787 -0.783897 -2.387041 -0.231580 0.115877
1.083661 -3.843356 -0.555005 -0.786792 -2.373953 -0.236494 0.115325
1.079899 -3.851299 -0.550275 -0.789665 -2.361085 -0.241454 0.114782
1.075938 -3.859110 -0.545646 -0.792338 -2.347820 -0.246403 0.114341
1.072010 -3.866827 -0.541055 -0.795024 -2.334766 -0.251407 0.113878
1.067941 -3.874416 -0.536553 -0.797550 -2.321469 -0.256401 0.113502
1.063876 -3.881906 -0.532098 -0.800053 -2.308288 -0.261431 0.113117
1.059725 -3.889275 -0.527720 -0.802442 -2.295002 -0.266457 0.112791
1.055504 -3.896519 -0.523412 -0.804732 -2.281610 -0.271485 0.112508
1.051204 -3.897815 -0.518465 -0.799551 -2.267807 -0.273906 0.112779
1.047078 -3.911433 -0.515045 -0.810067 -2.255293 -0.282069 0.111953
1.042764 -3.917622 -0.510834 -0.811275 -2.241879 -0.286613 0.111744
1.038511 -3.924446 -0.506755 -0.813355 -2.228822 -0.291661 0.111518
1.034155 -3.931143 -0.502759 -0.815289 -2.215553 -0.296679 0.111350
1.029818 -3.937727 -0.498815 -0.817192 -2.202405 -0.301697 0.111195
1.025477 -3.944207 -0.494929 -0.819036 -2.189336 -0.306706 0.111054
1.021128 -3.950579 -0.491104 -0.820814 -2.176323 -0.311698 0.110937
1.016752 -3.956835 -0.487344 -0.822510 -2.163298 -0.316668 0.110853
1.012426 -3.963000 -0.483628 -0.824195 -2.150491 -0.321636 0.110754
1.008072 -3.969054 -0.479980 -0.825790 -2.137677 -0.326573 0.110691
1.003690 -3.974986 -0.476396 -0.827300 -2.124821 -0.331481 0.110667
0.999366 -3.980830 -0.472853 -0.828806 -2.112193 -0.336382 0.110625
0.995019 -3.986563 -0.469377 -0.830222 -2.099563 -0.341246 0.110623
0.990698 -3.992195 -0.465952 -0.831602 -2.087055 -0.346090 0.110627
0.986401 -3.997732 -0.462579 -0.832938 -2.074672 -0.350909 0.110639
0.982117 -4.003171 -0.459260 -0.834222 -2.062382 -0.355700 0.110664
0.977821 -4.008500 -0.456001 -0.835431 -2.050081 -0.360453 0.110720
0.973561 -4.013731 -0.452790 -0.836610 -2.037927 -0.365181 0.110784
0.969316 -4.018867 -0.449632 -0.837737 -2.025858 -0.369875 0.110861
0.965109 -4.023913 -0.446521 -0.838834 -2.013940 -0.374542 0.110940
0.960922 -4.028865 -0.443463 -0.839882 -2.002127 -0.379172 0.111035
0.956746 -4.033721 -0.440457 -0.840876 -1.990366 -0.383766 0.111142
0.952596 -4.038482 -0.437501 -0.841828 -1.978709 -0.388323 0.111266
0.948473 -4.043153 -0.434593 -0.842741 -1.967161 -0.392845 0.111398
0.944376 -4.047734 -0.431733 -0.843615 -1.955717 -0.397331 0.111540
0.940331 -4.052238 -0.428914 -0.844471 -1.944461 -0.401787 0.111676
0.936282 -4.056645 -0.426152 -0.845258 -1.933209 -0.406195 0.111841
0.932279 -4.060969 -0.423429 -0.846026 -1.922114 -0.410571 0.112007
0.928300 -4.065207 -0.420755 -0.846752 -1.911113 -0.414906 0.112185
0.924356 -4.069368 -0.418121 -0.847451 -1.900231 -0.419208 0.112362
0.920445 -4.073446 -0.415533 -0.848116 -1.889469 -0.423469 0.112549
0.916558 -4.077443 -0.412988 -0.848743 -1.878793 -0.427690 0.112745
0.912716 -4.081363 -0.410484 -0.849349 -1.868268 -0.431874 0.112945
0.908886 -4.085200 -0.408027 -0.849904 -1.857789 -0.436012 0.113160
0.905122 -4.088971 -0.405604 -0.850460 -1.847526 -0.440119 0.113362
0.901369 -4.092661 -0.403229 -0.850965 -1.837311 -0.444179 0.113584
0.897647 -4.096274 -0.400894 -0.851440 -1.827189 -0.448198 0.113815
0.893972 -4.099819 -0.398595 -0.851900 -1.817218 -0.452182 0.114042
0.890316 -4.103290 -0.396339 -0.852321 -1.807310 -0.456123 0.114282
0.886713 -4.106696 -0.394116 -0.852735 -1.797577 -0.460028 0.114517
0.883119 -4.110027 -0.391935 -0.853101 -1.787868 -0.463888 0.114767
0.879549 -4.113285 -0.389793 -0.853435 -1.778217 -0.467707 0.115028
0.876098 -4.116501 -0.387669 -0.853821 -1.768989 -0.471500 0.115256
0.872573 -4.119634 -0.385604 -0.854087 -1.759482 -0.475239 0.115523
0.869146 -4.122709 -0.383558 -0.854393 -1.750294 -0.478948 0.115773
0.865735 -4.125721 -0.381551 -0.854657 -1.741159 -0.482613 0.116033
0.862353 -4.128669 -0.379579 -0.854898 -1.732102 -0.486239 0.116296
0.859019 -4.131561 -0.377636 -0.855132 -1.723202 -0.489828 0.116558
0.855707 -4.134391 -0.375729 -0.855336 -1.714366 -0.493377 0.116827
0.852445 -4.137167 -0.373851 -0.855536 -1.705684 -0.496890 0.117091
0.849205 -4.139885 -0.372007 -0.855706 -1.697065 -0.500362 0.117362
0.846008 -4.142549 -0.370192 -0.855869 -1.688579 -0.503798 0.117630
0.842843 -4.145157 -0.368408 -0.856012 -1.680188 -0.507195 0.117902
0.839685 -4.147705 -0.366658 -0.856117 -1.671793 -0.510551 0.118185
0.836600 -4.150210 -0.364929 -0.856243 -1.663639 -0.513877 0.118453
0.833532 -4.152662 -0.363233 -0.856337 -1.655533 -0.517162 0.118727
0.830499 -4.155063 -0.361565 -0.856418 -1.647526 -0.520411 0.119002
0.827497 -4.157413 -0.359926 -0.856485 -1.639609 -0.523622 0.119278
0.824528 -4.159715 -0.358313 -0.856538 -1.631786 -0.526798 0.119555
0.821592 -4.161969 -0.356727 -0.856578 -1.624057 -0.529938 0.119831
0.818686 -4.164177 -0.355167 -0.856604 -1.616413 -0.533042 0.120109
0.815815 -4.166339 -0.353633 -0.856622 -1.608871 -0.536111 0.120385
0.812984 -4.168459 -0.352123 -0.856633 -1.601453 -0.539145 0.120658
0.810174 -4.170534 -0.350640 -0.856625 -1.594086 -0.542144 0.120934
0.807400 -4.172565 -0.349181 -0.856609 -1.586823 -0.545108 0.121209
0.804657 -4.174554 -0.347746 -0.856583 -1.579647 -0.548038 0.121484
0.801944 -4.176502 -0.346334 -0.856546 -1.572557 -0.550935 0.121758
0.799267 -4.178410 -0.344946 -0.856503 -1.565574 -0.553797 0.122029
0.796613 -4.180277 -0.343582 -0.856444 -1.558649 -0.556623 0.122303
0.793997 -4.182105 -0.342240 -0.856382 -1.551832 -0.559417 0.122575
0.791409 -4.183896 -0.340921 -0.856309 -1.545097 -0.562178 0.122846
0.788842 -4.185647 -0.339625 -0.856221 -1.538410 -0.564906 0.123120
0.786319 -4.187365 -0.338347 -0.856138 -1.531860 -0.567604 0.123387
0.783815 -4.189046 -0.337093 -0.856039 -1.525353 -0.570269 0.123656
0.781343 -4.190692 -0.335858 -0.855935 -1.518938 -0.572903 0.123923
0.778902 -4.192305 -0.334642 -0.855827 -1.512611 -0.575506 0.124188
0.776492 -4.193884 -0.333446 -0.855713 -1.506371 -0.578078 0.124450
0.774105 -4.195429 -0.332270 -0.855588 -1.500188 -0.580620 0.124712
0.771746 -4.196942 -0.331113 -0.855459 -1.494086 -0.583132 0.124973
0.769411 -4.198423 -0.329975 -0.855321 -1.488042 -0.585613 0.125234
0.767116 -4.199875 -0.328854 -0.855187 -1.482123 -0.588066 0.125487
0.764840 -4.201295 -0.327752 -0.855041 -1.476247 -0.590489 0.125743
0.762595 -4.202687 -0.326666 -0.854893 -1.470457 -0.592884 0.125996
0.760365 -4.204048 -0.325600 -0.854732 -1.464697 -0.595251 0.126249
0.758178 -4.205455 -0.324556 -0.854606 -1.459046 -0.597549 0.126495
0.756007 -4.206689 -0.323518 -0.854416 -1.453490 -0.599900 0.126747
0.753862 -4.207966 -0.322498 -0.854247 -1.447960 -0.602182 0.126994
0.751744 -4.209218 -0.321497 -0.854076 -1.442515 -0.604437 0.127239
0.749651 -4.210444 -0.320512 -0.853900 -1.437130 -0.606665 0.127482
0.747583 -4.211644 -0.319542 -0.853721 -1.431818 -0.608867 0.127723
0.745541 -4.212818 -0.318588 -0.853540 -1.426578 -0.611042 0.127962
0.743523 -4.213969 -0.317649 -0.853356 -1.421402 -0.613190 0.128198
0.741534 -4.215095 -0.316724 -0.853171 -1.416310 -0.615312 0.128433
0.739535 -4.216194 -0.315819 -0.852958 -1.411141 -0.617410 0.128674
0.737611 -4.217276 -0.314920 -0.852784 -1.406246 -0.619481 0.128898
0.735683 -4.218334 -0.314040 -0.852583 -1.401306 -0.621527 0.129129
0.740921 -4.195244 -0.307696 -0.979643 -1.385535 -0.645431 0.128507
0.731326 -4.219372 -0.311698 -0.854765 -1.389322 -0.623907 0.129415
0.730055 -4.221375 -0.311479 -0.851983 -1.386916 -0.627520 0.129803
0.728224 -4.222346 -0.310651 -0.851779 -1.382237 -0.629470 0.130024
0.726414 -4.223297 -0.309837 -0.851573 -1.377615 -0.631396 0.130243
0.724625 -4.224228 -0.309035 -0.851365 -1.373049 -0.633298 0.130459
0.722861 -4.225139 -0.308245 -0.851157 -1.368552 -0.635178 0.130674
0.721113 -4.226031 -0.307468 -0.850943 -1.364088 -0.637034 0.130888
0.719390 -4.226905 -0.306703 -0.850732 -1.359698 -0.638869 0.131097
0.717688 -4.227761 -0.305949 -0.850520 -1.355363 -0.640681 0.131306
0.716004 -4.228598 -0.305207 -0.850305 -1.351074 -0.642472 0.131512
0.714345 -4.229418 -0.304476 -0.850091 -1.346853 -0.644240 0.131716
0.712701 -4.230221 -0.303757 -0.849873 -1.342665 -0.645988 0.131918
0.711080 -4.231007 -0.303048 -0.849658 -1.338545 -0.647714 0.132118
0.709479 -4.231776 -0.302350 -0.849441 -1.334474 -0.649419 0.132316
0.707894 -4.232530 -0.301663 -0.849222 -1.330444 -0.651104 0.132512
0.706333 -4.233267 -0.300985 -0.849006 -1.326481 -0.652768 0.132706
0.704789 -4.233989 -0.300318 -0.848788 -1.322561 -0.654412 0.132897
0.703263 -4.234696 -0.299661 -0.848568 -1.318683 -0.656037 0.133086
0.701755 -4.235388 -0.299014 -0.848349 -1.314854 -0.657642 0.133274
0.700265 -4.236065 -0.298376 -0.848129 -1.311072 -0.659228 0.133460
0.698795 -4.236728 -0.297748 -0.847911 -1.307343 -0.660795 0.133643
0.697341 -4.237378 -0.297129 -0.847691 -1.303657 -0.662343 0.133824
0.695907 -4.238013 -0.296519 -0.847473 -1.300024 -0.663871 0.134004
0.694488 -4.238635 -0.295918 -0.847253 -1.296422 -0.665382 0.134181
0.693087 -4.239244 -0.295326 -0.847035 -1.292874 -0.666874 0.134357
0.691704 -4.239841 -0.294743 -0.846817 -1.289370 -0.668348 0.134531
0.690335 -4.240424 -0.294169 -0.846597 -1.285900 -0.669805 0.134702
0.688986 -4.240996 -0.293602 -0.846381 -1.282486 -0.671244 0.134871
0.687652 -4.241555 -0.293044 -0.846163 -1.279111 -0.672666 0.135039
0.686334 -4.242103 -0.292494 -0.845946 -1.275775 -0.674071 0.135205
0.685033 -4.242639 -0.291952 -0.845730 -1.272484 -0.675458 0.135369
0.683747 -4.243164 -0.291418 -0.845515 -1.269230 -0.676829 0.135531
0.682477 -4.243677 -0.290892 -0.845300 -1.266021 -0.678183 0.135691
0.681221 -4.244180 -0.290374 -0.845085 -1.262840 -0.679522 0.135850
0.679982 -4.244672 -0.289863 -0.844872 -1.259709 -0.680844 0.136007
0.673066 -4.184371 -0.283909 -0.777575 -1.246856 -0.721861 0.135923
0.677304 -4.244267 -0.288608 -0.842951 -1.253335 -0.684324 0.136306
0.676357 -4.246088 -0.288373 -0.844239 -1.250558 -0.684715 0.136465
0.675183 -4.246540 -0.287890 -0.844032 -1.247604 -0.685972 0.136614
0.674011 -4.246982 -0.287416 -0.843818 -1.244634 -0.687217 0.136763
0.672862 -4.247415 -0.286948 -0.843611 -1.241737 -0.688445 0.136909
0.671722 -4.247839 -0.286487 -0.843401 -1.238855 -0.689659 0.137053
0.670601 -4.248254 -0.286032 -0.843196 -1.236031 -0.690857 0.137196
0.669493 -4.248660 -0.285584 -0.842991 -1.233239 -0.692041 0.137337
0.668396 -4.249058 -0.285143 -0.842785 -1.230470 -0.693211 0.137477
0.667314 -4.249447 -0.284708 -0.842582 -1.227746 -0.694366 0.137615
0.716773 -4.885529 -0.332005 -1.298322 -1.403506 -0.615911 0.144509
0.659869 -4.248052 -0.279946 -0.840740 -1.218301 -0.696748 0.137256
0.664145 -4.250565 -0.283440 -0.841976 -1.219758 -0.697749 0.138019
0.663114 -4.250922 -0.283029 -0.841777 -1.217161 -0.698850 0.138150
0.662098 -4.251271 -0.282624 -0.841580 -1.214604 -0.699937 0.138279
0.661083 -4.251614 -0.282226 -0.841376 -1.212031 -0.701015 0.138407
0.660099 -4.251948 -0.281831 -0.841187 -1.209571 -0.702072 0.138535
0.659119 -4.252275 -0.281444 -0.840992 -1.207108 -0.703119 0.138660
0.658150 -4.252596 -0.281061 -0.840798 -1.204668 -0.704154 0.138784
0.657194 -4.252910 -0.280685 -0.840606 -1.202266 -0.705176 0.138907
0.656248 -4.253217 -0.280313 -0.840414 -1.199882 -0.706187 0.139028
0.655312 -4.253518 -0.279947 -0.840223 -1.197525 -0.707185 0.139147
6.607866 -8.030367 -10.316176 0.844818 -21.522571 -7.181199 -0.463455
0.655215 -4.258023 -0.275607 -0.843566 -1.188750 -0.719977 0.136436
0.652583 -4.254381 -0.278879 -0.839664 -1.190672 -0.710106 0.139496
0.651693 -4.254657 -0.278532 -0.839479 -1.188433 -0.711057 0.139610
0.650817 -4.254927 -0.278190 -0.839297 -1.186234 -0.711996 0.139722
0.649948 -4.255190 -0.277854 -0.839114 -1.184050 -0.712925 0.139832
0.649091 -4.255449 -0.277521 -0.838933 -1.181895 -0.713842 0.139942
0.648247 -4.255701 -0.277193 -0.838755 -1.179781 -0.714747 0.140050
0.647410 -4.255948 -0.276870 -0.838576 -1.177675 -0.715642 0.140156
0.646582 -4.256190 -0.276552 -0.838399 -1.175593 -0.716527 0.140262
0.645769 -4.256426 -0.276237 -0.838225 -1.173558 -0.717399 0.140366
0.644962 -4.256658 -0.275927 -0.838050 -1.171527 -0.718263 0.140469
0.644166 -4.256884 -0.275621 -0.837878 -1.169529 -0.719116 0.140570
0.643379 -4.257106 -0.275320 -0.837706 -1.167551 -0.719958 0.140671
0.642603 -4.257322 -0.275022 -0.837537 -1.165608 -0.720790 0.140770
0.641835 -4.257534 -0.274729 -0.837367 -1.163677 -0.721613 0.140867
0.641078 -4.257741 -0.274439 -0.837201 -1.161782 -0.722424 0.140964
0.640330 -4.257944 -0.274153 -0.837035 -1.159904 -0.723227 0.141060
0.639588 -4.258142 -0.273872 -0.836869 -1.158040 -0.724020 0.141154
0.638858 -4.258336 -0.273594 -0.836707 -1.156209 -0.724804 0.141247
0.638138 -4.258526 -0.273320 -0.836546 -1.154405 -0.725577 0.141339
0.637423 -4.258712 -0.273049 -0.836384 -1.152610 -0.726342 0.141430
0.636721 -4.258893 -0.272782 -0.836226 -1.150851 -0.727097 0.141519
0.636021 -4.259071 -0.272520 -0.836065 -1.149087 -0.727846 0.141607
0.636116 -4.259056 -0.272169 -0.836431 -1.151054 -0.728159 0.141848
0.634511 -4.259464 -0.272038 -0.835632 -1.144991 -0.729371 0.141738
0.633855 -4.259611 -0.271769 -0.835513 -1.143338 -0.730101 0.141836
0.633195 -4.259772 -0.271518 -0.835363 -1.141695 -0.730812 0.141922
0.632541 -4.259930 -0.271271 -0.835213 -1.140064 -0.731515 0.142008
0.631897 -4.260084 -0.271027 -0.835066 -1.138461 -0.732209 0.142091
0.631261 -4.260235 -0.270786 -0.834920 -1.136880 -0.732895 0.142174
0.630633 -4.260382 -0.270548 -0.834775 -1.135314 -0.733572 0.142256
0.630013 -4.260526 -0.270314 -0.834633 -1.133777 -0.734240 0.142337
0.629401 -4.260666 -0.270082 -0.834491 -1.132255 -0.734901 0.142417
0.628796 -4.260803 -0.269854 -0.834350 -1.130749 -0.735554 0.142496
0.628199 -4.260938 -0.269629 -0.834211 -1.129265 -0.736199 0.142574
0.627609 -4.261069 -0.269407 -0.834073 -1.127798 -0.736836 0.142650
0.631257 -4.342061 -0.271867 -0.923774 -1.141852 -0.684290 0.143076
0.626854 -4.260372 -0.268797 -0.833230 -1.127289 -0.738297 0.142902
0.626287 -4.261346 -0.268726 -0.833917 -1.125409 -0.738448 0.142951
0.624977 -4.261669 -0.268607 -0.833286 -1.120432 -0.739490 0.142852
0.624437 -4.261770 -0.268386 -0.833183 -1.119103 -0.740095 0.142939
0.623897 -4.261881 -0.268177 -0.833060 -1.117797 -0.740685 0.143015
0.623363 -4.261989 -0.267972 -0.832937 -1.116499 -0.741267 0.143091
0.622843 -4.262094 -0.267768 -0.832821 -1.115256 -0.741839 0.143165
0.622319 -4.262198 -0.267569 -0.832698 -1.113976 -0.742409 0.143238
0.621807 -4.262299 -0.267372 -0.832581 -1.112736 -0.742969 0.143311
0.621303 -4.262397 -0.267177 -0.832465 -1.111522 -0.743521 0.143382
0.620805 -4.262493 -0.266985 -0.832350 -1.110318 -0.744067 0.143452
0.620315 -4.262586 -0.266796 -0.832238 -1.109138 -0.744605 0.143521
-1.353445 -28.736971 12.942601 37.964487 -19.095481 -37.033705 5.934368
0.626154 -4.261041 -0.261208 -0.833816 -1.124501 -0.741965 0.117139
0.618683 -4.262919 -0.266280 -0.831759 -1.104711 -0.746288 0.143660
0.618230 -4.262991 -0.266090 -0.831673 -1.103639 -0.746802 0.143737
0.617774 -4.263071 -0.265911 -0.831569 -1.102556 -0.747307 0.143804
0.617326 -4.263149 -0.265735 -0.831468 -1.101501 -0.747803 0.143871
0.616885 -4.263224 -0.265560 -0.831370 -1.100466 -0.748292 0.143937
0.616451 -4.263298 -0.265388 -0.831272 -1.099446 -0.748775 0.144001
0.616021 -4.263370 -0.265219 -0.831174 -1.098435 -0.749252 0.144065
0.615601 -4.263439 -0.265052 -0.831081 -1.097454 -0.749721 0.144129
0.615677 -4.263354 -0.264826 -0.831314 -1.098847 -0.749872 0.144320
0.615170 -4.263457 -0.264684 -0.831146 -1.097418 -0.750381 0.144348
0.614678 -4.263549 -0.264537 -0.830995 -1.096034 -0.750885 0.144382
0.613722 -4.263787 -0.264451 -0.830533 -1.092402 -0.751686 0.144291
0.613342 -4.263836 -0.264285 -0.830465 -1.091547 -0.752125 0.144360
0.612960 -4.263892 -0.264129 -0.830382 -1.090682 -0.752557 0.144421
0.612587 -4.263945 -0.263974 -0.830303 -1.089847 -0.752980 0.144482
0.612220 -4.263997 -0.263822 -0.830225 -1.089023 -0.753397 0.144542
0.611859 -4.264047 -0.263672 -0.830149 -1.088220 -0.753808 0.144602
0.611504 -4.264095 -0.263523 -0.830074 -1.087432 -0.754213 0.144660
0.611588 -4.264000 -0.263322 -0.830289 -1.088754 -0.754327 0.144839
0.611161 -4.264080 -0.263197 -0.830152 -1.087581 -0.754767 0.144865
0.610746 -4.264149 -0.263067 -0.830029 -1.086450 -0.755203 0.144897
1.964618 -3.924476 -3.000844 0.361045 -3.433175 0.501243 0.801742
0.609934 -4.265479 -0.261610 -0.830403 -1.080322 -0.759303 0.143982
0.608265 -4.264670 -0.262821 -0.828838 -1.077133 -0.757229 0.144782
0.608711 -4.264517 -0.262587 -0.829299 -1.080066 -0.757186 0.144953
0.608393 -4.264560 -0.262458 -0.829222 -1.079396 -0.757543 0.145003
0.608085 -4.264593 -0.262324 -0.829161 -1.078745 -0.757900 0.145058
0.607784 -4.264624 -0.262192 -0.829102 -1.078112 -0.758250 0.145113
0.607489 -4.264654 -0.262062 -0.829045 -1.077496 -0.758594 0.145168
0.607199 -4.264683 -0.261934 -0.828989 -1.076894 -0.758933 0.145221
0.606915 -4.264710 -0.261808 -0.828934 -1.076305 -0.759267 0.145274
0.606636 -4.264737 -0.261684 -0.828881 -1.075733 -0.759594 0.145325
0.606363 -4.264761 -0.261561 -0.828829 -1.075176 -0.759916 0.145377
0.606096 -4.264785 -0.261440 -0.828780 -1.074638 -0.760232 0.145427
7.055640 -7.058672 -10.805536 0.970807 -20.407804 -5.133277 0.000630
0.606373 -4.265806 -0.259945 -0.829797 -1.073317 -0.763648 0.144776
0.604397 -4.265106 -0.261201 -0.828015 -1.068648 -0.761704 0.145397
0.603998 -4.265151 -0.261087 -0.827892 -1.067451 -0.762107 0.145436
0.603591 -4.265207 -0.260984 -0.827748 -1.066228 -0.762505 0.145464
0.603955 -4.265060 -0.260795 -0.828114 -1.068675 -0.762441 0.145620
0.603694 -4.265085 -0.260689 -0.828052 -1.068129 -0.762736 0.145662
0.603764 -4.264985 -0.260536 -0.828215 -1.069171 -0.762803 0.145811
0.603135 -4.265147 -0.260484 -0.827905 -1.066783 -0.763356 0.145728
0.602894 -4.265159 -0.260374 -0.827863 -1.066285 -0.763642 0.145777
0.602657 -4.265173 -0.260268 -0.827816 -1.065801 -0.763921 0.145822
0.602425 -4.265186 -0.260164 -0.827771 -1.065332 -0.764195 0.145867
0.602197 -4.265198 -0.260061 -0.827727 -1.064870 -0.764465 0.145910
0.602274 -4.265096 -0.259920 -0.827885 -1.065892 -0.764515 0.146052
0.601702 -4.265244 -0.259872 -0.827603 -1.063719 -0.765024 0.145973
0.600808 -4.265442 -0.259849 -0.827117 -1.060044 -0.765705 0.145890
0.600466 -4.265480 -0.259757 -0.827003 -1.059017 -0.766049 0.145916
0.600783 -4.265335 -0.259594 -0.827318 -1.061152 -0.765976 0.146065
0.600561 -4.265350 -0.259503 -0.827265 -1.060688 -0.766229 0.146101
0.600352 -4.265358 -0.259409 -0.827224 -1.060264 -0.766477 0.146141
0.600418 -4.265259 -0.259279 -0.827366 -1.061186 -0.766522 0.146274
0.599891 -4.265396 -0.259237 -0.827105 -1.059177 -0.766994 0.146197
0.599961 -4.265293 -0.259108 -0.827249 -1.060098 -0.767037 0.146332
0.599451 -4.265426 -0.259066 -0.826997 -1.058159 -0.767496 0.146256
0.599263 -4.265429 -0.258977 -0.826969 -1.057794 -0.767724 0.146298
0.598477 -4.265608 -0.258960 -0.826535 -1.054556 -0.768335 0.146210
0.598177 -4.265640 -0.258880 -0.826433 -1.053657 -0.768639 0.146231
0.598124 -4.265575 -0.258769 -0.826491 -1.053975 -0.768757 0.146336
0.598347 -4.265458 -0.258636 -0.826726 -1.055582 -0.768718 0.146455
0.597860 -4.265585 -0.258599 -0.826482 -1.053722 -0.769156 0.146380
0.597676 -4.265584 -0.258514 -0.826449 -1.053352 -0.769376 0.146419
0.597493 -4.265586 -0.258434 -0.826411 -1.052980 -0.769591 0.146455
0.597314 -4.265587 -0.258354 -0.826375 -1.052618 -0.769803 0.146490
0.597138 -4.265587 -0.258275 -0.826340 -1.052265 -0.770011 0.146525
0.596966 -4.265587 -0.258197 -0.826306 -1.051927 -0.770215 0.146559
7.047897 -7.061075 -10.821233 0.979751 -20.420868 -5.131784 0.002621
0.596574 -4.266397 -0.257227 -0.826590 -1.048145 -0.772865 0.146022
0.595685 -4.265832 -0.258058 -0.825697 -1.047188 -0.771343 0.146479
0.595412 -4.265860 -0.257990 -0.825599 -1.046357 -0.771617 0.146493
0.595854 -4.265637 -0.257834 -0.825974 -1.049004 -0.771390 0.146706
0.595422 -4.265752 -0.257803 -0.825755 -1.047349 -0.771782 0.146634
0.595249 -4.265751 -0.257730 -0.825717 -1.046973 -0.771982 0.146667
0.595079 -4.265751 -0.257659 -0.825678 -1.046604 -0.772179 0.146697
0.594912 -4.265750 -0.257590 -0.825640 -1.046247 -0.772371 0.146727
0.594951 -4.265662 -0.257493 -0.825739 -1.046897 -0.772406 0.146835
0.594750 -4.265681 -0.257433 -0.825673 -1.046351 -0.772620 0.146846
0.594555 -4.265696 -0.257373 -0.825611 -1.045823 -0.772832 0.146859
0.594168 -4.265794 -0.257341 -0.825421 -1.044345 -0.773191 0.146797
0.594018 -4.265788 -0.257274 -0.825391 -1.044040 -0.773369 0.146829
0.594061 -4.265700 -0.257182 -0.825488 -1.044684 -0.773396 0.146934
0.593692 -4.265795 -0.257152 -0.825305 -1.043275 -0.773738 0.146871
0.593305 -4.265855 -0.257115 -0.825115 -1.041821 -0.774063 0.146862
0.593045 -4.265892 -0.257065 -0.825010 -1.040964 -0.774319 0.146857
0.593024 -4.265863 -0.256989 -0.825061 -1.041251 -0.774421 0.146892
0.592881 -4.265857 -0.256927 -0.825029 -1.040961 -0.774587 0.146921
0.592742 -4.265850 -0.256866 -0.824999 -1.040678 -0.774751 0.146949
0.592605 -4.265843 -0.256806 -0.824970 -1.040403 -0.774912 0.146978
0.592471 -4.265836 -0.256746 -0.824942 -1.040135 -0.775070 0.147006
0.591946 -4.265970 -0.256738 -0.824652 -1.037954 -0.775504 0.146923
0.592129 -4.265845 -0.256635 -0.824838 -1.039232 -0.775440 0.147044
0.591998 -4.265840 -0.256580 -0.824807 -1.038966 -0.775592 0.147069
0.591870 -4.265832 -0.256523 -0.824780 -1.038709 -0.775743 0.147095
0.591745 -4.265824 -0.256468 -0.824753 -1.038458 -0.775891 0.147121
0.591623 -4.265815 -0.256413 -0.824728 -1.038217 -0.776036 0.147147
0.591295 -4.265869 -0.256384 -0.824565 -1.036977 -0.776316 0.147132
0.591435 -4.265766 -0.256295 -0.824715 -1.038012 -0.776275 0.147232
0.591132 -4.265845 -0.256272 -0.824563 -1.036853 -0.776561 0.147176
0.591167 -4.265764 -0.256196 -0.824642 -1.037381 -0.776578 0.147267
0.590875 -4.265839 -0.256173 -0.824497 -1.036264 -0.776855 0.147213
0.590764 -4.265828 -0.256121 -0.824476 -1.036053 -0.776989 0.147239
0.590656 -4.265817 -0.256070 -0.824454 -1.035850 -0.777119 0.147264
0.590214 -4.265933 -0.256065 -0.824210 -1.034011 -0.777493 0.147186
0.590374 -4.265817 -0.255977 -0.824370 -1.035124 -0.777428 0.147297
0.589941 -4.265933 -0.255972 -0.824129 -1.033321 -0.777794 0.147217
0.590095 -4.265820 -0.255887 -0.824284 -1.034398 -0.777732 0.147326
0.589990 -4.265811 -0.255840 -0.824260 -1.034191 -0.777856 0.147347
0.589888 -4.265800 -0.255794 -0.824239 -1.033994 -0.777978 0.147370
0.589786 -4.265790 -0.255748 -0.824217 -1.033796 -0.778099 0.147392
0.589382 -4.265899 -0.255744 -0.823993 -1.032106 -0.778445 0.147315
0.589224 -4.265909 -0.255704 -0.823936 -1.031633 -0.778610 0.147321
0.589364 -4.265802 -0.255626 -0.824076 -1.032622 -0.778551 0.147422
0.589264 -4.265793 -0.255583 -0.824053 -1.032419 -0.778668 0.147442
0.589167 -4.265784 -0.255540 -0.824031 -1.032223 -0.778784 0.147462
0.589071 -4.265774 -0.255498 -0.824010 -1.032033 -0.778897 0.147482
0.588977 -4.265764 -0.255457 -0.823989 -1.031845 -0.779009 0.147501
0.588886 -4.265753 -0.255416 -0.823970 -1.031665 -0.779118 0.147520
0.588916 -4.265683 -0.255358 -0.824031 -1.032088 -0.779127 0.147595
0.588413 -4.265856 -0.255378 -0.823733 -1.029860 -0.779555 0.147454
0.588543 -4.265753 -0.255305 -0.823863 -1.030768 -0.779498 0.147551
0.588455 -4.265743 -0.255267 -0.823843 -1.030596 -0.779602 0.147568
0.588106 -4.265841 -0.255265 -0.823648 -1.029130 -0.779906 0.147495
0.588229 -4.265741 -0.255195 -0.823772 -1.030000 -0.779850 0.147589
0.588144 -4.265732 -0.255159 -0.823752 -1.029828 -0.779951 0.147606
0.588060 -4.265722 -0.255122 -0.823733 -1.029661 -0.780051 0.147623
0.761528 -4.661029 -0.451447 -0.072124 -1.543252 -1.404093 0.195854
0.587735 -4.265841 -0.255026 -0.823242 -1.028117 -0.780438 0.147603
0.587522 -4.265812 -0.255053 -0.823484 -1.027731 -0.780571 0.147571
0.587393 -4.265821 -0.255023 -0.823435 -1.027337 -0.780706 0.147571
0.587501 -4.265729 -0.254960 -0.823544 -1.028114 -0.780657 0.147658
0.587418 -4.265721 -0.254926 -0.823523 -1.027934 -0.780753 0.147672
0.587104 -4.265812 -0.254926 -0.823347 -1.026611 -0.781030 0.147601
0.587207 -4.265722 -0.254864 -0.823452 -1.027352 -0.780984 0.147685
0.586997 -4.265762 -0.254849 -0.823345 -1.026543 -0.781172 0.147662
0.586852 -4.265782 -0.254825 -0.823282 -1.026051 -0.781319 0.147651
0.586832 -4.265756 -0.254785 -0.823302 -1.026170 -0.781373 0.147675
0.586749 -4.265749 -0.254753 -0.823280 -1.025982 -0.781468 0.147687
0.639373 -4.907313 -0.307229 -1.280691 -1.197414 -0.705989 0.154967
0.586194 -4.265030 -0.254313 -0.822841 -1.025603 -0.781629 0.147700
0.586584 -4.265688 -0.254651 -0.823265 -1.025805 -0.781682 0.147761
0.586489 -4.265690 -0.254624 -0.823232 -1.025540 -0.781786 0.147764
0.586396 -4.265691 -0.254597 -0.823200 -1.025282 -0.781888 0.147767
0.586217 -4.265739 -0.254585 -0.823109 -1.024587 -0.782064 0.147726
0.586144 -4.265729 -0.254555 -0.823091 -1.024430 -0.782150 0.147739
0.586072 -4.265719 -0.254525 -0.823073 -1.024275 -0.782234 0.147752
0.586001 -4.265709 -0.254497 -0.823055 -1.024124 -0.782317 0.147765
0.585805 -4.265756 -0.254486 -0.822953 -1.023347 -0.782499 0.147730
0.585718 -4.265754 -0.254459 -0.822924 -1.023114 -0.782596 0.147736
0.585635 -4.265757 -0.254434 -0.822900 -1.022894 -0.782687 0.147743
0.585552 -4.265747 -0.254407 -0.822871 -1.022679 -0.782781 0.147750
0.585473 -4.265743 -0.254380 -0.822846 -1.022477 -0.782871 0.147758
0.585396 -4.265738 -0.254354 -0.822823 -1.022285 -0.782958 0.147766
0.585322 -4.265732 -0.254328 -0.822801 -1.022104 -0.783043 0.147775
0.585250 -4.265725 -0.254302 -0.822780 -1.021934 -0.783125 0.147784
0.585181 -4.265717 -0.254276 -0.822761 -1.021774 -0.783205 0.147795
0.585115 -4.265708 -0.254250 -0.822743 -1.021626 -0.783282 0.147805
0.585051 -4.265699 -0.254225 -0.822727 -1.021488 -0.783357 0.147817
0.584990 -4.265689 -0.254199 -0.822712 -1.021362 -0.783429 0.147829
0.584932 -4.265678 -0.254173 -0.822698 -1.021247 -0.783499 0.147841
0.584877 -4.265666 -0.254148 -0.822686 -1.021143 -0.783566 0.147855
0.584825 -4.265653 -0.254123 -0.822676 -1.021051 -0.783631 0.147869
0.584775 -4.265639 -0.254097 -0.822667 -1.020970 -0.783692 0.147883
0.584728 -4.265625 -0.254072 -0.822659 -1.020901 -0.783751 0.147898
0.584685 -4.265609 -0.254047 -0.822653 -1.020844 -0.783808 0.147914
0.584644 -4.265593 -0.254023 -0.822649 -1.020798 -0.783861 0.147930
0.584606 -4.265576 -0.253998 -0.822646 -1.020765 -0.783912 0.147947
0.584571 -4.265558 -0.253973 -0.822645 -1.020744 -0.783960 0.147965
0.584539 -4.265539 -0.253949 -0.822645 -1.020735 -0.784005 0.147983
0.584511 -4.265519 -0.253925 -0.822647 -1.020738 -0.784047 0.148002
0.584485 -4.265499 -0.253901 -0.822651 -1.020754 -0.784086 0.148022
0.584463 -4.265477 -0.253877 -0.822656 -1.020782 -0.784122 0.148042
0.587380 -4.263882 -0.253405 -0.824650 -1.035592 -0.781613 0.149537
