0.038134 -1.282598 -1.377183 8.141661 -9.920186 5.270731 -0.252122
0.017897 -1.233808 -1.360186 7.833666 -10.099544 5.179551 -0.229704
0.046631 -0.933386 -1.267840 7.360672 -10.082612 5.122987 -0.214076
0.063489 -0.645165 -1.196484 6.985246 -10.095937 5.086787 -0.198708
0.074380 -0.365806 -1.136981 6.665085 -10.125945 5.060891 -0.183507
0.082620 -0.093629 -1.084696 6.379613 -10.165173 5.039727 -0.168516
0.087150 0.169193 -1.040551 6.122468 -10.207573 5.020967 -0.153758
0.092701 0.425482 -1.000719 5.899070 -10.275277 5.007681 -0.139180
0.112670 0.676932 -0.942264 5.610862 -10.286703 4.963543 -0.126306
0.120488 0.923045 -0.907096 5.432853 -10.361205 4.957876 -0.111562
0.136691 1.162372 -0.863628 5.226747 -10.415368 4.933658 -0.098312
0.150423 1.391632 -0.826517 5.036675 -10.467786 4.908508 -0.085315
0.167779 1.613404 -0.788478 4.855874 -10.520991 4.881078 -0.072810
0.190110 1.829082 -0.747659 4.682109 -10.574935 4.851139 -0.060909
0.214585 2.037645 -0.707074 4.517672 -10.627489 4.819685 -0.049491
0.240265 2.238242 -0.667589 4.362887 -10.678110 4.787254 -0.038450
0.243533 2.434574 -0.655990 4.195016 -10.750682 4.750480 -0.040693
0.263468 2.643178 -0.625845 4.031567 -10.802105 4.723494 -0.032657
0.275899 2.841956 -0.606384 3.871948 -10.859038 4.700283 -0.025704
0.301610 3.054183 -0.577096 3.724735 -10.912551 4.688790 -0.016922
0.316998 3.263341 -0.568826 3.594341 -11.001959 4.681675 -0.004437
0.336250 3.450422 -0.550999 3.465942 -11.060148 4.680863 0.005492
0.351065 3.618800 -0.537901 3.315344 -11.145018 4.654190 0.000837
0.362014 3.774741 -0.527408 3.169866 -11.214385 4.615824 -0.004284
0.366968 3.913577 -0.522765 3.035792 -11.270324 4.566854 -0.001997
0.412033 4.096909 -0.471275 2.845875 -11.440397 4.547649 0.004706
0.367099 4.132784 -0.501790 2.775554 -11.311166 4.460880 0.007424
0.306145 4.112938 -0.547820 2.705488 -11.169789 4.351003 0.010809
0.304145 4.146089 -0.563360 2.682238 -11.190242 4.226662 0.007354
0.314522 4.187197 -0.571054 2.680325 -11.235549 4.107046 0.004791
0.306145 4.194045 -0.588695 2.657921 -11.247949 3.982123 0.006591
0.292609 4.190390 -0.605572 2.633249 -11.222024 3.867624 0.004690
0.273936 4.173368 -0.624354 2.583488 -11.207573 3.738181 0.003706
0.249455 4.144641 -0.644695 2.537936 -11.158395 3.619628 0.004667
0.220322 4.106865 -0.666028 2.492079 -11.081089 3.508019 0.004323
0.493107 4.158185 -0.467107 2.502304 -11.994341 3.475248 -0.017498
0.708858 4.234160 -0.303045 2.482245 -12.758983 3.432060 -0.037378
0.872507 4.332757 -0.171232 2.426684 -13.379068 3.375025 -0.058837
0.978175 4.426859 -0.078490 2.375675 -13.798495 3.330505 -0.074351
1.033836 4.497570 -0.020712 2.318194 -14.060064 3.274196 -0.086674
1.051175 4.537892 0.009357 2.261295 -14.197003 3.206143 -0.096365
1.042232 4.549709 0.019823 2.207991 -14.246408 3.127827 -0.103953
1.017960 4.535459 0.018160 2.152179 -14.258671 3.027537 -0.105718
0.982639 4.500128 0.007660 2.113260 -14.215159 2.933036 -0.110135
0.942111 4.452240 -0.007560 2.079667 -14.150981 2.835262 -0.113695
0.899227 4.395216 -0.025407 2.051397 -14.075524 2.735550 -0.116558
0.855802 4.330982 -0.044642 2.029450 -13.994265 2.635365 -0.118938
0.817346 4.261092 -0.059750 2.004761 -13.930330 2.533066 -0.120848
0.783763 4.184312 -0.071353 1.983290 -13.880507 2.430766 -0.122668
0.744584 4.110503 -0.089016 1.971623 -13.807105 2.331432 -0.123286
0.685398 4.094541 -0.088829 1.754421 -13.780649 2.108820 -0.102080
0.800364 2.699813 -0.026072 -3.695713 -17.918033 -2.726208 -0.626763
0.690564 3.962902 -0.059903 4.193734 -8.713796 4.444076 0.219995
0.620822 3.796309 -0.142450 1.997718 -13.582392 1.967830 -0.119516
0.592534 3.724413 -0.152704 2.006134 -13.533454 1.876250 -0.113311
0.568209 3.653181 -0.159610 2.016847 -13.495007 1.786102 -0.105508
0.554118 3.578274 -0.156984 2.024463 -13.488242 1.693251 -0.096992
0.532785 3.511699 -0.161779 2.039961 -13.452887 1.608239 -0.085514
0.515290 3.444191 -0.163352 2.056346 -13.425230 1.524111 -0.072750
0.501626 3.376597 -0.161607 2.070641 -13.406305 1.440065 -0.058867
0.493969 3.308510 -0.154461 2.079587 -13.403566 1.354291 -0.044372
0.489115 3.241495 -0.144965 2.084006 -13.406283 1.267981 -0.029144
0.481057 3.175972 -0.139109 2.089712 -13.393853 1.185444 -0.012645
0.474911 3.108259 -0.131357 2.088813 -13.385072 1.100307 0.003737
0.345319 -3.874077 -0.235294 5.991055 -12.903116 1.451979 0.147910
-0.493805 3.120878 -1.099136 2.938054 -10.239287 1.851093 0.189123
0.461390 2.891317 -0.104008 2.046581 -13.360446 0.831787 0.046754
0.446430 2.817241 -0.105563 2.024630 -13.316887 0.744673 0.058507
0.427833 2.739293 -0.110936 1.997953 -13.261427 0.656745 0.067822
0.404752 2.658090 -0.121045 1.966519 -13.191933 0.568417 0.074485
0.376562 2.574461 -0.136664 1.930610 -13.106647 0.480389 0.078447
0.343080 2.488658 -0.158056 1.889896 -13.004835 0.392382 0.079532
0.308175 2.405840 -0.181307 1.835762 -12.898535 0.300149 0.077137
0.257775 2.324792 -0.221333 1.785736 -12.744739 0.218432 0.073748
0.215966 2.206099 -0.252516 1.753478 -12.603061 0.126084 0.069583
0.310171 1.776113 -0.137057 1.898927 -12.765440 -0.072315 0.080525
0.364007 1.395026 -0.064275 2.021339 -12.833694 -0.240947 0.081009
0.417258 1.068222 0.008268 2.098439 -12.917298 -0.406901 0.086218
0.467953 0.794346 0.078443 2.129811 -13.010564 -0.571117 0.093425
0.512858 0.571708 0.142608 2.118678 -13.103992 -0.731725 0.100947
0.561772 0.363678 0.211614 2.095124 -13.210498 -0.893936 0.111161
0.592531 0.180187 0.261380 2.059173 -13.281334 -1.042882 0.118776
0.605163 0.021074 0.291747 2.009584 -13.314724 -1.179511 0.123734
-0.316594 -9.639367 -0.478335 5.025211 -9.313885 -0.171262 0.411597
0.593267 -0.310567 0.311251 1.969225 -13.235786 -1.413348 0.128933
0.580539 -0.358056 0.314800 1.793312 -13.281679 -1.552729 0.127022
0.598062 -0.559113 0.349568 1.786874 -13.269404 -1.688823 0.128751
0.617397 -0.855303 0.386542 1.870061 -13.224861 -1.821842 0.128593
0.609190 -1.145336 0.393391 1.945487 -13.136951 -1.944678 0.117272
0.600243 -1.427416 0.399007 2.018324 -13.045815 -2.063668 0.107292
0.590697 -1.699256 0.403681 2.085608 -12.953554 -2.179649 0.098765
0.581188 -1.958010 0.408001 2.145738 -12.863360 -2.292396 0.091937
0.571540 -2.202179 0.411876 2.196634 -12.776146 -2.402463 0.086707
0.582192 -2.455892 0.436815 2.262494 -12.699253 -2.514894 0.084099
0.589511 -2.684706 0.457926 2.311931 -12.627117 -2.622536 0.083275
0.588970 -2.887689 0.470590 2.340653 -12.562211 -2.726313 0.083284
0.593127 -3.074995 0.487838 2.359639 -12.510192 -2.828685 0.084488
0.599197 -3.240753 0.506947 2.363080 -12.477582 -2.929146 0.087683
0.605057 -3.386417 0.525280 2.354905 -12.462686 -3.025149 0.092735
0.611450 -3.512756 0.544170 2.332130 -12.455898 -3.120230 0.099590
0.626166 -3.630539 0.571401 2.303662 -12.443204 -3.217019 0.105465
0.650699 -3.930535 0.561960 2.676654 -12.237756 -3.134987 0.052150
0.976407 -6.631680 0.986990 4.257082 -12.723052 -3.009965 0.203724
0.481686 -4.888116 0.428794 3.441582 -11.202380 -3.023081 0.195167
0.660716 -3.942970 0.643259 2.131143 -12.376962 -3.538590 0.133021
0.662253 -3.966463 0.655599 2.032355 -12.382133 -3.624507 0.143956
0.660847 -3.977190 0.664557 1.922755 -12.388250 -3.709455 0.154364
0.660757 -3.984456 0.674165 1.811059 -12.383302 -3.793044 0.162544
0.660373 -3.984967 0.682723 1.692425 -12.367446 -3.876311 0.168104
0.649320 -3.963067 0.680112 1.550769 -12.360218 -3.960211 0.173776
0.634652 -3.932727 0.673173 1.401733 -12.352154 -4.043324 0.178207
0.626605 -3.918614 0.672747 1.274276 -12.316746 -4.119201 0.183709
0.611601 -3.892304 0.664780 1.131750 -12.291325 -4.198283 0.186860
0.589689 -3.857261 0.649481 0.975592 -12.269930 -4.280925 0.187793
0.564357 -3.819429 0.629944 0.816512 -12.246067 -4.363175 0.187031
0.808290 -7.982844 1.166921 3.187502 -15.660611 -5.356970 0.176650
-0.100088 -5.363068 -0.023912 1.590101 -11.446317 -4.343680 0.220153
0.466853 -3.690532 0.546285 0.302356 -12.141800 -4.619298 0.175016
0.424910 -3.638869 0.507812 0.117358 -12.105990 -4.706727 0.170123
0.381385 -3.588033 0.466971 -0.068312 -12.061223 -4.793559 0.164738
0.336659 -3.537048 0.423919 -0.254957 -12.005046 -4.879209 0.158954
0.301442 -3.516419 0.391005 -0.400842 -11.933242 -4.955181 0.156876
0.272995 -3.520505 0.365574 -0.516948 -11.861170 -5.028571 0.155530
0.234541 -3.512322 0.330201 -0.655041 -11.810178 -5.112020 0.152493
0.194630 -3.503256 0.293082 -0.792693 -11.759708 -5.194808 0.150233
0.153199 -3.493607 0.254199 -0.930302 -11.709412 -5.277116 0.148776
0.110517 -3.483573 0.213768 -1.067251 -11.659534 -5.358531 0.148163
0.066460 -3.473326 0.171778 -1.204395 -11.609961 -5.439496 0.148439
0.021110 -3.462933 0.128344 -1.341828 -11.560896 -5.520021 0.149623
-0.025100 -3.452758 0.083767 -1.477927 -11.512524 -5.599286 0.151632
-0.072444 -3.443142 0.037939 -1.613949 -11.464440 -5.678100 0.154423
-0.120489 -3.434174 -0.008790 -1.748631 -11.417148 -5.755779 0.157953
-0.169267 -3.426331 -0.056388 -1.882082 -11.370245 -5.832575 0.162111
-0.214105 -3.426514 -0.100587 -2.004914 -11.308070 -5.905074 0.166680
-0.257908 -3.429473 -0.144303 -2.124056 -11.237123 -5.975201 0.171603
-0.308700 -3.424104 -0.194814 -2.255835 -11.182686 -6.049054 0.176981
-0.371365 -3.349062 -0.260359 -2.359236 -11.108096 -6.115238 0.181876
-0.488514 -3.587198 -0.363113 -2.784950 -10.874357 -6.367436 0.163890
-0.435635 -3.410129 -0.323825 -2.586283 -11.057751 -6.231789 0.200539
-0.497167 -3.416511 -0.385081 -2.709524 -11.006952 -6.302397 0.206346
-0.547410 -3.428231 -0.434945 -2.824330 -10.945834 -6.370726 0.212304
-0.596743 -3.443713 -0.483899 -2.934168 -10.883913 -6.437362 0.218345
-0.645280 -3.463459 -0.531907 -3.039944 -10.820751 -6.503153 0.224431
-0.692132 -3.487353 -0.578226 -3.139514 -10.757121 -6.566968 0.230653
-0.737259 -3.515842 -0.622741 -3.233139 -10.692789 -6.629303 0.236992
-0.781089 -3.549378 -0.665796 -3.322186 -10.626905 -6.691349 0.243336
-0.821240 -3.587315 -0.705279 -3.401376 -10.562068 -6.749898 0.250082
-0.859449 -3.630390 -0.742706 -3.474855 -10.496514 -6.807866 0.256932
-0.894717 -3.678422 -0.777152 -3.541057 -10.431076 -6.864394 0.264035
-0.926800 -3.731287 -0.808373 -3.599871 -10.366281 -6.919412 0.271463
-0.955540 -3.788738 -0.836234 -3.651348 -10.302501 -6.972871 0.279278
-0.980996 -3.850519 -0.860815 -3.695957 -10.239900 -7.024917 0.287537
-1.003102 -3.916535 -0.882008 -3.734100 -10.178362 -7.075674 0.296310
-1.021526 -3.986141 -0.899580 -3.765263 -10.118482 -7.124498 0.305723
-1.036514 -4.058950 -0.913778 -3.790140 -10.060253 -7.171487 0.315867
-1.048087 -4.134810 -0.924562 -3.809284 -10.003190 -7.216722 0.326824
-1.056030 -4.212498 -0.931873 -3.822077 -9.948273 -7.259185 0.338814
-1.213397 -4.278754 -1.078006 -4.083726 -9.856471 -7.416836 0.358157
-1.009685 -4.401197 -0.886887 -3.751223 -9.810367 -7.310048 0.365855
-1.034536 -4.458201 -0.910777 -3.785967 -9.805833 -7.353597 0.379398
-1.048156 -4.531665 -0.921373 -3.802667 -9.678497 -7.373792 0.391025
-1.067839 -4.601021 -0.936783 -3.824656 -9.513352 -7.382591 0.401691
-1.083840 -4.666871 -0.949248 -3.839429 -9.355982 -7.384834 0.414194
-1.097075 -4.731288 -0.959292 -3.850261 -9.202278 -7.383103 0.428210
-1.107683 -4.792538 -0.967211 -3.857215 -9.053935 -7.376617 0.443831
-1.115977 -4.850882 -0.973267 -3.861488 -8.909922 -7.366198 0.460855
-1.121765 -4.905488 -0.977388 -3.862920 -8.771196 -7.351618 0.479134
-1.125979 -4.956472 -0.980427 -3.863448 -8.636911 -7.333984 0.498491
-1.128498 -5.003668 -0.982317 -3.863588 -8.507217 -7.314041 0.518566
-1.129787 -5.046894 -0.983544 -3.864345 -8.382465 -7.292598 0.539099
-1.130615 -5.086298 -0.984841 -3.867277 -8.262397 -7.270897 0.559841
-1.131092 -5.122408 -0.986310 -3.873781 -8.146870 -7.251003 0.580168
-1.132029 -5.154915 -0.988787 -3.884583 -8.037007 -7.233453 0.599964
-1.134065 -5.184761 -0.992848 -3.901623 -7.932403 -7.220772 0.618645
-1.137513 -5.211941 -0.998847 -3.925175 -7.834551 -7.213948 0.635854
-1.143543 -5.237636 -1.007838 -3.957498 -7.742949 -7.215557 0.651123
-1.152383 -5.262311 -1.020062 -3.999102 -7.658941 -7.227321 0.663907
-1.165042 -5.286776 -1.036457 -4.050890 -7.582863 -7.250496 0.674037
-1.181768 -5.311649 -1.057258 -4.112853 -7.515794 -7.286205 0.681185
-1.203097 -5.337693 -1.082951 -4.184921 -7.458223 -7.335027 0.685271
-1.229418 -5.365780 -1.113864 -4.267020 -7.410319 -7.397581 0.686206
-1.260548 -5.396102 -1.149816 -4.357246 -7.372716 -7.472496 0.684260
-1.296519 -5.429382 -1.190781 -4.454651 -7.344808 -7.559059 0.679616
-1.336718 -5.465516 -1.236152 -4.556413 -7.326182 -7.654297 0.672821
-1.380351 -5.504435 -1.285130 -4.659787 -7.315668 -7.755040 0.664304
-1.479224 -5.562345 -1.389192 -4.733383 -7.168326 -7.713200 0.718690
-1.461225 -5.576323 -1.377631 -4.865137 -7.323210 -7.977505 0.635563
-7.158163 -7.769697 -7.036289 -12.641046 -13.719845 -14.911903 1.268041
-0.002676 -6.914746 0.001112 -6.357982 -1.864851 -11.607332 1.625852
-1.550281 -5.670649 -1.488943 -4.940623 -7.342466 -8.046074 0.628137
-1.593533 -5.706705 -1.539645 -5.004133 -7.359765 -8.107641 0.606119
-1.620908 -5.740958 -1.575055 -5.026477 -7.348969 -8.120158 0.593171
-1.641247 -5.772002 -1.604020 -5.032592 -7.332037 -8.112444 0.580590
-1.654095 -5.799497 -1.626141 -5.022471 -7.307589 -8.083662 0.569145
-1.659453 -5.823608 -1.641392 -4.998221 -7.274593 -8.035881 0.558903
-1.657219 -5.844251 -1.649668 -4.961127 -7.232797 -7.970644 0.549914
-1.646847 -5.860516 -1.650466 -4.910750 -7.182961 -7.887908 0.542450
-1.630381 -5.875143 -1.645631 -4.853891 -7.122582 -7.794926 0.535784
-1.607217 -5.886729 -1.634636 -4.789127 -7.054079 -7.691160 0.530211
-1.578199 -5.896196 -1.618218 -4.719371 -6.977014 -7.580451 0.525642
-1.544383 -5.904563 -1.597346 -4.647465 -6.891706 -7.466682 0.521964
-1.506695 -5.912634 -1.572863 -4.575771 -6.798770 -7.353433 0.519201
-1.466009 -5.921051 -1.545581 -4.506064 -6.699278 -7.243610 0.517454
-1.423266 -5.930665 -1.516335 -4.440518 -6.594089 -7.140873 0.516870
-1.379613 -5.942588 -1.486193 -4.381331 -6.484184 -7.048695 0.517555
-1.335936 -5.957407 -1.455991 -4.329765 -6.371201 -6.969471 0.519637
-1.293335 -5.976107 -1.426781 -4.287532 -6.256294 -6.905871 0.523207
-1.252691 -5.999407 -1.399408 -4.255842 -6.141056 -6.860107 0.528284
-1.105297 -5.833960 -1.269939 -3.913807 -6.245760 -6.454415 0.517832
-1.147707 -6.007644 -1.321014 -4.130565 -5.936925 -6.702505 0.548763
-1.121154 -6.042858 -1.308033 -4.135269 -5.864096 -6.712113 0.544361
-1.089751 -6.077141 -1.289614 -4.132073 -5.768419 -6.715884 0.551778
-1.061088 -6.113835 -1.273941 -4.134742 -5.679695 -6.729937 0.559406
-1.035016 -6.151978 -1.260950 -4.141461 -5.599047 -6.750914 0.566607
-1.010906 -6.190712 -1.250043 -4.150556 -5.526159 -6.775873 0.573140
-0.988410 -6.228973 -1.240943 -4.160227 -5.461407 -6.801347 0.578494
-0.966949 -6.265769 -1.233106 -4.168777 -5.404300 -6.824209 0.582346
-0.946188 -6.300568 -1.226206 -4.175441 -5.354007 -6.843005 0.584602
-0.925409 -6.332293 -1.219546 -4.178436 -5.310072 -6.854670 0.584986
-0.904472 -6.360839 -1.212972 -4.177736 -5.271210 -6.858947 0.583628
-0.883102 -6.385968 -1.206211 -4.172904 -5.236398 -6.854904 0.580536
-0.860886 -6.407152 -1.198806 -4.163331 -5.204973 -6.841847 0.575767
-0.700777 -6.369364 -1.059417 -3.764828 -5.090570 -6.491969 0.631174
-0.299833 -6.394255 -0.685670 -3.416192 -4.905136 -6.135784 0.693508
-0.790001 -6.451007 -1.173384 -4.112683 -5.120940 -6.759803 0.553947
-0.764956 -6.459792 -1.163753 -4.089772 -5.094100 -6.720963 0.544898
-0.739180 -6.465895 -1.153455 -4.064397 -5.067247 -6.677917 0.535288
-0.713100 -6.470256 -1.142933 -4.037874 -5.039657 -6.632802 0.525503
-0.686577 -6.472763 -1.132006 -4.010124 -5.011451 -6.585934 0.515603
-0.659868 -6.473921 -1.120921 -3.981961 -4.982350 -6.538817 0.505871
-1.477425 -8.324319 -3.826221 -2.345627 -7.083381 -13.236219 1.038376
2.228757 -6.474436 1.359504 -2.897273 -6.660510 -5.298790 1.108062
-0.579089 -6.470741 -1.087033 -3.897341 -4.890059 -6.401199 0.478659
-0.552169 -6.467855 -1.075713 -3.869741 -4.857662 -6.357511 0.470498
-0.525227 -6.463800 -1.064295 -3.842332 -4.824747 -6.314774 0.462804
-0.498320 -6.458729 -1.052848 -3.815182 -4.791207 -6.272721 0.455579
-0.361413 -6.266344 -0.912396 -3.546742 -4.831315 -5.910269 0.398439
-0.409470 -6.384295 -0.986519 -3.681094 -4.695953 -6.056603 0.442536
-0.392551 -6.393452 -0.987625 -3.677413 -4.698235 -6.067182 0.426737
-0.364614 -6.381241 -0.974195 -3.647567 -4.663734 -6.021064 0.420534
-0.336757 -6.367610 -0.960655 -3.617553 -4.628989 -5.974340 0.414737
-0.309039 -6.352597 -0.947056 -3.587405 -4.594061 -5.927014 0.409363
-0.281519 -6.336255 -0.933448 -3.557164 -4.558965 -5.879114 0.404448
-0.254557 -6.319066 -0.920236 -3.527463 -4.523557 -5.831464 0.400164
-0.227858 -6.300556 -0.907061 -3.497644 -4.488279 -5.783380 0.396329
-0.201522 -6.280920 -0.894030 -3.467835 -4.452838 -5.734829 0.393043
-0.175636 -6.260198 -0.881224 -3.438115 -4.417326 -5.686007 0.390334
-0.150232 -6.238464 -0.868680 -3.408500 -4.381797 -5.636948 0.388189
-0.125342 -6.215873 -0.856447 -3.379031 -4.346197 -5.587590 0.386580
-0.100918 -6.192281 -0.844442 -3.349548 -4.310635 -5.537790 0.385467
-0.077021 -6.167630 -0.832703 -3.320051 -4.275188 -5.487685 0.384879
-0.053650 -6.142264 -0.821290 -3.290628 -4.239774 -5.437140 0.384698
-0.030810 -6.116021 -0.810163 -3.261180 -4.204454 -5.386116 0.384916
-0.008415 -6.088925 -0.799239 -3.231581 -4.169299 -5.334413 0.385418
0.013417 -6.061157 -0.788654 -3.202000 -4.134190 -5.282175 0.386222
0.034720 -6.032655 -0.778362 -3.172356 -4.099309 -5.229438 0.387250
0.055512 -6.003548 -0.768364 -3.142655 -4.064638 -5.176136 0.388422
0.075862 -5.973703 -0.758556 -3.112752 -4.030292 -5.122192 0.389676
0.095778 -5.943222 -0.748943 -3.082665 -3.996249 -5.067587 0.390955
0.115231 -5.912183 -0.739559 -3.052446 -3.962518 -5.012422 0.392234
0.134192 -5.880746 -0.730462 -3.022192 -3.929083 -4.956799 0.393470
0.782884 -7.608105 -4.531981 -1.256641 -5.103661 -10.852397 0.387807
1.756863 -5.291012 0.343458 -3.175872 -5.993553 -3.443631 0.884259
0.188550 -5.783703 -0.704315 -2.930638 -3.831262 -4.787296 0.396480
0.205848 -5.750607 -0.695966 -2.899922 -3.799496 -4.730110 0.397177
0.222675 -5.717627 -0.687954 -2.869388 -3.767955 -4.672682 0.397654
0.239151 -5.683889 -0.679954 -2.838558 -3.737056 -4.615192 0.398050
0.255294 -5.650161 -0.672128 -2.807748 -3.706557 -4.557451 0.398159
0.248410 -5.732541 -1.124050 -2.914130 -3.052049 -4.763397 0.267372
0.527475 -5.518526 -0.555222 -2.742735 -4.205333 -4.228539 0.497538
0.301267 -5.548553 -0.649843 -2.715870 -3.617118 -4.384500 0.397544
0.315853 -5.514583 -0.642725 -2.685430 -3.588095 -4.327154 0.397024
0.330064 -5.480699 -0.635789 -2.655166 -3.559389 -4.270039 0.396375
0.343935 -5.446821 -0.628973 -2.625036 -3.531068 -4.213227 0.395598
0.357411 -5.413102 -0.622363 -2.595154 -3.502991 -4.156802 0.394759
0.370520 -5.379613 -0.615942 -2.565561 -3.475198 -4.100821 0.393817
0.383306 -5.346180 -0.609617 -2.536159 -3.447748 -4.045306 0.392802
0.395731 -5.313002 -0.603474 -2.507054 -3.420521 -3.990273 0.391735
0.407833 -5.280018 -0.597457 -2.478216 -3.393586 -3.935771 0.390601
0.419631 -5.247248 -0.591551 -2.449645 -3.366934 -3.881787 0.389389
0.431103 -5.214713 -0.585779 -2.421370 -3.340514 -3.828390 0.388155
0.442268 -5.182470 -0.580139 -2.393418 -3.314355 -3.775598 0.386865
0.453116 -5.150573 -0.574651 -2.365829 -3.288419 -3.723437 0.385531
0.463693 -5.118908 -0.569245 -2.338529 -3.262787 -3.671933 0.384145
0.474039 -5.087455 -0.563879 -2.311482 -3.237513 -3.621029 0.382658
0.484048 -5.056517 -0.558729 -2.284888 -3.212369 -3.570768 0.381138
0.493816 -5.025827 -0.553637 -2.258595 -3.187563 -3.521211 0.379514
0.503327 -4.995454 -0.548639 -2.232612 -3.163011 -3.472269 0.377793
0.512565 -4.965524 -0.543784 -2.207018 -3.138675 -3.423952 0.375950
0.521627 -4.935760 -0.538911 -2.181647 -3.114754 -3.376274 0.373927
0.530414 -4.906402 -0.534175 -2.156626 -3.091031 -3.329217 0.371827
0.538971 -4.877403 -0.529527 -2.131947 -3.067611 -3.282869 0.369606
0.547307 -4.848885 -0.524993 -2.107665 -3.044499 -3.237167 0.367211
0.555457 -4.820617 -0.520478 -2.083664 -3.021770 -3.192195 0.364696
0.563367 -4.792848 -0.516106 -2.060066 -2.999320 -3.147936 0.362094
0.571048 -4.765698 -0.511899 -2.036961 -2.977193 -3.104436 0.359357
0.578593 -4.738597 -0.507624 -2.014046 -2.955589 -3.061856 0.356578
0.585919 -4.712218 -0.503545 -1.991621 -2.934349 -3.019982 0.353680
0.593035 -4.686407 -0.499609 -1.969685 -2.913498 -2.979000 0.350707
0.600028 -4.660941 -0.495683 -1.948089 -2.893213 -2.938904 0.347618
0.606870 -4.636016 -0.491846 -1.926907 -2.873434 -2.899602 0.344409
0.613438 -4.611817 -0.488253 -1.906272 -2.853898 -2.861214 0.341270
0.612414 -4.678633 -0.329627 -1.910714 -2.548952 -2.801518 0.338873
0.646743 -4.741554 -0.423641 -2.028826 -2.737824 -3.346868 0.155889
0.632337 -4.542355 -0.477911 -1.847010 -2.798462 -2.751521 0.331429
0.638349 -4.520322 -0.474646 -1.828136 -2.780965 -2.716699 0.328090
0.644179 -4.498911 -0.471519 -1.809744 -2.763856 -2.682787 0.324810
0.649881 -4.478049 -0.468469 -1.791799 -2.747237 -2.649789 0.321542
0.655418 -4.457868 -0.465561 -1.774354 -2.731015 -2.617645 0.318320
0.660727 -4.437243 -0.462602 -1.756589 -2.714425 -2.585066 0.314710
0.665258 -4.411235 -0.458989 -1.734609 -2.693242 -2.545292 0.308562
0.669654 -4.385913 -0.455460 -1.713132 -2.672663 -2.506603 0.302539
0.673855 -4.361428 -0.452106 -1.692226 -2.652529 -2.468957 0.296707
0.677937 -4.337556 -0.448812 -1.671802 -2.632974 -2.432395 0.291015
0.681906 -4.314300 -0.445570 -1.651825 -2.613990 -2.396839 0.285453
0.718281 -4.086313 -0.441028 -1.617572 -2.825422 -2.069325 0.302948
0.642153 -4.482341 -0.412154 -1.651109 -2.365458 -2.585589 0.254898
0.692870 -4.248739 -0.436518 -1.594776 -2.559602 -2.295899 0.269847
0.696280 -4.228120 -0.433655 -1.576710 -2.542366 -2.264198 0.264960
0.699523 -4.208174 -0.430899 -1.559054 -2.525446 -2.233308 0.260260
0.702622 -4.188867 -0.428242 -1.541840 -2.508851 -2.203264 0.255732
0.705604 -4.170094 -0.425637 -1.525011 -2.492619 -2.174055 0.251350
0.708431 -4.151976 -0.423142 -1.508607 -2.476632 -2.145605 0.247138
0.711145 -4.134368 -0.420697 -1.492572 -2.460960 -2.117925 0.243058
0.713724 -4.117296 -0.418320 -1.476891 -2.445524 -2.090968 0.239131
0.716144 -4.100883 -0.416066 -1.461628 -2.430237 -2.064659 0.235354
0.718480 -4.084828 -0.413810 -1.446651 -2.415250 -2.039052 0.231678
0.720664 -4.069354 -0.411648 -1.432015 -2.400377 -2.014032 0.228140
0.722730 -4.054359 -0.409543 -1.417702 -2.385672 -1.989596 0.224705
0.724678 -4.039797 -0.407479 -1.403669 -2.371109 -1.965722 0.221373
0.726522 -4.025639 -0.405442 -1.389893 -2.356703 -1.942369 0.218120
0.728221 -4.011992 -0.403487 -1.376411 -2.342327 -1.919466 0.214974
0.729815 -3.998735 -0.401568 -1.363182 -2.328046 -1.897010 0.211897
0.731307 -3.985835 -0.399669 -1.350166 -2.313854 -1.874967 0.208879
0.732670 -3.973343 -0.397822 -1.337370 -2.299655 -1.853289 0.205940
0.733924 -3.961224 -0.396012 -1.324787 -2.285477 -1.831941 0.203052
0.735098 -3.949389 -0.394196 -1.312370 -2.271381 -1.810921 0.200193
0.736148 -3.937951 -0.392429 -1.300156 -2.257246 -1.790197 0.197410
0.737093 -3.926855 -0.390694 -1.288137 -2.243109 -1.769801 0.194714
0.737964 -3.916064 -0.388963 -1.276307 -2.229060 -1.749749 0.192086
0.738728 -3.905655 -0.387272 -1.264687 -2.215014 -1.730043 0.189570
0.739387 -3.895624 -0.385630 -1.253291 -2.200979 -1.710703 0.187179
0.739945 -3.885981 -0.384040 -1.242130 -2.186966 -1.691734 0.184912
0.740470 -3.876594 -0.382430 -1.231155 -2.173163 -1.673165 0.182706
0.740879 -3.867643 -0.380881 -1.220413 -2.159355 -1.654969 0.180628
0.741222 -3.859018 -0.379355 -1.209885 -2.145670 -1.637166 0.178635
0.741557 -3.850608 -0.377778 -1.199517 -2.132274 -1.619778 0.176663
0.741680 -3.842888 -0.376382 -1.189483 -2.118600 -1.602684 0.174885
0.741829 -3.835262 -0.374933 -1.179606 -2.105270 -1.586006 0.173117
0.742024 -3.827211 -0.373190 -1.169435 -2.092451 -1.570211 0.171332
0.741821 -3.821638 -0.372173 -1.160637 -2.078695 -1.553659 0.169807
0.741848 -3.814621 -0.370757 -1.151317 -2.065851 -1.538020 0.168211
0.741718 -3.808420 -0.369403 -1.142289 -2.052890 -1.522734 0.166705
0.741552 -3.802463 -0.368043 -1.133439 -2.040094 -1.507805 0.165246
0.741327 -3.796834 -0.366696 -1.124791 -2.027401 -1.493212 0.163843
0.741023 -3.791609 -0.365406 -1.116397 -2.014732 -1.478891 0.162518
0.740710 -3.786481 -0.364060 -1.108097 -2.002303 -1.464987 0.161215
0.740309 -3.781815 -0.362766 -1.100055 -1.989875 -1.451357 0.159987
0.739858 -3.777416 -0.361496 -1.092207 -1.977537 -1.438024 0.158817
0.739379 -3.773252 -0.360215 -1.084530 -1.965360 -1.425006 0.157681
0.738845 -3.769384 -0.358946 -1.077035 -1.953267 -1.412297 0.156594
0.738254 -3.765815 -0.357701 -1.069735 -1.941240 -1.399869 0.155561
0.737621 -3.762505 -0.356471 -1.062617 -1.929310 -1.387722 0.154574
0.736958 -3.759421 -0.355234 -1.055659 -1.917521 -1.375867 0.153617
0.736243 -3.756612 -0.354013 -1.048875 -1.905804 -1.364294 0.152705
0.735486 -3.754060 -0.352808 -1.042268 -1.894175 -1.352979 0.151835
0.734743 -3.751631 -0.351548 -1.035772 -1.882814 -1.341981 0.150956
0.733868 -3.749659 -0.350389 -1.029517 -1.871265 -1.331192 0.150182
0.733020 -3.747757 -0.349202 -1.023389 -1.859982 -1.320646 0.149410
0.732124 -3.746104 -0.348021 -1.017407 -1.848769 -1.310371 0.148671
0.731195 -3.744676 -0.346849 -1.011585 -1.837653 -1.300333 0.147964
0.730241 -3.743437 -0.345676 -1.005899 -1.826656 -1.290543 0.147282
0.729248 -3.742423 -0.344519 -1.000365 -1.815733 -1.280984 0.146633
0.728196 -3.741952 -0.343280 -0.995344 -1.804865 -1.271110 0.146121
0.727196 -3.741012 -0.342225 -0.989715 -1.794223 -1.262499 0.145432
0.726114 -3.740516 -0.341089 -0.984604 -1.783575 -1.253623 0.144845
0.725038 -3.740195 -0.339939 -0.979596 -1.773120 -1.244952 0.144283
0.723914 -3.740118 -0.338817 -0.974742 -1.762685 -1.236472 0.143760
0.722778 -3.740174 -0.337698 -0.970006 -1.752376 -1.228189 0.143255
0.721627 -3.740382 -0.336577 -0.965385 -1.742190 -1.220115 0.142764
0.720449 -3.740768 -0.335470 -0.960892 -1.732078 -1.212227 0.142299
0.719251 -3.741299 -0.334376 -0.956517 -1.722054 -1.204517 0.141857
0.718043 -3.741961 -0.333282 -0.952249 -1.712153 -1.196993 0.141428
0.716822 -3.742763 -0.332188 -0.948090 -1.702366 -1.189656 0.141011
0.715584 -3.743709 -0.331104 -0.944041 -1.692670 -1.182491 0.140613
0.714330 -3.744787 -0.330033 -0.940100 -1.683061 -1.175489 0.140234
0.713068 -3.745981 -0.328965 -0.936260 -1.673567 -1.168650 0.139869
0.711793 -3.747298 -0.327905 -0.932520 -1.664170 -1.161972 0.139518
0.710511 -3.748726 -0.326849 -0.928876 -1.654884 -1.155454 0.139178
7.382484 -6.942190 -11.249042 0.887617 -22.694302 -8.220360 -0.247154
0.719844 -3.789610 -0.294408 -0.965478 -1.595576 -1.264374 0.103279
0.706610 -3.753671 -0.323736 -0.918510 -1.627604 -1.136778 0.138243
0.705297 -3.755518 -0.322714 -0.915232 -1.618711 -1.130838 0.137955
0.703978 -3.757460 -0.321702 -0.912042 -1.609917 -1.125031 0.137680
0.702662 -3.759482 -0.320688 -0.908926 -1.601252 -1.119373 0.137407
0.701336 -3.761610 -0.319689 -0.905905 -1.592661 -1.113830 0.137152
0.700008 -3.763808 -0.318700 -0.902957 -1.584171 -1.108411 0.136906
0.697638 -3.767878 -0.319817 -0.902971 -1.569746 -1.097365 0.138987
0.697877 -3.764837 -0.316468 -0.895557 -1.569298 -1.098234 0.136031
0.696131 -3.771282 -0.315341 -0.894218 -1.560217 -1.094084 0.135753
0.694559 -3.773881 -0.314743 -0.891766 -1.551093 -1.088566 0.135843
0.693497 -3.775893 -0.313556 -0.888932 -1.544074 -1.084033 0.135432
0.692114 -3.778884 -0.312621 -0.886566 -1.536048 -1.079340 0.135252
0.690797 -3.781544 -0.311703 -0.884139 -1.528269 -1.074688 0.135077
0.689476 -3.784274 -0.310800 -0.881782 -1.520561 -1.070129 0.134915
0.688155 -3.787048 -0.309917 -0.879495 -1.512918 -1.065636 0.134773
0.686867 -3.789848 -0.308997 -0.877226 -1.505519 -1.061339 0.134590
0.685540 -3.792764 -0.308138 -0.875070 -1.498025 -1.057041 0.134465
0.684239 -3.795646 -0.307277 -0.872939 -1.490693 -1.052842 0.134335
0.682943 -3.798588 -0.306418 -0.870864 -1.483466 -1.048750 0.134205
0.681652 -3.801576 -0.305571 -0.868850 -1.476320 -1.044736 0.134084
0.680364 -3.804594 -0.304736 -0.866884 -1.469259 -1.040803 0.133971
13.847227 -13.868422 -34.575437 22.716325 26.472245 -22.707683 -6.867362
0.723631 -3.837663 -0.269147 -0.989980 -1.581441 -1.121915 -0.048031
0.676549 -3.813834 -0.302282 -0.861282 -1.448639 -1.029486 0.133660
0.675289 -3.816972 -0.301485 -0.859511 -1.441935 -1.025863 0.133569
0.679415 -3.875314 -0.305639 -0.903061 -1.452023 -1.012623 0.134418
0.674245 -3.837211 -0.301247 -0.867098 -1.433179 -1.016984 0.133650
0.671558 -3.826514 -0.299156 -0.854464 -1.422335 -1.015413 0.133333
0.670341 -3.829727 -0.298387 -0.852856 -1.416018 -1.012089 0.133252
0.669121 -3.832974 -0.297640 -0.851303 -1.409738 -1.008809 0.133188
0.667991 -3.836320 -0.296976 -0.849828 -1.403615 -1.005634 0.133128
0.666725 -3.839491 -0.296173 -0.848282 -1.397473 -1.002481 0.133071
0.665527 -3.842758 -0.295454 -0.846858 -1.391428 -0.999351 0.133020
0.664352 -3.846043 -0.294739 -0.845448 -1.385509 -0.996329 0.132967
0.663181 -3.849340 -0.294042 -0.844079 -1.379642 -0.993351 0.132926
0.662024 -3.852639 -0.293350 -0.842741 -1.373874 -0.990435 0.132886
0.660876 -3.855948 -0.292668 -0.841438 -1.368179 -0.987574 0.132849
0.659738 -3.859259 -0.291997 -0.840169 -1.362561 -0.984763 0.132818
0.814731 -4.002966 -0.150699 0.153385 -2.222980 -1.713589 0.249856
0.678412 -3.876920 -0.298180 -0.759946 -1.408064 -0.993922 0.140939
0.656386 -3.869205 -0.290040 -0.836551 -1.346165 -0.976631 0.132750
0.655289 -3.872522 -0.289407 -0.835406 -1.340848 -0.974018 0.132735
0.654204 -3.875839 -0.288781 -0.834289 -1.335613 -0.971455 0.132721
0.653129 -3.879155 -0.288164 -0.833201 -1.330446 -0.968936 0.132712
0.652064 -3.882463 -0.287559 -0.832141 -1.325344 -0.966456 0.132709
0.651010 -3.885766 -0.286962 -0.831106 -1.320320 -0.964024 0.132706
0.649966 -3.889065 -0.286375 -0.830100 -1.315359 -0.961629 0.132710
0.648934 -3.892357 -0.285795 -0.829117 -1.310473 -0.959278 0.132715
0.647913 -3.895645 -0.285224 -0.828160 -1.305657 -0.956969 0.132722
0.646901 -3.898920 -0.284664 -0.827228 -1.300899 -0.954693 0.132736
0.645901 -3.902188 -0.284111 -0.826318 -1.296215 -0.952460 0.132749
0.644913 -3.905451 -0.283565 -0.825433 -1.291602 -0.950267 0.132764
0.643934 -3.908701 -0.283030 -0.824571 -1.287046 -0.948106 0.132785
0.642966 -3.911940 -0.282502 -0.823730 -1.282558 -0.945982 0.132807
0.642007 -3.915164 -0.281985 -0.822910 -1.278124 -0.943886 0.132834
0.641062 -3.918378 -0.281474 -0.822111 -1.273763 -0.941830 0.132861
0.640126 -3.921583 -0.280970 -0.821334 -1.269464 -0.939808 0.132891
0.640929 -3.930406 -0.277961 -0.820790 -1.275243 -0.944458 0.129695
0.638437 -3.931733 -0.279363 -0.821014 -1.262740 -0.937801 0.132268
0.637757 -3.932668 -0.278985 -0.819454 -1.259151 -0.935481 0.132337
0.636890 -3.935881 -0.278494 -0.818787 -1.255223 -0.933654 0.132350
0.636033 -3.939082 -0.278011 -0.818141 -1.251357 -0.931859 0.132364
0.635189 -3.942272 -0.277533 -0.817513 -1.247557 -0.930097 0.132379
0.634355 -3.945444 -0.277065 -0.816905 -1.243810 -0.928361 0.132397
0.633528 -3.948587 -0.276609 -0.816316 -1.240098 -0.926635 0.132426
0.632726 -3.951757 -0.276142 -0.815740 -1.236528 -0.924993 0.132427
0.631917 -3.954872 -0.275704 -0.815191 -1.232915 -0.923318 0.132462
0.631125 -3.957965 -0.275267 -0.814650 -1.229390 -0.921682 0.132490
0.630347 -3.961058 -0.274833 -0.814129 -1.225935 -0.920083 0.132514
0.629574 -3.964122 -0.274411 -0.813626 -1.222507 -0.918493 0.132549
0.628816 -3.967175 -0.273992 -0.813136 -1.219157 -0.916941 0.132577
0.628064 -3.970203 -0.273584 -0.812664 -1.215838 -0.915401 0.132614
0.627362 -3.973368 -0.273211 -0.812316 -1.212644 -0.913734 0.132618
0.626600 -3.976224 -0.272782 -0.811760 -1.209398 -0.912406 0.132677
0.625879 -3.979193 -0.272391 -0.811332 -1.206235 -0.910944 0.132716
0.625169 -3.982144 -0.272008 -0.810916 -1.203128 -0.909499 0.132756
0.624470 -3.985074 -0.271633 -0.810513 -1.200070 -0.908074 0.132797
0.623781 -3.987984 -0.271264 -0.810123 -1.197062 -0.906671 0.132839
0.622614 -3.988720 -0.271532 -0.809971 -1.190700 -0.903034 0.134321
0.622553 -3.993534 -0.270446 -0.809043 -1.191883 -0.904224 0.132663
0.621849 -3.997202 -0.270065 -0.809048 -1.188924 -0.903014 0.132691
0.621198 -4.000006 -0.269727 -0.808716 -1.186091 -0.901676 0.132750
0.620559 -4.002799 -0.269392 -0.808396 -1.183319 -0.900365 0.132804
0.619926 -4.005562 -0.269066 -0.808090 -1.180570 -0.899060 0.132867
0.619302 -4.008299 -0.268747 -0.807794 -1.177863 -0.897771 0.132932
0.618691 -4.011034 -0.268428 -0.807507 -1.175224 -0.896516 0.132986
0.618085 -4.013740 -0.268118 -0.807236 -1.172606 -0.895265 0.133050
0.617487 -4.016415 -0.267815 -0.806972 -1.170021 -0.894026 0.133118
0.616898 -4.019072 -0.267517 -0.806719 -1.167482 -0.892806 0.133185
0.616318 -4.021711 -0.267223 -0.806477 -1.164983 -0.891604 0.133253
0.615748 -4.024336 -0.266933 -0.806246 -1.162532 -0.890422 0.133318
0.615184 -4.026931 -0.266651 -0.806025 -1.160105 -0.889247 0.133388
0.614628 -4.029505 -0.266373 -0.805812 -1.157720 -0.888089 0.133458
0.614080 -4.032057 -0.266100 -0.805610 -1.155369 -0.886944 0.133530
0.613540 -4.034586 -0.265833 -0.805416 -1.153052 -0.885812 0.133603
0.613009 -4.037099 -0.265570 -0.805231 -1.150778 -0.884698 0.133675
0.612483 -4.039582 -0.265313 -0.805055 -1.148527 -0.883590 0.133751
0.611967 -4.042051 -0.265059 -0.804888 -1.146323 -0.882503 0.133825
0.611458 -4.044498 -0.264811 -0.804729 -1.144147 -0.881426 0.133900
0.610956 -4.046918 -0.264568 -0.804579 -1.142000 -0.880359 0.133978
0.610462 -4.049325 -0.264327 -0.804436 -1.139897 -0.879311 0.134053
0.609974 -4.051705 -0.264093 -0.804302 -1.137817 -0.878269 0.134132
0.609494 -4.054063 -0.263863 -0.804175 -1.135769 -0.877241 0.134211
0.609020 -4.056402 -0.263637 -0.804055 -1.133755 -0.876225 0.134290
0.608554 -4.058718 -0.263416 -0.803943 -1.131769 -0.875220 0.134371
0.608094 -4.061012 -0.263198 -0.803837 -1.129813 -0.874225 0.134453
0.607641 -4.063288 -0.262985 -0.803739 -1.127890 -0.873244 0.134533
0.607194 -4.065541 -0.262775 -0.803647 -1.125994 -0.872273 0.134616
0.606755 -4.067775 -0.262570 -0.803562 -1.124127 -0.871313 0.134698
0.606320 -4.069983 -0.262369 -0.803483 -1.122284 -0.870361 0.134783
0.605894 -4.072176 -0.262171 -0.803411 -1.120476 -0.869423 0.134866
0.605472 -4.074344 -0.261978 -0.803345 -1.118689 -0.868492 0.134951
0.605058 -4.076495 -0.261788 -0.803284 -1.116934 -0.867575 0.135035
0.604649 -4.078625 -0.261601 -0.803230 -1.115203 -0.866666 0.135120
0.603913 -4.078859 -0.261782 -0.803152 -1.111181 -0.864469 0.136273
0.603921 -4.082956 -0.261172 -0.803012 -1.112281 -0.865092 0.135086
0.603514 -4.085342 -0.260990 -0.803133 -1.110579 -0.864235 0.135172
0.603127 -4.087364 -0.260821 -0.803099 -1.108937 -0.863357 0.135268
0.602748 -4.089374 -0.260655 -0.803071 -1.107328 -0.862492 0.135361
0.602372 -4.091355 -0.260493 -0.803046 -1.105732 -0.861632 0.135457
0.602003 -4.093323 -0.260333 -0.803026 -1.104169 -0.860786 0.135551
0.601639 -4.095266 -0.260178 -0.803010 -1.102621 -0.859945 0.135648
0.601281 -4.097196 -0.260024 -0.802999 -1.101105 -0.859117 0.135741
0.600927 -4.099099 -0.259875 -0.802992 -1.099603 -0.858293 0.135839
0.600578 -4.100981 -0.259730 -0.802989 -1.098120 -0.857475 0.135937
0.600235 -4.102851 -0.259586 -0.802990 -1.096667 -0.856671 0.136033
0.599897 -4.104700 -0.259445 -0.802995 -1.095232 -0.855873 0.136131
0.599562 -4.106526 -0.259308 -0.803004 -1.093813 -0.855080 0.136230
0.599234 -4.108337 -0.259173 -0.803016 -1.092419 -0.854298 0.136328
0.599625 -4.114397 -0.258299 -0.803666 -1.095642 -0.855998 0.134619
0.598726 -4.113141 -0.258754 -0.803405 -1.090617 -0.853322 0.136158
0.006425 -4.149609 -0.367054 -2.245577 1.012872 -1.650152 1.992560
0.594638 -4.119649 -0.255037 -0.832262 -1.059534 -0.868696 0.162858
0.597839 -4.118042 -0.258379 -0.803331 -1.086848 -0.851109 0.136425
0.597548 -4.119778 -0.258254 -0.803373 -1.085629 -0.850405 0.136506
0.597263 -4.121502 -0.258129 -0.803421 -1.084435 -0.849711 0.136585
0.596977 -4.123179 -0.258013 -0.803467 -1.083227 -0.849009 0.136676
0.596699 -4.124856 -0.257895 -0.803518 -1.082060 -0.848324 0.136759
0.596425 -4.126515 -0.257780 -0.803572 -1.080908 -0.847647 0.136842
0.596154 -4.128151 -0.257668 -0.803628 -1.079768 -0.846973 0.136928
0.595888 -4.129776 -0.257557 -0.803687 -1.078653 -0.846310 0.137010
0.595625 -4.131377 -0.257449 -0.803748 -1.077546 -0.845650 0.137096
0.595367 -4.132963 -0.257344 -0.803811 -1.076460 -0.844999 0.137181
0.595112 -4.134532 -0.257240 -0.803876 -1.075389 -0.844354 0.137266
0.594861 -4.136083 -0.257138 -0.803943 -1.074334 -0.843716 0.137351
0.594616 -4.137626 -0.257038 -0.804013 -1.073304 -0.843090 0.137431
0.594371 -4.139138 -0.256941 -0.804083 -1.072272 -0.842461 0.137520
0.594131 -4.140635 -0.256846 -0.804156 -1.071259 -0.841841 0.137607
0.593895 -4.142123 -0.256752 -0.804230 -1.070270 -0.841232 0.137689
0.593662 -4.143590 -0.256661 -0.804307 -1.069288 -0.840626 0.137775
0.593433 -4.145043 -0.256571 -0.804384 -1.068324 -0.840028 0.137859
0.593208 -4.146480 -0.256483 -0.804464 -1.067374 -0.839435 0.137944
0.592985 -4.147899 -0.256396 -0.804544 -1.066437 -0.838849 0.138029
0.592767 -4.149307 -0.256311 -0.804627 -1.065517 -0.838270 0.138111
0.592550 -4.150691 -0.256229 -0.804709 -1.064603 -0.837694 0.138198
0.592338 -4.152067 -0.256148 -0.804794 -1.063710 -0.837127 0.138280
0.592128 -4.153423 -0.256069 -0.804880 -1.062825 -0.836564 0.138365
0.591922 -4.154766 -0.255991 -0.804966 -1.061955 -0.836008 0.138449
0.591719 -4.156093 -0.255915 -0.805054 -1.061097 -0.835457 0.138533
0.591549 -4.157460 -0.255871 -0.805167 -1.060283 -0.834906 0.138620
0.591322 -4.158702 -0.255767 -0.805232 -1.059419 -0.834374 0.138700
0.591126 -4.159982 -0.255696 -0.805322 -1.058594 -0.833838 0.138785
0.545616 -3.492355 -0.303162 -0.370192 -1.124449 0.544964 0.563572
0.590475 -4.161564 -0.256239 -0.805254 -1.057294 -0.826762 0.140713
0.590560 -4.163741 -0.255490 -0.805597 -1.056199 -0.832270 0.139034
0.590837 -4.167970 -0.254998 -0.806179 -1.058425 -0.833151 0.137791
0.590291 -4.166910 -0.255273 -0.805976 -1.055281 -0.831561 0.138931
0.590123 -4.167968 -0.255211 -0.806000 -1.054568 -0.831068 0.139010
0.589955 -4.169174 -0.255146 -0.806101 -1.053862 -0.830590 0.139079
0.589788 -4.170363 -0.255082 -0.806203 -1.053164 -0.830116 0.139150
0.589624 -4.171540 -0.255020 -0.806306 -1.052479 -0.829648 0.139219
0.589463 -4.172701 -0.254959 -0.806408 -1.051802 -0.829184 0.139289
0.589304 -4.173850 -0.254899 -0.806512 -1.051137 -0.828727 0.139359
0.589148 -4.174987 -0.254840 -0.806615 -1.050484 -0.828275 0.139427
0.588994 -4.176107 -0.254783 -0.806719 -1.049837 -0.827826 0.139497
0.588842 -4.177218 -0.254726 -0.806823 -1.049203 -0.827384 0.139565
0.588693 -4.178314 -0.254671 -0.806928 -1.048577 -0.826946 0.139633
0.588547 -4.179397 -0.254617 -0.807032 -1.047961 -0.826513 0.139701
0.588402 -4.180469 -0.254563 -0.807136 -1.047357 -0.826087 0.139767
0.588260 -4.181523 -0.254512 -0.807240 -1.046758 -0.825663 0.139836
0.588120 -4.182570 -0.254460 -0.807344 -1.046172 -0.825247 0.139901
0.587982 -4.183601 -0.254411 -0.807448 -1.045592 -0.824833 0.139969
0.587847 -4.184621 -0.254362 -0.807552 -1.045024 -0.824425 0.140035
0.587714 -4.185631 -0.254314 -0.807657 -1.044465 -0.824022 0.140100
0.587582 -4.186627 -0.254267 -0.807762 -1.043913 -0.823623 0.140166
0.587453 -4.187611 -0.254221 -0.807866 -1.043369 -0.823228 0.140232
0.587327 -4.188587 -0.254176 -0.807971 -1.042837 -0.822839 0.140295
0.587201 -4.189547 -0.254132 -0.808075 -1.042309 -0.822453 0.140361
0.587078 -4.190497 -0.254089 -0.808179 -1.041790 -0.822072 0.140425
0.586969 -4.191459 -0.254057 -0.808298 -1.041294 -0.821683 0.140491
0.586838 -4.192363 -0.254005 -0.808387 -1.040778 -0.821323 0.140553
0.586720 -4.193276 -0.253965 -0.808490 -1.040278 -0.820952 0.140618
0.586604 -4.194183 -0.253925 -0.808594 -1.039792 -0.820589 0.140681
0.586491 -4.195079 -0.253886 -0.808697 -1.039313 -0.820230 0.140743
0.586379 -4.195961 -0.253848 -0.808800 -1.038839 -0.819874 0.140806
0.586269 -4.196836 -0.253811 -0.808903 -1.038374 -0.819522 0.140868
0.586159 -4.197689 -0.253775 -0.809004 -1.037907 -0.819171 0.140934
0.586053 -4.198548 -0.253738 -0.809107 -1.037462 -0.818830 0.140992
0.585948 -4.199391 -0.253703 -0.809209 -1.037018 -0.818491 0.141052
0.585844 -4.200221 -0.253669 -0.809310 -1.036578 -0.818154 0.141113
0.585742 -4.201043 -0.253635 -0.809410 -1.036148 -0.817823 0.141173
0.585642 -4.201856 -0.253601 -0.809511 -1.035724 -0.817496 0.141232
0.585543 -4.202655 -0.253569 -0.809610 -1.035305 -0.817171 0.141292
0.585446 -4.203448 -0.253537 -0.809710 -1.034893 -0.816851 0.141351
0.585350 -4.204228 -0.253507 -0.809809 -1.034487 -0.816534 0.141410
0.585256 -4.205002 -0.253476 -0.809907 -1.034089 -0.816222 0.141468
0.585163 -4.205763 -0.253447 -0.810005 -1.033694 -0.815912 0.141527
0.585072 -4.206517 -0.253417 -0.810103 -1.033308 -0.815606 0.141584
0.584983 -4.207262 -0.253389 -0.810200 -1.032927 -0.815304 0.141641
0.584894 -4.207996 -0.253361 -0.810297 -1.032550 -0.815005 0.141699
0.584808 -4.208723 -0.253333 -0.810393 -1.032181 -0.814710 0.141755
0.584722 -4.209440 -0.253307 -0.810489 -1.031816 -0.814418 0.141812
0.584638 -4.210149 -0.253280 -0.810584 -1.031458 -0.814130 0.141868
0.584555 -4.210849 -0.253255 -0.810679 -1.031105 -0.813845 0.141923
0.584473 -4.211538 -0.253230 -0.810773 -1.030755 -0.813562 0.141979
0.584393 -4.212221 -0.253205 -0.810867 -1.030414 -0.813284 0.142034
0.584314 -4.212894 -0.253181 -0.810960 -1.030075 -0.813009 0.142089
0.584236 -4.213559 -0.253157 -0.811052 -1.029742 -0.812737 0.142143
0.584159 -4.214218 -0.253134 -0.811145 -1.029416 -0.812468 0.142196
0.584084 -4.214866 -0.253112 -0.811236 -1.029092 -0.812202 0.142250
0.584010 -4.215507 -0.253089 -0.811327 -1.028775 -0.811939 0.142304
0.583936 -4.216140 -0.253068 -0.811417 -1.028461 -0.811680 0.142357
0.583865 -4.216766 -0.253046 -0.811507 -1.028154 -0.811423 0.142409
0.583794 -4.217384 -0.253026 -0.811596 -1.027851 -0.811170 0.142460
0.583724 -4.217992 -0.253006 -0.811685 -1.027550 -0.810919 0.142513
0.583656 -4.218596 -0.252985 -0.811773 -1.027257 -0.810671 0.142564
0.583588 -4.219191 -0.252966 -0.811861 -1.026967 -0.810427 0.142615
0.583521 -4.219778 -0.252947 -0.811947 -1.026680 -0.810184 0.142666
0.583456 -4.220358 -0.252928 -0.812034 -1.026399 -0.809945 0.142716
0.583392 -4.220930 -0.252910 -0.812119 -1.026121 -0.809708 0.142767
0.583328 -4.221497 -0.252892 -0.812205 -1.025850 -0.809476 0.142815
0.583266 -4.222054 -0.252875 -0.812289 -1.025579 -0.809244 0.142865
0.583204 -4.222605 -0.252857 -0.812373 -1.025314 -0.809016 0.142914
0.583144 -4.223149 -0.252841 -0.812456 -1.025053 -0.808791 0.142962
0.583084 -4.223686 -0.252824 -0.812538 -1.024796 -0.808568 0.143011
0.583026 -4.224216 -0.252808 -0.812620 -1.024543 -0.808349 0.143059
0.582968 -4.224740 -0.252792 -0.812701 -1.024293 -0.808131 0.143106
0.582911 -4.225257 -0.252777 -0.812781 -1.024048 -0.807916 0.143153
0.582855 -4.225767 -0.252762 -0.812861 -1.023805 -0.807704 0.143200
0.582800 -4.226271 -0.252748 -0.812941 -1.023567 -0.807494 0.143246
0.582746 -4.226768 -0.252733 -0.813020 -1.023332 -0.807286 0.143293
0.582693 -4.227260 -0.252719 -0.813098 -1.023101 -0.807081 0.143339
0.582640 -4.227746 -0.252705 -0.813176 -1.022874 -0.806879 0.143384
0.582589 -4.228226 -0.252692 -0.813253 -1.022650 -0.806679 0.143429
0.582538 -4.228697 -0.252679 -0.813329 -1.022428 -0.806480 0.143475
0.582488 -4.229165 -0.252666 -0.813405 -1.022210 -0.806285 0.143519
0.582438 -4.229642 -0.252652 -0.813490 -1.021996 -0.806077 0.143566
0.582390 -4.230081 -0.252641 -0.813554 -1.021785 -0.805901 0.143606
0.582342 -4.230530 -0.252629 -0.813628 -1.021577 -0.805713 0.143650
0.582224 -4.230262 -0.252619 -0.813051 -1.020945 -0.804144 0.144176
0.582249 -4.231411 -0.252606 -0.813773 -1.021170 -0.805342 0.143736
0.582204 -4.231842 -0.252594 -0.813845 -1.020970 -0.805160 0.143778
0.582159 -4.232269 -0.252583 -0.813917 -1.020775 -0.804980 0.143820
0.582115 -4.232691 -0.252573 -0.813988 -1.020581 -0.804802 0.143862
0.582072 -4.233107 -0.252562 -0.814058 -1.020392 -0.804626 0.143904
0.582029 -4.233518 -0.252552 -0.814128 -1.020204 -0.804453 0.143945
0.581987 -4.233923 -0.252542 -0.814197 -1.020020 -0.804281 0.143986
0.581946 -4.234324 -0.252532 -0.814266 -1.019838 -0.804111 0.144027
0.581905 -4.234719 -0.252523 -0.814334 -1.019659 -0.803943 0.144067
0.581865 -4.235108 -0.252513 -0.814401 -1.019482 -0.803777 0.144108
0.581825 -4.235495 -0.252504 -0.814468 -1.019309 -0.803614 0.144146
0.581786 -4.235874 -0.252495 -0.814534 -1.019137 -0.803452 0.144186
0.581748 -4.236250 -0.252486 -0.814600 -1.018969 -0.803292 0.144225
0.581710 -4.236620 -0.252478 -0.814665 -1.018802 -0.803134 0.144264
0.581673 -4.236986 -0.252469 -0.814730 -1.018638 -0.802978 0.144302
0.581637 -4.237348 -0.252461 -0.814794 -1.018478 -0.802824 0.144340
0.581601 -4.237705 -0.252453 -0.814857 -1.018319 -0.802671 0.144378
0.581566 -4.238058 -0.252445 -0.814920 -1.018163 -0.802520 0.144415
0.581531 -4.238406 -0.252438 -0.814983 -1.018008 -0.802371 0.144453
0.581497 -4.238751 -0.252430 -0.815046 -1.017858 -0.802225 0.144489
0.581464 -4.239092 -0.252422 -0.815107 -1.017711 -0.802080 0.144525
0.581431 -4.239428 -0.252415 -0.815169 -1.017565 -0.801938 0.144561
0.581399 -4.239760 -0.252408 -0.815229 -1.017421 -0.801796 0.144596
0.581367 -4.240087 -0.252401 -0.815289 -1.017280 -0.801657 0.144632
0.581335 -4.240409 -0.252394 -0.815349 -1.017140 -0.801519 0.144667
0.581304 -4.240727 -0.252388 -0.815407 -1.017002 -0.801382 0.144701
0.581274 -4.241041 -0.252381 -0.815465 -1.016866 -0.801248 0.144736
0.581244 -4.241350 -0.252375 -0.815522 -1.016732 -0.801114 0.144770
0.581214 -4.241654 -0.252369 -0.815579 -1.016599 -0.800982 0.144804
0.581185 -4.241954 -0.252363 -0.815635 -1.016468 -0.800851 0.144838
0.581156 -4.242250 -0.252358 -0.815690 -1.016338 -0.800722 0.144872
0.581127 -4.242541 -0.252352 -0.815744 -1.016209 -0.800594 0.144905
0.581099 -4.242828 -0.252347 -0.815798 -1.016082 -0.800467 0.144939
0.581071 -4.243110 -0.252342 -0.815851 -1.015956 -0.800342 0.144972
0.581043 -4.243388 -0.252337 -0.815903 -1.015832 -0.800218 0.145005
0.581016 -4.243661 -0.252333 -0.815954 -1.015708 -0.800094 0.145038
0.580989 -4.243930 -0.252328 -0.816004 -1.015585 -0.799972 0.145071
0.580962 -4.244195 -0.252324 -0.816054 -1.015463 -0.799851 0.145104
0.580936 -4.244455 -0.252320 -0.816102 -1.015342 -0.799731 0.145136
0.580909 -4.244711 -0.252316 -0.816150 -1.015222 -0.799612 0.145169
0.580883 -4.244962 -0.252313 -0.816197 -1.015103 -0.799494 0.145201
0.580857 -4.245209 -0.252309 -0.816243 -1.014984 -0.799377 0.145234
0.580832 -4.245452 -0.252306 -0.816288 -1.014865 -0.799261 0.145266
0.582472 -4.259514 -0.250488 -0.817682 -1.026955 -0.802984 0.135677
