-0.503723 -0.473593 -0.011419 4.222460 10.084598 2.540761 0.501926
-0.471024 -0.360503 0.019399 4.000197 10.189055 2.390478 0.463621
-0.430443 -0.244732 0.058146 3.783288 10.284930 2.241610 0.420994
-0.387807 -0.129387 0.098714 3.570044 10.370591 2.095521 0.375625
-0.343001 -0.014436 0.141194 3.360308 10.445614 1.952213 0.327466
-0.295913 0.100165 0.185676 3.153937 10.509589 1.811686 0.276462
-0.246434 0.214467 0.232248 2.950794 10.562119 1.673945 0.222546
-0.194459 0.328527 0.280997 2.750764 10.602821 1.538997 0.165641
-0.139881 0.442409 0.332011 2.553741 10.631314 1.406860 0.105659
-0.082595 0.556183 0.385381 2.359641 10.647224 1.277559 0.042505
-0.026108 0.654788 0.438023 2.177014 10.655372 1.149590 -0.020284
-0.075380 0.313070 0.397211 2.244115 10.812405 0.977769 0.023777
-0.110645 -0.021494 0.368955 2.332100 10.930422 0.824788 0.049118
-0.150869 -0.347611 0.335792 2.411851 11.056432 0.672030 0.076256
-0.208036 -0.628328 0.286466 2.454799 11.212694 0.516083 0.100094
-0.252733 -0.889867 0.247995 2.478114 11.352975 0.361230 0.130738
-0.302613 -1.127555 0.204431 2.479553 11.507002 0.204743 0.163224
-0.355303 -1.339139 0.157928 2.457616 11.672182 0.046933 0.197700
-0.410679 -1.521010 0.108577 2.410343 11.849237 -0.112020 0.233152
-0.466494 -1.672462 0.058422 2.337279 12.036000 -0.272014 0.269702
-0.522083 -1.791207 0.008028 2.238865 12.230586 -0.431906 0.305406
-0.575699 -1.876273 -0.041047 2.115754 12.429433 -0.590786 0.339207
-0.625545 -1.927898 -0.087179 1.969668 12.628294 -0.747577 0.369999
-0.669867 -1.947486 -0.128774 1.803284 12.822466 -0.901095 0.396679
-0.707054 -1.937451 -0.164349 1.620034 13.007060 -1.050106 0.418199
-0.810077 -1.768135 -0.255557 1.107084 13.529787 -1.344104 0.500993
-0.811485 -1.740390 -0.263596 1.051505 13.518241 -1.395642 0.483439
-0.783068 -1.734079 -0.243952 0.993197 13.462610 -1.449556 0.450090
-0.797008 -1.974646 -0.265762 1.107982 13.369997 -1.511465 0.468956
-0.775264 -2.155329 -0.253292 1.207571 13.250830 -1.544444 0.448126
-0.765908 -2.352541 -0.253098 1.314154 13.129127 -1.581432 0.430162
-0.751346 -2.523483 -0.247757 1.392502 13.021199 -1.622637 0.411132
-0.739063 -2.673519 -0.244464 1.446551 12.929025 -1.669646 0.393320
-0.648203 -2.867694 -0.174277 1.402207 12.699123 -1.815213 0.335013
-0.752443 -2.899884 -0.271985 1.487143 12.844055 -1.774057 0.378068
-0.741978 -2.992286 -0.269991 1.468446 12.797526 -1.841795 0.370541
-7.907252 -98.702836 -6.567406 1.972832 43.288124 -54.199031 -1.512032
-0.047041 -6.459189 0.400028 0.875936 11.835507 -4.346505 0.372798
-0.754735 -3.187136 -0.305967 1.291799 12.754634 -2.092561 0.370719
-0.721638 -3.385036 -0.289484 1.660870 12.324000 -1.922817 0.297230
-0.751616 -3.342880 -0.320915 1.235542 12.627092 -2.215644 0.355002
-0.755547 -3.339219 -0.332524 1.119880 12.636488 -2.308583 0.359670
-0.666975 -3.392056 -0.264343 0.913211 12.464006 -2.488560 0.315863
-0.775693 -3.395573 -0.366784 0.951285 12.632752 -2.468639 0.367303
-0.760995 -3.425301 -0.361099 0.862741 12.589862 -2.550874 0.362610
-0.740695 -3.535934 -0.354483 1.131929 12.239745 -2.400966 0.305918
-0.734082 -3.521558 -0.353756 0.760442 12.419075 -2.668782 0.336565
-0.722752 -3.503093 -0.351447 0.636121 12.388303 -2.755812 0.331771
-0.710565 -3.591796 -0.351584 0.885460 12.049559 -2.606943 0.277285
-0.704606 -3.604615 -0.353272 0.541334 12.170028 -2.869972 0.307525
-0.691362 -3.579693 -0.349285 0.408389 12.127552 -2.958723 0.303477
-0.674105 -3.574387 -0.341497 0.282954 12.071388 -3.046621 0.298262
-0.661451 -3.575767 -0.338424 0.165019 11.996174 -3.132238 0.291384
-0.641742 -3.558909 -0.328229 0.024755 11.934080 -3.224456 0.286638
-0.616878 -3.529283 -0.312807 -0.131683 11.880225 -3.321863 0.283240
-0.600244 -3.542796 -0.304861 0.047706 11.590703 -3.178280 0.224358
-0.553668 -3.483237 -0.268479 -0.384395 11.710233 -3.469822 0.261569
-0.515512 -3.406461 -0.239627 -0.583579 11.670000 -3.577378 0.257590
-0.461688 -3.335610 -0.197068 -0.792962 11.580299 -3.686333 0.248570
-0.428191 -3.323344 -0.172226 -0.637159 11.254320 -3.537297 0.178504
-0.383608 -3.322639 -0.141100 -1.046744 11.263631 -3.848520 0.226205
-0.334020 -3.258516 -0.102199 -1.247972 11.185739 -3.961612 0.220852
-0.279706 -3.209203 -0.058458 -1.440369 11.104497 -4.071815 0.214287
-0.128156 -3.206266 0.072460 -1.737053 10.800367 -4.270787 0.157103
-0.177529 -3.076344 0.025046 -1.832525 10.984072 -4.282042 0.211947
-0.117528 -3.060719 0.074836 -1.996932 10.847145 -4.388841 0.201213
-0.044826 -3.004396 0.137671 -2.200581 10.748928 -4.502409 0.192776
0.031603 -2.947125 0.204526 -2.404286 10.651934 -4.615198 0.184126
0.112410 -2.889559 0.275976 -2.610218 10.556123 -4.729167 0.175371
0.196752 -2.831873 0.351253 -2.816441 10.462295 -4.842974 0.166652
0.224577 -2.845018 0.377364 -2.612636 10.156311 -4.668536 0.096211
0.362265 -2.761502 0.500835 -3.109347 10.206291 -4.993479 0.129142
0.456142 -2.687155 0.586619 -3.333743 10.131776 -5.115898 0.124973
0.562696 -2.539882 0.685255 -3.479657 10.027332 -5.139749 0.117691
0.737855 -2.742634 0.844881 -3.966933 9.808704 -5.588267 0.082990
0.725832 -2.516377 0.835454 -3.893601 9.894890 -5.409552 0.102955
0.830283 -2.494418 0.933035 -4.072714 9.804992 -5.518970 0.096007
0.929344 -2.459699 1.025622 -4.251413 9.715683 -5.621369 0.087956
1.126271 -2.481024 1.208720 -4.587742 9.495778 -5.866085 0.056118
1.104454 -2.379714 1.190124 -4.564791 9.565514 -5.786798 0.075004
1.205424 -2.383103 1.285543 -4.710889 9.476898 -5.882294 0.067340
1.298738 -2.375656 1.373607 -4.852700 9.384115 -5.968473 0.057367
1.388438 -2.376237 1.458389 -4.980167 9.289564 -6.046861 0.046149
1.474296 -2.385784 1.539598 -5.092466 9.191913 -6.117061 0.033255
1.482563 -2.396497 1.555597 -4.918733 9.058601 -5.976580 0.009637
1.611877 -2.458187 1.671199 -5.178798 8.955759 -6.173461 -0.004667
-5.222039 -11.812779 -5.184263 9.213380 12.951032 -1.034678 0.322342
6.424531 -0.241573 6.465997 -9.943157 20.349817 -8.533954 1.508761
1.802126 -2.576014 1.851203 -5.315095 8.630437 -6.263278 -0.063350
1.848240 -2.643612 1.894452 -5.308953 8.502909 -6.263965 -0.088710
1.885711 -2.720701 1.929310 -5.282895 8.368833 -6.252637 -0.116167
1.914577 -2.806224 1.955811 -5.238477 8.228261 -6.229908 -0.145726
1.934233 -2.899186 1.973363 -5.176735 8.081395 -6.196265 -0.177057
2.012647 -2.905606 2.058274 -5.072879 7.979862 -6.050539 -0.255974
1.883743 -3.141066 1.923251 -4.876977 7.729896 -6.033525 -0.237896
1.904508 -3.204818 1.942682 -4.834275 7.635410 -5.990470 -0.269188
1.893265 -3.309792 1.930360 -4.734729 7.471817 -5.929859 -0.305241
1.875774 -3.414630 1.911983 -4.632861 7.305750 -5.866962 -0.341511
1.853424 -3.517720 1.888938 -4.532284 7.138602 -5.804066 -0.377619
1.827472 -3.618210 1.862449 -4.436648 6.971239 -5.744201 -0.412965
1.799203 -3.715349 1.833783 -4.349507 6.804956 -5.690606 -0.446777
1.770141 -3.808435 1.804458 -4.274346 6.641433 -5.646560 -0.478270
1.741746 -3.897154 1.775931 -4.214490 6.482543 -5.615709 -0.506474
1.715882 -3.981667 1.750022 -4.173838 6.330030 -5.602510 -0.530386
1.694314 -4.061906 1.728499 -4.155500 6.186488 -5.610761 -0.548984
1.679250 -4.138255 1.713535 -4.162742 6.054199 -5.644464 -0.561455
1.672146 -4.211140 1.706610 -4.197473 5.936292 -5.706945 -0.566713
1.674750 -4.281766 1.709440 -4.262079 5.835370 -5.802337 -0.563706
1.689127 -4.350521 1.724074 -4.357035 5.753923 -5.931510 -0.552484
1.821543 -4.440379 1.857166 -4.234590 5.040132 -6.258943 -0.536342
1.154091 -4.697064 1.194222 -4.359372 6.931955 -5.800123 -0.510663
1.808890 -4.553022 1.844952 -4.802366 5.644734 -6.509441 -0.471289
1.872984 -4.620310 1.909571 -4.985783 5.652770 -6.745917 -0.433003
1.945740 -4.686863 1.982972 -5.170977 5.678153 -6.985494 -0.393374
1.876271 -4.606549 1.926717 -4.904619 5.787007 -6.686682 -0.423787
2.052474 -4.798232 2.094120 -5.341237 5.734701 -7.251267 -0.351263
2.139354 -4.842115 2.182425 -5.512202 5.803064 -7.450406 -0.314370
2.203233 -4.895289 2.248032 -5.596022 5.834774 -7.565972 -0.295408
2.256415 -4.944187 2.303237 -5.641939 5.852705 -7.633325 -0.284381
2.296475 -4.988332 2.345686 -5.649496 5.854129 -7.651450 -0.280697
2.323101 -5.028851 2.375018 -5.623283 5.836565 -7.625733 -0.283011
2.336055 -5.065959 2.391026 -5.567609 5.800317 -7.561330 -0.289665
2.336033 -5.100650 2.394358 -5.488336 5.745439 -7.465618 -0.298976
2.323916 -5.133264 2.385912 -5.390461 5.673848 -7.344773 -0.309497
2.300995 -5.164770 2.366911 -5.279378 5.586188 -7.205910 -0.320160
2.180108 -5.080230 2.259887 -4.949650 5.673594 -6.808350 -0.312676
2.195074 -5.209209 2.271376 -4.945445 5.382551 -6.806230 -0.344995
2.164550 -5.227388 2.245578 -4.860662 5.295250 -6.673081 -0.340349
2.112318 -5.255868 2.197927 -4.735507 5.164258 -6.509919 -0.344664
1.974858 -5.161083 2.073961 -4.423644 5.234044 -6.112696 -0.310773
1.968589 -5.292362 2.065048 -4.424231 4.902149 -6.117119 -0.348899
1.906114 -5.348659 2.006354 -4.358000 4.739392 -6.027769 -0.347764
1.886002 -5.313809 1.991404 -4.257965 4.657554 -5.853278 -0.329223
1.809175 -5.383027 1.918258 -4.184493 4.469586 -5.784079 -0.337380
1.758532 -5.425869 1.871036 -4.130710 4.310051 -5.720786 -0.337519
1.715146 -5.477081 1.830591 -4.102026 4.150265 -5.697133 -0.339570
1.680807 -5.537839 1.798714 -4.100936 3.993733 -5.718112 -0.344029
1.656891 -5.608992 1.776816 -4.128491 3.844141 -5.786425 -0.351232
1.644254 -5.690697 1.765833 -4.183885 3.705257 -5.901250 -0.361163
1.642439 -5.781499 1.765443 -4.263093 3.581001 -6.056487 -0.373169
1.649747 -5.878679 1.774116 -4.359268 3.474439 -6.241053 -0.386086
1.663718 -5.978892 1.789558 -4.464050 3.386852 -6.440640 -0.398537
1.680640 -6.077579 1.808196 -4.567519 3.318545 -6.638917 -0.408858
1.598707 -6.238679 1.672366 -5.836665 6.515503 -7.947801 1.105876
1.218710 -6.079956 1.348587 -3.441649 2.813767 -5.541472 -0.613529
1.682161 -6.335375 1.818167 -4.690809 3.153782 -6.894700 -0.401974
1.673731 -6.330074 1.810967 -4.745262 3.218704 -7.079075 -0.392018
1.664693 -6.394292 1.805681 -4.764707 3.211774 -7.145084 -0.379983
1.654533 -6.439928 1.798525 -4.765630 3.194137 -7.166027 -0.367547
1.639482 -6.477670 1.786438 -4.753082 3.175539 -7.163177 -0.352985
1.620050 -6.508267 1.769860 -4.729212 3.154704 -7.140297 -0.336802
1.597130 -6.533116 1.749631 -4.696661 3.130360 -7.101598 -0.319581
1.571264 -6.552767 1.726237 -4.657384 3.102201 -7.050764 -0.301695
1.573160 -6.647221 1.731314 -4.659014 3.008336 -7.013893 -0.295873
1.513559 -6.560708 1.671813 -4.562465 3.039026 -6.920873 -0.264743
1.476144 -6.575508 1.636911 -4.509217 3.004894 -6.856545 -0.245257
1.444900 -6.583415 1.606945 -4.461158 2.958959 -6.788519 -0.228424
1.413466 -6.589690 1.576456 -4.414130 2.909268 -6.722427 -0.212510
1.382552 -6.595280 1.546160 -4.369518 2.855782 -6.660320 -0.197861
1.351960 -6.599777 1.515842 -4.327142 2.799553 -6.602426 -0.184291
1.322063 -6.603628 1.485877 -4.287553 2.740601 -6.549341 -0.171999
1.293099 -6.606900 1.456507 -4.250916 2.679433 -6.501223 -0.161010
1.264623 -6.608962 1.427280 -4.216296 2.617106 -6.456781 -0.150925
1.261388 -6.685740 1.424176 -4.228423 2.503441 -6.442241 -0.149481
1.210557 -6.593221 1.369741 -4.149464 2.494863 -6.374032 -0.133944
1.178321 -6.593105 1.336640 -4.112831 2.434899 -6.332393 -0.124339
1.154375 -6.565654 1.312258 -4.058998 2.364136 -6.294515 -0.115091
1.123673 -6.607920 1.278348 -4.075168 2.310112 -6.256882 -0.112054
1.101609 -6.576644 1.252497 -4.024398 2.244056 -6.216435 -0.104363
1.077483 -6.567635 1.225258 -3.995581 2.181331 -6.176852 -0.098929
1.054154 -6.556925 1.198512 -3.967024 2.119317 -6.136666 -0.094113
1.031647 -6.544563 1.172289 -3.938702 2.058117 -6.095863 -0.089916
1.009991 -6.530589 1.146623 -3.910596 1.997769 -6.054466 -0.086373
0.989469 -6.515521 1.121816 -3.883096 1.937938 -6.012901 -0.083667
0.969725 -6.498181 1.097496 -3.855469 1.879508 -5.970792 -0.081677
0.951345 -6.481308 1.074336 -3.828954 1.821037 -5.928440 -0.080202
0.933858 -6.462270 1.051788 -3.802246 1.763747 -5.885217 -0.079424
0.917061 -6.441901 1.029700 -3.775329 1.707594 -5.840849 -0.078906
0.901188 -6.420353 1.008316 -3.748303 1.652097 -5.795257 -0.078871
0.886076 -6.397635 0.987489 -3.721063 1.597645 -5.748434 -0.079024
0.871736 -6.373907 0.967247 -3.693563 1.543990 -5.700238 -0.079395
0.858063 -6.349070 0.947491 -3.665679 1.491325 -5.650668 -0.079869
0.844940 -6.323161 0.928108 -3.637305 1.439698 -5.599659 -0.080340
0.832414 -6.296302 0.909165 -3.608465 1.388952 -5.547261 -0.080874
0.820365 -6.268480 0.890552 -3.579110 1.339305 -5.493565 -0.081326
0.808887 -6.240019 0.872381 -3.549378 1.290444 -5.438651 -0.081769
0.797871 -6.210795 0.854543 -3.519219 1.242617 -5.382666 -0.082113
0.787293 -6.180927 0.837022 -3.488649 1.195708 -5.325656 -0.082381
0.786904 -6.207522 0.831195 -3.486929 1.127519 -5.273542 -0.068275
0.769477 -6.108762 0.803979 -3.426138 1.105623 -5.213558 -0.087990
0.755642 -6.076180 0.783646 -3.387766 1.064372 -5.146912 -0.085597
0.784755 -6.059046 0.813446 -3.357699 0.964488 -5.129969 -0.068002
0.678727 -6.006099 0.704737 -3.284108 1.009997 -4.978199 -0.109243
0.738851 -6.035478 0.746050 -3.321433 0.916799 -4.970797 -0.068754
0.665723 -5.848435 0.656272 -3.199007 0.997709 -4.877700 -0.037499
0.686249 -5.876984 0.672460 -3.182438 0.850922 -4.788854 -0.084252
0.633562 -5.764572 0.607860 -3.113703 0.938129 -4.735932 -0.021540
0.657877 -5.793624 0.626936 -3.103530 0.793571 -4.653931 -0.069565
0.661682 -5.771490 0.625143 -3.095471 0.780685 -4.634944 -0.060638
0.654344 -5.738488 0.609703 -3.063665 0.744773 -4.574617 -0.058183
0.647374 -5.705561 0.594562 -3.032142 0.709307 -4.514758 -0.055756
0.648103 -5.721702 0.588274 -3.027023 0.659152 -4.454821 -0.032975
0.636171 -5.631857 0.566149 -2.970492 0.641151 -4.404077 -0.056325
0.633929 -5.645316 0.557123 -2.958740 0.593287 -4.334983 -0.031850
0.571579 -5.470799 0.478058 -2.848651 0.668931 -4.259823 0.000206
0.593333 -5.495946 0.494907 -2.831032 0.541617 -4.166563 -0.045505
0.596111 -5.475660 0.491258 -2.824080 0.528488 -4.152223 -0.036138
0.590642 -5.444537 0.477243 -2.795207 0.497269 -4.096711 -0.032634
0.585497 -5.413781 0.463533 -2.766773 0.466308 -4.041955 -0.029528
0.580553 -5.383303 0.449998 -2.738754 0.435921 -3.988004 -0.026607
0.575900 -5.353240 0.436743 -2.711181 0.405816 -3.934801 -0.024111
0.571459 -5.323468 0.423688 -2.684015 0.376220 -3.882438 -0.021929
0.567216 -5.294005 0.410822 -2.657226 0.347088 -3.830823 -0.020035
0.563192 -5.264881 0.398176 -2.630827 0.318366 -3.779988 -0.018437
0.515279 -5.155860 0.335154 -2.561115 0.370986 -3.718908 0.032288
0.547707 -5.220525 0.362623 -2.567790 0.252726 -3.622243 0.009483
0.548871 -5.196067 0.356522 -2.564843 0.242852 -3.624191 0.013691
0.536106 -5.119665 0.335033 -2.512385 0.230967 -3.583814 -0.005832
0.530722 -5.090758 0.321178 -2.481023 0.204700 -3.525613 -0.003282
0.527141 -5.063923 0.309073 -2.457069 0.180279 -3.479247 0.000405
0.523737 -5.037448 0.297184 -2.433456 0.156266 -3.433545 0.004279
0.520514 -5.011367 0.285519 -2.410221 0.132683 -3.388562 0.008380
0.517465 -4.985667 0.274079 -2.387350 0.109523 -3.344281 0.012706
0.514604 -4.960358 0.262882 -2.364835 0.086748 -3.300694 0.017203
0.511820 -4.935246 0.251807 -2.342588 0.064562 -3.257801 0.022002
0.509675 -4.911405 0.241487 -2.321011 0.041823 -3.215440 0.026383
0.506950 -4.886543 0.230576 -2.299398 0.021103 -3.174302 0.031861
0.504701 -4.862531 0.220211 -2.277901 -0.000200 -3.132936 0.036895
-54.650360 171.933235 221.335546 114.569659 296.501928 104.776522 -367.759714
0.041395 -5.176364 -0.107569 -2.956260 1.713904 -4.288031 2.479330
0.498879 -4.792747 0.190517 -2.215660 -0.061519 -3.013587 0.052493
0.505552 -4.802782 0.187096 -2.212394 -0.096811 -2.962712 0.073100
0.494090 -4.741055 0.170982 -2.177038 -0.095463 -2.946950 0.060273
0.492768 -4.719265 0.161505 -2.150839 -0.117830 -2.899585 0.064445
0.491582 -4.697926 0.152754 -2.131419 -0.136778 -2.862584 0.069428
0.490579 -4.677016 0.144256 -2.112258 -0.155565 -2.826141 0.074181
0.489697 -4.656393 0.135956 -2.093310 -0.174076 -2.790328 0.078691
0.488975 -4.636146 0.127882 -2.074577 -0.192416 -2.755097 0.082896
0.487669 -4.642015 0.106556 -2.069961 -0.283537 -2.792597 0.059214
0.458236 -4.521032 0.096324 -2.013737 -0.106538 -2.664021 0.140005
0.483417 -4.565434 0.097214 -1.997683 -0.247525 -2.624756 0.099285
0.481262 -4.546892 0.090801 -1.995485 -0.251724 -2.617071 0.105607
0.480989 -4.528417 0.083484 -1.977988 -0.268403 -2.585171 0.109024
0.480853 -4.510393 0.076358 -1.960797 -0.284890 -2.554020 0.112173
0.451571 -4.430915 0.040360 -1.924569 -0.240318 -2.529781 0.147899
0.477858 -4.466919 0.056074 -1.907671 -0.319027 -2.470256 0.123060
0.475647 -4.448026 0.050007 -1.905160 -0.322167 -2.462169 0.128058
0.475753 -4.431601 0.043330 -1.889155 -0.337206 -2.434018 0.130904
0.476055 -4.415856 0.036880 -1.873522 -0.352235 -2.406564 0.133505
0.476459 -4.400573 0.030596 -1.858242 -0.367040 -2.379940 0.135884
0.476991 -4.386172 0.024488 -1.843908 -0.381680 -2.353480 0.138036
0.477660 -4.371449 0.018560 -1.828356 -0.396257 -2.329356 0.139976
0.452747 -4.299970 -0.011310 -1.796855 -0.356160 -2.310443 0.167284
0.476413 -4.334331 0.001824 -1.779156 -0.427250 -2.256007 0.148524
0.448951 -4.253523 -0.026507 -1.754388 -0.377329 -2.247052 0.175725
0.472086 -4.289081 -0.014056 -1.738084 -0.445827 -2.196147 0.158573
0.469314 -4.264491 -0.019430 -1.729924 -0.448207 -2.180872 0.161756
0.469310 -4.247127 -0.024951 -1.712266 -0.460907 -2.152987 0.163978
0.469415 -4.230401 -0.030319 -1.695049 -0.473391 -2.125944 0.166046
0.469592 -4.214206 -0.035527 -1.678206 -0.485582 -2.099785 0.167876
0.479556 -4.223283 -0.037389 -1.673809 -0.519790 -2.064132 0.177632
0.467108 -4.173931 -0.046355 -1.645652 -0.501391 -2.054636 0.169633
0.468979 -4.165052 -0.050953 -1.627023 -0.517215 -2.027116 0.170962
0.469493 -4.151233 -0.055613 -1.611889 -0.528455 -2.004073 0.172368
0.470109 -4.138013 -0.060126 -1.597128 -0.539552 -1.981689 0.173642
0.471344 -4.126648 -0.064020 -1.583108 -0.551663 -1.959744 0.174336
0.452246 -4.066320 -0.085032 -1.555200 -0.518271 -1.947288 0.190430
0.452097 -4.057309 -0.092499 -1.532540 -0.528960 -1.921258 0.194942
0.469254 -4.087452 -0.083555 -1.529578 -0.575642 -1.893555 0.184981
0.467216 -4.065571 -0.087782 -1.521927 -0.576669 -1.880924 0.186268
0.467827 -4.054712 -0.091923 -1.509037 -0.585658 -1.862336 0.187615
0.468479 -4.044261 -0.095953 -1.496420 -0.594463 -1.844219 0.188886
0.469135 -4.034115 -0.099887 -1.484027 -0.603011 -1.826565 0.190080
0.469811 -4.024318 -0.103725 -1.471852 -0.611366 -1.809313 0.191213
0.470517 -4.014876 -0.107457 -1.459894 -0.619559 -1.792423 0.192282
0.260546 -3.737004 0.544019 -0.339334 -0.233289 -1.222042 0.203902
0.357971 -4.105133 -0.247044 -1.687296 -0.730661 -2.078792 0.149497
0.472632 -3.988141 -0.118104 -1.425013 -0.642916 -1.743678 0.195117
0.473362 -3.979801 -0.121455 -1.413686 -0.650415 -1.727920 0.195942
0.474051 -3.971589 -0.124733 -1.402455 -0.657661 -1.712405 0.196710
0.474744 -3.963641 -0.127921 -1.391343 -0.664781 -1.697086 0.197418
0.475451 -3.955961 -0.131007 -1.380373 -0.671791 -1.681970 0.198045
0.460962 -3.912548 -0.145133 -1.358834 -0.643412 -1.677886 0.207042
0.476735 -3.949412 -0.139075 -1.354819 -0.685761 -1.652540 0.201787
0.475021 -3.930051 -0.142091 -1.346362 -0.685935 -1.640294 0.201892
0.475616 -3.923247 -0.144948 -1.336027 -0.692050 -1.626362 0.202454
0.476211 -3.916668 -0.147731 -1.325871 -0.698007 -1.612704 0.202974
0.476801 -3.910324 -0.150432 -1.315875 -0.703792 -1.599327 0.203439
0.477386 -3.904216 -0.153058 -1.306047 -0.709411 -1.586228 0.203862
0.477962 -3.898333 -0.155607 -1.296374 -0.714849 -1.573412 0.204239
0.478543 -3.892703 -0.158081 -1.286874 -0.720148 -1.560856 0.204587
0.479121 -3.887296 -0.160484 -1.277534 -0.725288 -1.548560 0.204903
0.479688 -3.882097 -0.162820 -1.268346 -0.730259 -1.536523 0.205189
0.480280 -3.877177 -0.165084 -1.259339 -0.735155 -1.524704 0.205455
0.480776 -3.872277 -0.167297 -1.250400 -0.739680 -1.513211 0.205661
0.481342 -3.867786 -0.169428 -1.241670 -0.744248 -1.501896 0.205848
0.481894 -3.863432 -0.171507 -1.233090 -0.748663 -1.490804 0.206018
0.482422 -3.859245 -0.173526 -1.224634 -0.752900 -1.479952 0.206148
0.482970 -3.855316 -0.175474 -1.216339 -0.757071 -1.469300 0.206240
0.483483 -3.851497 -0.177377 -1.208164 -0.761050 -1.458880 0.206306
0.483999 -3.847904 -0.179217 -1.200131 -0.764932 -1.448666 0.206337
0.491552 -3.869623 -0.203429 -1.223564 -0.788066 -1.433420 0.210809
0.497524 -3.825541 -0.169025 -1.148369 -0.769384 -1.381629 0.202824
0.485533 -3.838196 -0.184405 -1.176857 -0.775942 -1.419189 0.206255
0.486023 -3.835284 -0.186029 -1.169353 -0.779370 -1.409759 0.206167
0.486516 -3.832557 -0.187601 -1.161983 -0.782712 -1.400511 0.206053
0.487004 -3.829982 -0.189126 -1.154740 -0.785955 -1.391440 0.205919
0.487490 -3.827571 -0.190600 -1.147622 -0.789106 -1.382542 0.205757
0.487962 -3.825293 -0.192029 -1.140618 -0.792140 -1.373823 0.205572
0.488408 -3.823130 -0.193423 -1.133719 -0.795033 -1.365290 0.205374
0.488897 -3.821222 -0.194753 -1.126971 -0.797955 -1.356877 0.205146
0.479288 -3.801291 -0.200853 -1.113710 -0.775678 -1.359310 0.208073
0.489951 -3.828121 -0.198412 -1.114396 -0.803504 -1.343951 0.206118
0.488683 -3.815188 -0.199584 -1.106764 -0.801989 -1.335265 0.205384
0.489096 -3.813842 -0.200814 -1.100531 -0.804425 -1.327624 0.205186
0.489482 -3.812573 -0.202015 -1.094395 -0.806731 -1.320147 0.204978
0.489898 -3.811505 -0.203173 -1.088396 -0.809052 -1.312782 0.204757
0.490291 -3.810506 -0.204300 -1.082489 -0.811255 -1.305568 0.204522
0.490683 -3.809646 -0.205393 -1.076694 -0.813398 -1.298492 0.204276
0.491071 -3.808907 -0.206451 -1.071002 -0.815474 -1.291549 0.204015
0.491467 -3.808297 -0.207479 -1.065424 -0.817518 -1.284724 0.203748
0.491857 -3.807790 -0.208476 -1.059946 -0.819496 -1.278024 0.203468
0.492234 -3.807380 -0.209444 -1.054561 -0.821391 -1.271460 0.203180
0.492628 -3.807115 -0.210379 -1.049289 -0.823280 -1.264997 0.202881
0.493011 -3.806926 -0.211287 -1.044107 -0.825095 -1.258655 0.202573
0.493389 -3.806841 -0.212170 -1.039020 -0.826852 -1.252433 0.202259
0.493780 -3.806878 -0.213024 -1.034038 -0.828598 -1.246306 0.201939
0.494161 -3.806992 -0.213851 -1.029142 -0.830279 -1.240292 0.201608
0.494542 -3.807205 -0.214654 -1.024339 -0.831919 -1.234384 0.201271
0.494914 -3.807500 -0.215435 -1.019621 -0.833497 -1.228590 0.200929
0.495298 -3.807910 -0.216191 -1.015001 -0.835068 -1.222883 0.200581
0.495678 -3.808389 -0.216924 -1.010465 -0.836591 -1.217275 0.200228
0.496050 -3.808951 -0.217637 -1.006012 -0.838062 -1.211771 0.199870
0.496439 -3.809619 -0.218324 -1.001654 -0.839540 -1.206342 0.199506
0.496799 -3.810322 -0.218995 -0.997360 -0.840913 -1.201036 0.199138
0.497187 -3.811158 -0.219644 -0.993169 -0.842328 -1.195790 0.198768
0.497577 -3.812047 -0.220271 -0.989055 -0.843717 -1.190620 0.198391
0.497944 -3.812979 -0.220882 -0.985005 -0.845016 -1.185566 0.198011
0.498330 -3.814025 -0.221474 -0.981047 -0.846337 -1.180579 0.197628
0.498704 -3.815113 -0.222049 -0.977155 -0.847597 -1.175687 0.197240
0.499085 -3.816283 -0.222604 -0.973342 -0.848847 -1.170870 0.196848
0.499473 -3.817516 -0.223144 -0.969607 -0.850092 -1.166120 0.196456
0.499853 -3.818800 -0.223669 -0.965939 -0.851290 -1.161457 0.196061
0.500233 -3.820152 -0.224178 -0.962343 -0.852463 -1.156873 0.195666
0.500586 -3.821549 -0.224678 -0.958806 -0.853543 -1.152403 0.195274
0.501007 -3.823080 -0.225152 -0.955374 -0.854781 -1.147915 0.194874
0.501393 -3.824566 -0.225614 -0.951979 -0.855907 -1.143522 0.194473
0.501765 -3.826128 -0.226068 -0.948651 -0.856975 -1.139231 0.194076
0.502159 -3.827778 -0.226507 -0.945402 -0.858080 -1.134984 0.193678
0.502542 -3.829453 -0.226933 -0.942207 -0.859140 -1.130812 0.193279
0.502932 -3.831188 -0.227347 -0.939081 -0.860199 -1.126698 0.192880
0.503325 -3.832966 -0.227748 -0.936016 -0.861252 -1.122639 0.192479
0.503711 -3.834781 -0.228139 -0.933008 -0.862267 -1.118655 0.192080
0.504116 -3.836656 -0.228519 -0.930071 -0.863317 -1.114707 0.191682
0.504506 -3.838549 -0.228887 -0.927181 -0.864310 -1.110836 0.191281
0.504885 -3.840495 -0.229243 -0.924345 -0.865261 -1.107043 0.190879
0.505283 -3.842498 -0.229591 -0.921578 -0.866249 -1.103284 0.190481
0.505677 -3.844521 -0.229930 -0.918862 -0.867212 -1.099584 0.190083
0.506070 -3.846584 -0.230258 -0.916199 -0.868156 -1.095944 0.189685
0.506470 -3.848685 -0.230578 -0.913594 -0.869108 -1.092348 0.189288
0.506867 -3.850810 -0.230888 -0.911037 -0.870040 -1.088808 0.188891
0.507268 -3.852971 -0.231190 -0.908534 -0.870971 -1.085316 0.188495
0.507665 -3.855159 -0.231484 -0.906080 -0.871880 -1.081882 0.188099
0.508066 -3.857382 -0.231769 -0.903677 -0.872788 -1.078494 0.187705
0.508467 -3.859630 -0.232048 -0.901323 -0.873684 -1.075157 0.187312
0.846895 -3.464231 -0.332427 -1.130388 -1.971834 -0.335713 0.293533
0.517136 -3.919498 -0.228655 -0.908960 -0.866429 -1.112165 0.188043
0.509683 -3.866522 -0.232839 -0.894549 -0.876352 -1.065409 0.186143
0.510172 -3.869004 -0.233188 -0.892461 -0.877265 -1.062277 0.185761
0.510517 -3.871248 -0.233347 -0.890236 -0.878117 -1.059196 0.185378
0.510909 -3.873631 -0.233570 -0.888188 -0.878969 -1.056063 0.184991
0.511310 -3.876031 -0.233801 -0.886151 -0.879804 -1.053045 0.184611
0.511721 -3.878466 -0.234028 -0.884162 -0.880657 -1.050059 0.184233
0.512131 -3.880911 -0.234247 -0.882212 -0.881503 -1.047112 0.183857
0.512541 -3.883372 -0.234462 -0.880304 -0.882342 -1.044207 0.183483
0.512951 -3.885849 -0.234671 -0.878434 -0.883174 -1.041343 0.183110
0.513366 -3.888340 -0.234876 -0.876607 -0.884017 -1.038507 0.182740
0.513771 -3.890845 -0.235075 -0.874814 -0.884822 -1.035731 0.182372
0.514185 -3.893371 -0.235270 -0.873064 -0.885648 -1.032978 0.182005
0.514599 -3.895899 -0.235460 -0.871349 -0.886470 -1.030259 0.181641
0.515012 -3.898437 -0.235645 -0.869669 -0.887284 -1.027578 0.181278
0.515424 -3.900986 -0.235827 -0.868026 -0.888092 -1.024935 0.180918
0.515836 -3.903549 -0.236004 -0.866419 -0.888893 -1.022329 0.180559
0.516250 -3.906120 -0.236177 -0.864846 -0.889694 -1.019755 0.180203
0.516664 -3.908696 -0.236347 -0.863307 -0.890493 -1.017213 0.179849
0.517081 -3.911274 -0.236512 -0.861800 -0.891297 -1.014697 0.179495
0.517496 -3.913857 -0.236674 -0.860325 -0.892091 -1.012218 0.179145
0.517908 -3.916453 -0.236833 -0.858884 -0.892874 -1.009778 0.178798
0.518327 -3.919047 -0.236988 -0.857474 -0.893672 -1.007356 0.178452
0.518735 -3.921650 -0.237141 -0.856093 -0.894437 -1.004984 0.178110
0.519152 -3.924259 -0.237290 -0.854746 -0.895223 -1.002629 0.177770
0.519570 -3.926856 -0.237436 -0.853426 -0.896013 -1.000295 0.177431
0.519979 -3.929465 -0.237579 -0.852135 -0.896771 -0.998012 0.177096
0.520392 -3.932082 -0.237720 -0.850876 -0.897540 -0.995750 0.176764
0.520803 -3.934696 -0.237858 -0.849644 -0.898304 -0.993518 0.176433
0.521220 -3.937303 -0.237993 -0.848440 -0.899080 -0.991302 0.176105
0.521633 -3.939907 -0.238125 -0.847263 -0.899845 -0.989118 0.175779
0.522043 -3.942517 -0.238256 -0.846111 -0.900600 -0.986967 0.175455
0.522457 -3.945120 -0.238383 -0.844986 -0.901363 -0.984835 0.175133
0.522865 -3.947724 -0.238509 -0.843886 -0.902110 -0.982738 0.174813
0.523277 -3.950323 -0.238632 -0.842811 -0.902865 -0.980660 0.174495
0.523686 -3.952916 -0.238753 -0.841760 -0.903614 -0.978609 0.174180
0.524096 -3.955506 -0.238872 -0.840734 -0.904361 -0.976583 0.173866
0.524504 -3.958092 -0.238989 -0.839732 -0.905104 -0.974582 0.173556
0.524902 -3.960695 -0.239105 -0.838756 -0.905817 -0.972630 0.173249
0.525305 -3.963296 -0.239220 -0.837805 -0.906542 -0.970692 0.172944
0.525724 -3.965844 -0.239331 -0.836871 -0.907317 -0.968733 0.172639
0.526126 -3.968391 -0.239440 -0.835954 -0.908040 -0.966827 0.172337
0.526531 -3.970946 -0.239549 -0.835064 -0.908770 -0.964944 0.172038
0.526935 -3.973490 -0.239655 -0.834194 -0.909499 -0.963080 0.171740
0.527338 -3.976026 -0.239761 -0.833345 -0.910225 -0.961240 0.171446
0.527740 -3.978554 -0.239865 -0.832516 -0.910949 -0.959419 0.171154
0.528140 -3.981078 -0.239967 -0.831709 -0.911666 -0.957623 0.170865
0.528540 -3.983593 -0.240069 -0.830922 -0.912386 -0.955844 0.170579
0.528939 -3.986096 -0.240169 -0.830154 -0.913102 -0.954085 0.170296
0.529341 -3.988582 -0.240268 -0.829405 -0.913827 -0.952338 0.170016
0.529733 -3.991072 -0.240365 -0.828673 -0.914526 -0.950627 0.169738
0.530130 -3.993547 -0.240461 -0.827962 -0.915239 -0.948925 0.169463
0.530520 -3.996020 -0.240557 -0.827269 -0.915934 -0.947252 0.169191
0.530914 -3.998476 -0.240651 -0.826593 -0.916642 -0.945588 0.168921
0.531306 -4.000915 -0.240744 -0.825932 -0.917343 -0.943941 0.168653
0.531695 -4.003350 -0.240836 -0.825291 -0.918038 -0.942318 0.168387
0.532084 -4.005769 -0.240926 -0.824665 -0.918736 -0.940708 0.168124
0.532468 -4.008185 -0.241016 -0.824057 -0.919421 -0.939125 0.167863
0.532855 -4.010583 -0.241105 -0.823464 -0.920114 -0.937551 0.167604
0.533238 -4.012970 -0.241193 -0.822888 -0.920798 -0.935998 0.167347
0.533621 -4.015341 -0.241280 -0.822326 -0.921484 -0.934459 0.167092
0.534000 -4.017709 -0.241366 -0.821781 -0.922158 -0.932944 0.166841
0.534380 -4.020059 -0.241451 -0.821251 -0.922838 -0.931438 0.166591
0.534758 -4.022393 -0.241535 -0.820734 -0.923514 -0.929949 0.166343
0.535132 -4.024721 -0.241618 -0.820232 -0.924180 -0.928481 0.166098
0.535507 -4.027032 -0.241701 -0.819745 -0.924851 -0.927024 0.165855
0.535880 -4.029328 -0.241783 -0.819270 -0.925518 -0.925581 0.165615
0.536251 -4.031610 -0.241864 -0.818810 -0.926181 -0.924155 0.165378
0.536620 -4.033879 -0.241945 -0.818362 -0.926841 -0.922744 0.165142
0.536986 -4.036138 -0.242025 -0.817928 -0.927496 -0.921349 0.164910
0.537353 -4.038375 -0.242103 -0.817505 -0.928154 -0.919964 0.164679
0.537714 -4.040613 -0.242182 -0.817098 -0.928796 -0.918604 0.164451
0.538075 -4.042833 -0.242260 -0.816702 -0.929443 -0.917254 0.164226
0.538434 -4.045038 -0.242337 -0.816319 -0.930084 -0.915918 0.164003
0.538794 -4.047220 -0.242413 -0.815946 -0.930731 -0.914589 0.163782
0.539149 -4.049392 -0.242489 -0.815585 -0.931367 -0.913279 0.163563
0.539503 -4.051555 -0.242564 -0.815236 -0.931999 -0.911985 0.163347
0.539855 -4.053700 -0.242639 -0.814898 -0.932631 -0.910701 0.163133
0.540205 -4.055831 -0.242713 -0.814571 -0.933258 -0.909432 0.162922
0.540554 -4.057939 -0.242787 -0.814253 -0.933887 -0.908170 0.162712
0.540900 -4.060034 -0.242859 -0.813944 -0.934508 -0.906925 0.162504
0.541242 -4.062126 -0.242931 -0.813648 -0.935118 -0.905701 0.162298
0.541584 -4.064195 -0.243003 -0.813361 -0.935732 -0.904483 0.162095
0.541500 -4.070437 -0.242530 -0.817814 -0.936926 -0.900477 0.161892
0.542365 -4.068992 -0.243251 -0.813608 -0.937059 -0.901620 0.161700
0.542598 -4.070309 -0.243216 -0.812559 -0.937555 -0.900901 0.161500
0.542931 -4.072320 -0.243286 -0.812311 -0.938155 -0.899732 0.161307
0.543263 -4.074318 -0.243355 -0.812074 -0.938752 -0.898575 0.161117
0.543587 -4.076324 -0.243424 -0.811847 -0.939327 -0.897446 0.160928
0.543923 -4.078265 -0.243494 -0.811626 -0.939944 -0.896290 0.160744
0.544249 -4.080200 -0.243561 -0.811410 -0.940536 -0.895159 0.160560
0.544570 -4.082143 -0.243629 -0.811207 -0.941112 -0.894053 0.160379
0.544893 -4.084058 -0.243697 -0.811010 -0.941698 -0.892947 0.160199
0.545211 -4.085967 -0.243763 -0.810822 -0.942270 -0.891860 0.160022
0.545529 -4.087855 -0.243830 -0.810640 -0.942844 -0.890780 0.159846
0.545843 -4.089730 -0.243896 -0.810467 -0.943413 -0.889712 0.159673
0.546156 -4.091588 -0.243961 -0.810302 -0.943980 -0.888653 0.159502
0.546467 -4.093434 -0.244026 -0.810144 -0.944543 -0.887606 0.159333
0.546795 -4.095357 -0.244109 -0.810055 -0.945135 -0.886492 0.159171
0.547084 -4.097078 -0.244155 -0.809848 -0.945662 -0.885540 0.159003
0.547384 -4.098889 -0.244219 -0.809714 -0.946204 -0.884533 0.158840
0.547688 -4.100666 -0.244283 -0.809582 -0.946759 -0.883521 0.158679
0.568004 -4.041658 -0.261587 -0.739201 -0.943217 -0.833167 0.174844
0.549209 -4.098522 -0.238031 -0.805040 -0.931719 -0.867895 0.163547
0.548582 -4.105925 -0.244471 -0.809227 -0.948382 -0.880562 0.158210
0.548876 -4.107645 -0.244534 -0.809122 -0.948920 -0.879594 0.158057
0.549167 -4.109361 -0.244595 -0.809024 -0.949447 -0.878641 0.157906
0.549457 -4.111056 -0.244657 -0.808931 -0.949976 -0.877693 0.157758
0.549744 -4.112736 -0.244718 -0.808843 -0.950500 -0.876756 0.157611
0.550046 -4.114485 -0.244794 -0.808816 -0.951049 -0.875760 0.157469
0.550314 -4.116054 -0.244838 -0.808684 -0.951539 -0.874907 0.157324
0.550594 -4.117685 -0.244899 -0.808612 -0.952053 -0.873995 0.157183
0.550873 -4.119310 -0.244958 -0.808546 -0.952561 -0.873095 0.157044
0.551150 -4.120916 -0.245018 -0.808484 -0.953069 -0.872201 0.156907
0.551424 -4.122511 -0.245077 -0.808427 -0.953571 -0.871318 0.156772
0.551697 -4.124088 -0.245135 -0.808375 -0.954071 -0.870442 0.156639
0.551967 -4.125654 -0.245193 -0.808328 -0.954566 -0.869576 0.156508
0.552235 -4.127206 -0.245251 -0.808285 -0.955058 -0.868719 0.156378
0.552501 -4.128746 -0.245309 -0.808247 -0.955545 -0.867872 0.156251
0.552765 -4.130267 -0.245366 -0.808213 -0.956031 -0.867030 0.156125
0.553027 -4.131776 -0.245423 -0.808184 -0.956513 -0.866198 0.156000
0.553286 -4.133272 -0.245479 -0.808158 -0.956991 -0.865375 0.155878
0.553544 -4.134754 -0.245535 -0.808137 -0.957467 -0.864559 0.155757
0.553800 -4.136218 -0.245591 -0.808119 -0.957940 -0.863749 0.155638
0.554054 -4.137670 -0.245646 -0.808104 -0.958409 -0.862950 0.155520
0.554305 -4.139113 -0.245701 -0.808094 -0.958871 -0.862160 0.155404
0.554554 -4.140538 -0.245756 -0.808086 -0.959333 -0.861376 0.155289
0.554800 -4.141959 -0.245810 -0.808083 -0.959784 -0.860605 0.155175
0.555047 -4.143348 -0.245864 -0.808081 -0.960244 -0.859833 0.155065
0.555289 -4.144733 -0.245917 -0.808083 -0.960694 -0.859073 0.154955
0.555531 -4.146105 -0.245970 -0.808088 -0.961141 -0.858321 0.154847
0.555769 -4.147464 -0.246023 -0.808097 -0.961584 -0.857577 0.154740
0.556007 -4.148808 -0.246076 -0.808108 -0.962025 -0.856839 0.154635
0.556242 -4.150138 -0.246128 -0.808122 -0.962462 -0.856109 0.154532
0.556475 -4.151460 -0.246180 -0.808139 -0.962894 -0.855388 0.154430
0.556706 -4.152766 -0.246231 -0.808159 -0.963325 -0.854672 0.154329
0.556935 -4.154060 -0.246283 -0.808181 -0.963752 -0.853965 0.154231
0.557162 -4.155341 -0.246334 -0.808206 -0.964175 -0.853264 0.154133
0.557396 -4.156699 -0.246391 -0.808312 -0.964596 -0.852492 0.154038
0.557617 -4.157823 -0.246433 -0.808254 -0.965031 -0.851866 0.153945
0.557832 -4.159090 -0.246484 -0.808288 -0.965426 -0.851202 0.153849
0.558051 -4.160324 -0.246534 -0.808322 -0.965835 -0.850531 0.153756
0.558269 -4.161538 -0.246583 -0.808357 -0.966243 -0.849865 0.153665
0.558484 -4.162742 -0.246632 -0.808394 -0.966645 -0.849207 0.153576
0.558698 -4.163933 -0.246681 -0.808433 -0.967045 -0.848555 0.153488
0.558910 -4.165111 -0.246729 -0.808474 -0.967443 -0.847909 0.153402
0.559120 -4.166281 -0.246777 -0.808517 -0.967836 -0.847272 0.153317
0.559328 -4.167435 -0.246825 -0.808561 -0.968226 -0.846640 0.153233
0.559533 -4.168578 -0.246872 -0.808607 -0.968613 -0.846015 0.153150
0.559738 -4.169708 -0.246919 -0.808653 -0.968996 -0.845396 0.153068
0.559940 -4.170825 -0.246966 -0.808702 -0.969376 -0.844784 0.152988
0.560140 -4.171934 -0.247012 -0.808752 -0.969752 -0.844179 0.152908
0.560339 -4.173027 -0.247058 -0.808803 -0.970127 -0.843579 0.152831
0.560536 -4.174111 -0.247104 -0.808856 -0.970498 -0.842985 0.152754
0.560731 -4.175182 -0.247150 -0.808910 -0.970866 -0.842398 0.152679
0.560925 -4.176244 -0.247195 -0.808966 -0.971232 -0.841816 0.152605
0.561116 -4.177295 -0.247240 -0.809023 -0.971593 -0.841241 0.152532
0.561306 -4.178334 -0.247285 -0.809081 -0.971952 -0.840672 0.152461
0.561494 -4.179363 -0.247329 -0.809141 -0.972307 -0.840109 0.152390
0.561681 -4.180377 -0.247373 -0.809200 -0.972661 -0.839551 0.152321
0.561865 -4.181384 -0.247417 -0.809261 -0.973010 -0.839000 0.152252
0.562048 -4.182381 -0.247460 -0.809323 -0.973355 -0.838455 0.152184
0.562229 -4.183366 -0.247503 -0.809386 -0.973698 -0.837916 0.152118
0.562408 -4.184339 -0.247546 -0.809449 -0.974038 -0.837382 0.152052
0.562586 -4.185301 -0.247588 -0.809513 -0.974376 -0.836853 0.151988
0.562762 -4.186252 -0.247630 -0.809578 -0.974710 -0.836330 0.151924
0.562936 -4.187194 -0.247672 -0.809644 -0.975042 -0.835813 0.151862
0.563109 -4.188124 -0.247713 -0.809710 -0.975371 -0.835300 0.151800
0.563280 -4.189048 -0.247755 -0.809777 -0.975696 -0.834795 0.151739
0.563450 -4.189958 -0.247795 -0.809845 -0.976019 -0.834293 0.151680
0.563618 -4.190858 -0.247836 -0.809914 -0.976340 -0.833797 0.151621
0.563783 -4.191753 -0.247876 -0.809983 -0.976656 -0.833308 0.151563
0.563948 -4.192631 -0.247916 -0.810052 -0.976971 -0.832822 0.151506
0.564111 -4.193501 -0.247955 -0.810121 -0.977282 -0.832342 0.151450
0.564272 -4.194364 -0.247995 -0.810190 -0.977589 -0.831869 0.151394
0.564432 -4.195213 -0.248034 -0.810260 -0.977895 -0.831399 0.151340
0.564590 -4.196055 -0.248072 -0.810330 -0.978197 -0.830935 0.151286
0.564747 -4.196888 -0.248111 -0.810401 -0.978497 -0.830476 0.151234
0.564904 -4.197699 -0.248149 -0.810470 -0.978800 -0.830016 0.151183
0.565056 -4.198522 -0.248187 -0.810543 -0.979090 -0.829570 0.151131
0.565209 -4.199325 -0.248224 -0.810615 -0.979384 -0.829124 0.151082
0.565360 -4.200123 -0.248262 -0.810687 -0.979673 -0.828684 0.151033
0.565509 -4.200909 -0.248299 -0.810759 -0.979960 -0.828248 0.150985
0.565657 -4.201687 -0.248336 -0.810832 -0.980244 -0.827818 0.150937
0.565803 -4.202457 -0.248372 -0.810904 -0.980525 -0.827392 0.150890
0.565949 -4.203216 -0.248408 -0.810977 -0.980805 -0.826969 0.150845
0.566092 -4.203969 -0.248444 -0.811050 -0.981081 -0.826553 0.150799
0.566234 -4.204713 -0.248480 -0.811123 -0.981354 -0.826141 0.150755
0.566375 -4.205447 -0.248515 -0.811195 -0.981626 -0.825732 0.150711
0.566514 -4.206173 -0.248550 -0.811268 -0.981895 -0.825329 0.150668
0.566652 -4.206890 -0.248585 -0.811341 -0.982161 -0.824929 0.150626
0.566788 -4.207602 -0.248619 -0.811415 -0.982424 -0.824536 0.150584
0.566924 -4.208301 -0.248654 -0.811487 -0.982686 -0.824144 0.150543
0.567058 -4.208995 -0.248687 -0.811560 -0.982944 -0.823758 0.150502
0.567190 -4.209680 -0.248721 -0.811633 -0.983201 -0.823376 0.150463
0.567321 -4.210357 -0.248755 -0.811705 -0.983455 -0.822998 0.150424
0.567451 -4.211028 -0.248788 -0.811778 -0.983706 -0.822625 0.150385
0.567580 -4.211687 -0.248820 -0.811851 -0.983956 -0.822254 0.150348
0.567707 -4.212343 -0.248853 -0.811923 -0.984202 -0.821889 0.150310
0.567833 -4.212989 -0.248885 -0.811996 -0.984447 -0.821527 0.150274
0.567958 -4.213628 -0.248917 -0.812068 -0.984690 -0.821170 0.150238
0.568081 -4.214259 -0.248949 -0.812140 -0.984930 -0.820815 0.150202
0.568203 -4.214883 -0.248981 -0.812212 -0.985168 -0.820465 0.150168
0.568324 -4.215501 -0.249012 -0.812284 -0.985402 -0.820120 0.150133
0.568444 -4.216111 -0.249043 -0.812356 -0.985635 -0.819778 0.150100
0.568563 -4.216712 -0.249073 -0.812427 -0.985867 -0.819439 0.150067
0.568680 -4.217308 -0.249104 -0.812498 -0.986094 -0.819105 0.150034
0.568796 -4.217896 -0.249134 -0.812568 -0.986320 -0.818774 0.150002
0.568910 -4.218475 -0.249164 -0.812638 -0.986544 -0.818447 0.149970
0.569024 -4.219049 -0.249193 -0.812708 -0.986766 -0.818124 0.149939
0.569136 -4.219615 -0.249223 -0.812777 -0.986986 -0.817803 0.149909
0.569248 -4.220175 -0.249252 -0.812847 -0.987203 -0.817487 0.149879
0.569358 -4.220730 -0.249281 -0.812916 -0.987418 -0.817175 0.149849
0.569467 -4.221275 -0.249310 -0.812985 -0.987632 -0.816865 0.149820
0.569575 -4.221814 -0.249338 -0.813053 -0.987844 -0.816558 0.149792
0.569682 -4.222350 -0.249366 -0.813122 -0.988052 -0.816256 0.149764
0.569788 -4.222877 -0.249394 -0.813190 -0.988260 -0.815957 0.149737
0.569892 -4.223399 -0.249422 -0.813258 -0.988465 -0.815661 0.149710
0.569996 -4.223915 -0.249450 -0.813326 -0.988667 -0.815369 0.149683
0.570099 -4.224421 -0.249477 -0.813392 -0.988870 -0.815078 0.149658
0.570200 -4.224924 -0.249504 -0.813459 -0.989069 -0.814792 0.149633
0.570300 -4.225422 -0.249531 -0.813526 -0.989265 -0.814510 0.149607
0.570400 -4.225911 -0.249558 -0.813591 -0.989461 -0.814229 0.149583
0.570498 -4.226397 -0.249584 -0.813657 -0.989654 -0.813953 0.149558
0.570595 -4.226875 -0.249610 -0.813722 -0.989845 -0.813679 0.149534
0.570692 -4.227347 -0.249636 -0.813787 -0.990035 -0.813408 0.149511
0.570787 -4.227816 -0.249662 -0.813852 -0.990222 -0.813141 0.149488
0.570881 -4.228277 -0.249687 -0.813916 -0.990408 -0.812876 0.149465
0.570975 -4.228733 -0.249712 -0.813980 -0.990591 -0.812615 0.149443
0.571067 -4.229183 -0.249737 -0.814043 -0.990774 -0.812356 0.149421
0.571158 -4.229628 -0.249762 -0.814106 -0.990954 -0.812100 0.149400
0.571249 -4.230070 -0.249787 -0.814169 -0.991131 -0.811848 0.149378
0.571338 -4.230502 -0.249811 -0.814231 -0.991309 -0.811597 0.149358
0.571427 -4.230933 -0.249835 -0.814293 -0.991483 -0.811350 0.149337
0.571514 -4.231357 -0.249859 -0.814354 -0.991655 -0.811106 0.149317
0.571601 -4.231774 -0.249883 -0.814415 -0.991827 -0.810864 0.149298
0.571687 -4.232189 -0.249907 -0.814476 -0.991996 -0.810625 0.149278
0.571771 -4.232596 -0.249930 -0.814536 -0.992164 -0.810389 0.149259
0.571855 -4.233000 -0.249953 -0.814595 -0.992329 -0.810156 0.149240
0.571938 -4.233397 -0.249976 -0.814655 -0.992494 -0.809924 0.149222
0.572020 -4.233791 -0.249998 -0.814714 -0.992657 -0.809696 0.149204
0.572102 -4.234180 -0.250021 -0.814772 -0.992817 -0.809471 0.149186
0.572182 -4.234562 -0.250043 -0.814830 -0.992978 -0.809247 0.149169
0.572262 -4.234942 -0.250065 -0.814888 -0.993135 -0.809026 0.149152
0.572341 -4.235316 -0.250087 -0.814945 -0.993292 -0.808808 0.149135
0.572419 -4.235686 -0.250109 -0.815002 -0.993447 -0.808592 0.149118
0.572496 -4.236052 -0.250130 -0.815059 -0.993600 -0.808379 0.149102
0.572572 -4.236412 -0.250152 -0.815115 -0.993752 -0.808167 0.149087
0.572647 -4.236770 -0.250173 -0.815171 -0.993901 -0.807959 0.149071
0.572722 -4.237121 -0.250194 -0.815226 -0.994050 -0.807752 0.149056
0.572796 -4.237469 -0.250214 -0.815281 -0.994197 -0.807548 0.149041
0.572869 -4.237812 -0.250235 -0.815335 -0.994343 -0.807346 0.149026
0.572941 -4.238152 -0.250255 -0.815390 -0.994486 -0.807147 0.149011
0.573013 -4.238487 -0.250275 -0.815443 -0.994629 -0.806950 0.148997
0.573083 -4.238818 -0.250295 -0.815496 -0.994770 -0.806755 0.148983
0.573154 -4.239144 -0.250315 -0.815549 -0.994910 -0.806562 0.148970
0.573223 -4.239467 -0.250335 -0.815602 -0.995048 -0.806372 0.148956
0.573291 -4.239786 -0.250354 -0.815654 -0.995185 -0.806183 0.148943
0.573359 -4.240101 -0.250373 -0.815705 -0.995320 -0.805997 0.148930
0.573426 -4.240411 -0.250392 -0.815756 -0.995454 -0.805813 0.148917
0.573492 -4.240717 -0.250411 -0.815807 -0.995587 -0.805631 0.148905
0.573558 -4.241022 -0.250430 -0.815858 -0.995718 -0.805451 0.148893
0.573623 -4.241321 -0.250448 -0.815908 -0.995848 -0.805273 0.148881
0.573687 -4.241617 -0.250467 -0.815957 -0.995976 -0.805097 0.148869
0.573751 -4.241909 -0.250485 -0.816006 -0.996104 -0.804923 0.148857
0.573813 -4.242197 -0.250503 -0.816055 -0.996230 -0.804751 0.148846
0.573876 -4.242481 -0.250521 -0.816104 -0.996354 -0.804581 0.148835
0.573937 -4.242763 -0.250538 -0.816152 -0.996478 -0.804413 0.148824
0.573998 -4.243041 -0.250556 -0.816199 -0.996600 -0.804247 0.148813
0.574058 -4.243313 -0.250573 -0.816246 -0.996721 -0.804082 0.148803
0.574118 -4.243585 -0.250590 -0.816293 -0.996840 -0.803920 0.148792
0.574176 -4.243854 -0.250607 -0.816340 -0.996958 -0.803760 0.148782
0.574235 -4.244118 -0.250624 -0.816386 -0.997075 -0.803601 0.148772
0.574292 -4.244378 -0.250641 -0.816431 -0.997191 -0.803444 0.148762
0.574349 -4.244635 -0.250658 -0.816476 -0.997306 -0.803288 0.148753
0.574406 -4.244890 -0.250674 -0.816521 -0.997420 -0.803135 0.148744
0.574461 -4.245142 -0.250690 -0.816566 -0.997531 -0.802984 0.148734
0.574516 -4.245391 -0.250706 -0.816610 -0.997642 -0.802834 0.148725
0.574570 -4.245641 -0.250722 -0.816654 -0.997749 -0.802688 0.148714
0.574625 -4.245876 -0.250738 -0.816697 -0.997862 -0.802539 0.148708
0.574679 -4.246115 -0.250754 -0.816740 -0.997970 -0.802394 0.148699
0.574731 -4.246351 -0.250769 -0.816783 -0.998076 -0.802251 0.148691
0.574784 -4.246583 -0.250784 -0.816825 -0.998181 -0.802109 0.148683
0.574835 -4.246813 -0.250799 -0.816866 -0.998285 -0.801969 0.148674
0.574886 -4.247039 -0.250814 -0.816907 -0.998388 -0.801831 0.148666
0.574937 -4.247263 -0.250829 -0.816948 -0.998490 -0.801694 0.148659
0.574987 -4.247484 -0.250844 -0.816989 -0.998591 -0.801559 0.148651
0.575036 -4.247703 -0.250859 -0.817029 -0.998691 -0.801426 0.148643
0.575085 -4.247919 -0.250873 -0.817069 -0.998790 -0.801294 0.148636
0.575133 -4.248131 -0.250887 -0.817109 -0.998888 -0.801163 0.148629
0.575181 -4.248342 -0.250902 -0.817148 -0.998984 -0.801034 0.148622
0.575229 -4.248549 -0.250916 -0.817187 -0.999080 -0.800906 0.148615
0.575275 -4.248755 -0.250930 -0.817225 -0.999175 -0.800780 0.148608
0.575322 -4.248957 -0.250943 -0.817263 -0.999269 -0.800656 0.148602
0.575367 -4.249157 -0.250957 -0.817301 -0.999362 -0.800532 0.148595
0.575413 -4.249354 -0.250971 -0.817339 -0.999454 -0.800410 0.148589
0.575457 -4.249549 -0.250984 -0.817376 -0.999544 -0.800290 0.148583
0.575502 -4.249741 -0.250997 -0.817412 -0.999634 -0.800171 0.148577
0.598531 -4.302053 -0.266953 -0.841790 -1.036017 -0.816275 0.152138
0.575771 -4.250234 -0.251045 -0.817112 -1.000202 -0.800087 0.148627
0.575632 -4.250304 -0.251036 -0.817521 -0.999898 -0.799822 0.148559
0.575674 -4.250487 -0.251049 -0.817556 -0.999984 -0.799708 0.148553
0.575716 -4.250668 -0.251061 -0.817591 -1.000068 -0.799596 0.148548
0.575757 -4.250846 -0.251074 -0.817626 -1.000153 -0.799485 0.148543
0.575798 -4.251022 -0.251086 -0.817660 -1.000236 -0.799375 0.148537
0.575839 -4.251195 -0.251099 -0.817694 -1.000319 -0.799266 0.148532
0.575879 -4.251368 -0.251111 -0.817728 -1.000400 -0.799159 0.148527
0.575919 -4.251537 -0.251123 -0.817761 -1.000481 -0.799053 0.148522
0.575958 -4.251704 -0.251135 -0.817794 -1.000561 -0.798948 0.148517
0.575997 -4.251869 -0.251146 -0.817827 -1.000640 -0.798845 0.148512
0.702587 -4.684908 -0.367296 0.021231 -1.523211 -1.395042 0.205090
0.575738 -4.251935 -0.251001 -0.819869 -0.999897 -0.798622 0.148349
0.576111 -4.252352 -0.251181 -0.817924 -1.000872 -0.798541 0.148499
0.576148 -4.252509 -0.251192 -0.817955 -1.000948 -0.798442 0.148494
0.576154 -4.252862 -0.251199 -0.817992 -1.000894 -0.798420 0.148403
0.576226 -4.252777 -0.251215 -0.818017 -1.001122 -0.798234 0.148503
0.576262 -4.252928 -0.251226 -0.818047 -1.001193 -0.798139 0.148498
0.576297 -4.253079 -0.251237 -0.818077 -1.001265 -0.798044 0.148494
0.576332 -4.253228 -0.251248 -0.818107 -1.001336 -0.797951 0.148489
0.576367 -4.253375 -0.251258 -0.818137 -1.001407 -0.797859 0.148485
0.576401 -4.253520 -0.251269 -0.818167 -1.001476 -0.797768 0.148480
0.571624 -4.138516 -0.231547 -0.995674 -0.925620 -1.266968 0.139936
0.577204 -4.255783 -0.250491 -0.821722 -1.001134 -0.802937 0.148512
0.576507 -4.253909 -0.251301 -0.818253 -1.001703 -0.797489 0.148484
0.576539 -4.254047 -0.251311 -0.818281 -1.001768 -0.797403 0.148479
0.576571 -4.254185 -0.251321 -0.818309 -1.001834 -0.797317 0.148475
0.576603 -4.254321 -0.251331 -0.818337 -1.001898 -0.797232 0.148470
0.576635 -4.254455 -0.251341 -0.818365 -1.001962 -0.797149 0.148466
0.576666 -4.254586 -0.251350 -0.818392 -1.002026 -0.797065 0.148462
0.576698 -4.254711 -0.251360 -0.818419 -1.002092 -0.796981 0.148460
0.576702 -4.255008 -0.251366 -0.818449 -1.002041 -0.796965 0.148377
0.576762 -4.254942 -0.251380 -0.818472 -1.002232 -0.796812 0.148464
0.576792 -4.255068 -0.251389 -0.818498 -1.002291 -0.796734 0.148460
0.576821 -4.255195 -0.251398 -0.818524 -1.002350 -0.796656 0.148455
0.576850 -4.255319 -0.251407 -0.818550 -1.002408 -0.796580 0.148450
0.576879 -4.255442 -0.251416 -0.818576 -1.002466 -0.796504 0.148446
0.576907 -4.255564 -0.251425 -0.818601 -1.002523 -0.796429 0.148441
0.576935 -4.255684 -0.251434 -0.818626 -1.002579 -0.796355 0.148437
0.576939 -4.255948 -0.251439 -0.818652 -1.002534 -0.796338 0.148362
0.576994 -4.255890 -0.251452 -0.818676 -1.002708 -0.796200 0.148442
0.577021 -4.256006 -0.251461 -0.818699 -1.002761 -0.796129 0.148438
0.577048 -4.256121 -0.251469 -0.818724 -1.002814 -0.796059 0.148433
0.577074 -4.256235 -0.251478 -0.818748 -1.002867 -0.795990 0.148428
0.577100 -4.256348 -0.251486 -0.818771 -1.002918 -0.795921 0.148423
0.577126 -4.256459 -0.251494 -0.818795 -1.002969 -0.795854 0.148419
0.577129 -4.256702 -0.251499 -0.818818 -1.002927 -0.795838 0.148347
0.577180 -4.256651 -0.251511 -0.818841 -1.003087 -0.795712 0.148423
0.577204 -4.256759 -0.251519 -0.818863 -1.003135 -0.795648 0.148418
0.577229 -4.256866 -0.251527 -0.818886 -1.003183 -0.795584 0.148413
0.577253 -4.256972 -0.251534 -0.818908 -1.003230 -0.795521 0.148408
0.577276 -4.257076 -0.251542 -0.818930 -1.003277 -0.795458 0.148403
0.577300 -4.257180 -0.251550 -0.818952 -1.003323 -0.795397 0.148398
0.577323 -4.257282 -0.251557 -0.818973 -1.003368 -0.795336 0.148393
0.577346 -4.257383 -0.251565 -0.818995 -1.003413 -0.795276 0.148388
0.575497 -4.239137 -0.251789 -0.806934 -0.997428 -0.749196 0.161423
0.577372 -4.257649 -0.251576 -0.819014 -1.003420 -0.795139 0.148348
0.577419 -4.257631 -0.251587 -0.819057 -1.003574 -0.795086 0.148398
0.577440 -4.257728 -0.251594 -0.819078 -1.003615 -0.795030 0.148392
0.577461 -4.257826 -0.251601 -0.819098 -1.003656 -0.794974 0.148387
0.577482 -4.257922 -0.251608 -0.819118 -1.003696 -0.794919 0.148381
0.577503 -4.258016 -0.251615 -0.819138 -1.003736 -0.794865 0.148375
0.577523 -4.258110 -0.251622 -0.819158 -1.003775 -0.794812 0.148370
0.577543 -4.258203 -0.251628 -0.819177 -1.003813 -0.794759 0.148364
0.577563 -4.258295 -0.251635 -0.819196 -1.003851 -0.794708 0.148358
0.930004 -4.351720 -0.702105 -0.712137 -0.796897 -1.024630 0.139833
0.577514 -4.259026 -0.251560 -0.818996 -1.003106 -0.795533 0.148396
0.577628 -4.258517 -0.251655 -0.819251 -1.003992 -0.794537 0.148362
0.577648 -4.258604 -0.251662 -0.819270 -1.004030 -0.794487 0.148357
0.577650 -4.258787 -0.251665 -0.819286 -1.003994 -0.794476 0.148298
0.577688 -4.258752 -0.251675 -0.819306 -1.004116 -0.794383 0.148359
0.577706 -4.258835 -0.251681 -0.819324 -1.004151 -0.794335 0.148354
0.577708 -4.259013 -0.251684 -0.819339 -1.004115 -0.794325 0.148295
0.577729 -4.259074 -0.251691 -0.819357 -1.004163 -0.794272 0.148301
0.577799 -4.258821 -0.251704 -0.819370 -1.004421 -0.794101 0.148459
0.577790 -4.259081 -0.251707 -0.819392 -1.004339 -0.794120 0.148373
0.577791 -4.259251 -0.251710 -0.819407 -1.004306 -0.794110 0.148316
0.577827 -4.259220 -0.251719 -0.819426 -1.004418 -0.794024 0.148373
0.577844 -4.259298 -0.251724 -0.819443 -1.004450 -0.793980 0.148367
0.577845 -4.259462 -0.251727 -0.819457 -1.004416 -0.793971 0.148312
0.577864 -4.259519 -0.251733 -0.819473 -1.004460 -0.793922 0.148317
0.577883 -4.259576 -0.251739 -0.819489 -1.004503 -0.793874 0.148322
0.732951 -4.877547 -0.432892 0.193228 -1.669630 -1.706394 0.210373
0.577862 -4.259586 -0.251737 -0.819985 -1.004505 -0.793901 0.148356
0.577957 -4.259646 -0.251760 -0.819539 -1.004703 -0.793690 0.148390
0.577972 -4.259719 -0.251765 -0.819554 -1.004732 -0.793650 0.148384
0.577987 -4.259792 -0.251770 -0.819569 -1.004760 -0.793610 0.148378
0.578002 -4.259864 -0.251776 -0.819584 -1.004787 -0.793571 0.148372
0.578017 -4.259936 -0.251781 -0.819599 -1.004814 -0.793533 0.148366
0.578031 -4.260006 -0.251786 -0.819614 -1.004840 -0.793495 0.148359
0.578074 -4.259897 -0.251795 -0.819626 -1.004987 -0.793391 0.148440
0.578066 -4.260111 -0.251796 -0.819642 -1.004916 -0.793407 0.148364
0.578067 -4.260252 -0.251799 -0.819654 -1.004886 -0.793399 0.148314
0.578096 -4.260230 -0.251807 -0.819671 -1.004979 -0.793329 0.148362
0.578110 -4.260295 -0.251811 -0.819685 -1.005004 -0.793294 0.148356
0.575256 -4.268700 -0.262855 -0.827343 -1.023207 -0.810583 0.153095
0.578131 -4.260428 -0.251834 -0.819717 -1.005076 -0.793230 0.148345
0.578175 -4.260326 -0.251829 -0.819724 -1.005187 -0.793128 0.148420
0.585395 -4.224362 -0.255701 -0.784105 -0.991576 -0.763310 0.157057
0.578178 -4.260516 -0.251739 -0.819726 -1.004876 -0.792972 0.148398
0.578193 -4.260645 -0.251840 -0.819765 -1.005168 -0.793077 0.148338
0.578194 -4.260770 -0.251842 -0.819774 -1.005140 -0.793070 0.148292
0.578208 -4.260815 -0.251847 -0.819787 -1.005172 -0.793034 0.148295
0.578222 -4.260860 -0.251851 -0.819800 -1.005203 -0.792998 0.148298
0.578248 -4.260842 -0.251858 -0.819816 -1.005284 -0.792938 0.148340
0.578259 -4.260901 -0.251862 -0.819828 -1.005304 -0.792907 0.148334
0.578294 -4.260815 -0.251870 -0.819840 -1.005425 -0.792822 0.148403
0.578310 -4.260847 -0.251874 -0.819852 -1.005464 -0.792782 0.148411
0.578303 -4.261021 -0.251876 -0.819864 -1.005404 -0.792795 0.148345
0.578315 -4.261076 -0.251880 -0.819876 -1.005425 -0.792766 0.148340
0.578315 -4.261188 -0.251882 -0.819884 -1.005399 -0.792760 0.148297
0.578328 -4.261228 -0.251886 -0.819896 -1.005428 -0.792727 0.148300
0.578351 -4.261213 -0.251892 -0.819911 -1.005501 -0.792672 0.148339
0.705845 -4.491728 -0.280127 -1.069302 -1.387433 -0.653094 0.185545
0.578485 -4.261903 -0.251906 -0.820233 -1.005781 -0.792719 0.148357
0.578382 -4.261371 -0.251903 -0.819944 -1.005555 -0.792592 0.148321
0.578392 -4.261422 -0.251907 -0.819954 -1.005573 -0.792566 0.148316
0.578392 -4.261526 -0.251909 -0.819961 -1.005546 -0.792562 0.148275
0.578413 -4.261513 -0.251914 -0.819975 -1.005614 -0.792512 0.148311
0.578413 -4.261615 -0.251916 -0.819982 -1.005587 -0.792508 0.148270
0.578444 -4.261532 -0.251923 -0.819994 -1.005699 -0.792434 0.148338
0.578439 -4.261669 -0.251924 -0.820004 -1.005652 -0.792443 0.148285
0.578450 -4.261707 -0.251928 -0.820014 -1.005675 -0.792415 0.148286
0.578481 -4.261628 -0.251935 -0.820026 -1.005783 -0.792344 0.148351
0.578495 -4.261646 -0.251939 -0.820037 -1.005821 -0.792308 0.148364
0.578490 -4.261777 -0.251940 -0.820046 -1.005777 -0.792316 0.148312
0.578501 -4.261814 -0.251943 -0.820056 -1.005799 -0.792289 0.148313
0.578530 -4.261740 -0.251950 -0.820068 -1.005902 -0.792221 0.148376
0.578525 -4.261866 -0.251951 -0.820076 -1.005859 -0.792228 0.148325
0.578535 -4.261902 -0.251955 -0.820086 -1.005880 -0.792203 0.148326
0.578564 -4.261832 -0.251961 -0.820098 -1.005979 -0.792137 0.148387
0.578577 -4.261850 -0.251965 -0.820108 -1.006015 -0.792103 0.148398
0.578591 -4.261867 -0.251969 -0.820119 -1.006050 -0.792070 0.148409
0.578604 -4.261885 -0.251973 -0.820129 -1.006086 -0.792037 0.148420
0.613731 -4.238443 -0.278887 -0.944612 -0.987568 -0.820318 0.145159
0.578639 -4.262032 -0.251975 -0.820164 -1.006128 -0.792014 0.148381
0.578619 -4.262069 -0.251981 -0.820154 -1.006087 -0.791994 0.148372
0.578629 -4.262103 -0.251984 -0.820163 -1.006107 -0.791970 0.148372
0.578638 -4.262137 -0.251987 -0.820172 -1.006126 -0.791947 0.148372
0.578647 -4.262170 -0.251990 -0.820181 -1.006144 -0.791924 0.148371
0.578656 -4.262204 -0.251993 -0.820189 -1.006162 -0.791902 0.148370
0.578665 -4.262238 -0.251996 -0.820198 -1.006179 -0.791880 0.148368
0.578681 -4.262233 -0.252001 -0.820210 -1.006229 -0.791842 0.148394
0.578696 -4.262226 -0.252005 -0.820218 -1.006274 -0.791803 0.148413
0.578691 -4.262331 -0.252005 -0.820223 -1.006235 -0.791812 0.148368
0.578699 -4.262364 -0.252008 -0.820231 -1.006251 -0.791791 0.148366
0.578707 -4.262397 -0.252011 -0.820239 -1.006266 -0.791771 0.148363
0.578715 -4.262431 -0.252014 -0.820247 -1.006280 -0.791752 0.148361
0.578722 -4.262464 -0.252016 -0.820254 -1.006294 -0.791733 0.148358
0.578729 -4.262497 -0.252019 -0.820262 -1.006307 -0.791714 0.148354
0.578736 -4.262531 -0.252022 -0.820269 -1.006320 -0.791696 0.148351
0.578743 -4.262564 -0.252024 -0.820276 -1.006331 -0.791679 0.148347
0.578764 -4.262518 -0.252029 -0.820287 -1.006405 -0.791630 0.148393
0.578774 -4.262537 -0.252032 -0.820295 -1.006428 -0.791607 0.148398
0.578783 -4.262557 -0.252035 -0.820303 -1.006450 -0.791584 0.148402
0.578778 -4.262653 -0.252036 -0.820307 -1.006413 -0.791591 0.148359
0.578785 -4.262685 -0.252038 -0.820314 -1.006424 -0.791575 0.148355
0.578791 -4.262717 -0.252040 -0.820320 -1.006434 -0.791559 0.148350
0.578796 -4.262751 -0.252043 -0.820326 -1.006442 -0.791545 0.148344
0.578803 -4.262778 -0.252045 -0.820333 -1.006454 -0.791528 0.148342
0.578810 -4.262805 -0.252047 -0.820340 -1.006467 -0.791511 0.148341
0.578816 -4.262831 -0.252050 -0.820346 -1.006480 -0.791494 0.148339
0.578823 -4.262856 -0.252052 -0.820353 -1.006493 -0.791478 0.148338
0.578829 -4.262881 -0.252054 -0.820359 -1.006506 -0.791462 0.148337
0.578836 -4.262905 -0.252057 -0.820366 -1.006519 -0.791445 0.148336
0.578842 -4.262929 -0.252059 -0.820372 -1.006532 -0.791429 0.148336
0.578849 -4.262951 -0.252061 -0.820378 -1.006546 -0.791413 0.148335
0.578855 -4.262973 -0.252063 -0.820384 -1.006559 -0.791397 0.148335
0.578862 -4.262995 -0.252066 -0.820390 -1.006573 -0.791381 0.148335
0.578868 -4.263016 -0.252068 -0.820396 -1.006587 -0.791365 0.148336
0.578874 -4.263036 -0.252070 -0.820402 -1.006600 -0.791349 0.148336
0.578881 -4.263055 -0.252072 -0.820408 -1.006615 -0.791333 0.148337
0.578887 -4.263074 -0.252074 -0.820414 -1.006629 -0.791317 0.148338
0.578894 -4.263092 -0.252077 -0.820420 -1.006643 -0.791301 0.148340
0.578900 -4.263110 -0.252079 -0.820426 -1.006658 -0.791285 0.148341
0.578907 -4.263127 -0.252081 -0.820432 -1.006672 -0.791269 0.148343
0.578913 -4.263143 -0.252083 -0.820438 -1.006687 -0.791253 0.148345
0.578920 -4.263158 -0.252085 -0.820443 -1.006703 -0.791237 0.148348
0.578926 -4.263173 -0.252087 -0.820449 -1.006718 -0.791221 0.148350
0.578933 -4.263187 -0.252090 -0.820454 -1.006734 -0.791204 0.148353
0.578939 -4.263201 -0.252092 -0.820460 -1.006749 -0.791188 0.148356
0.578946 -4.263214 -0.252094 -0.820465 -1.006765 -0.791172 0.148359
0.578952 -4.263226 -0.252096 -0.820471 -1.006782 -0.791155 0.148363
0.578713 -4.264455 -0.252052 -0.820355 -1.005738 -0.791645 0.147451
